32934	230000000
714	207620000
16509	204140000
8075	139640000
13335	124280000
54113	92410000
20940	88985000
22822	67200000
16276	56230000
6939	42685000
46489	41740000
17676	39070000
6805	30540000
33891	28660000
7342	25500000
3209	23950000
31334	23400000
39386	20791000
2516	19665000
6461	17282000
3356	16992000
9498	16100000
64049	15970000
2497	15890000
328058	15000000
19679	13840000
4230	13680000
8447	13500000
29990	13280000
2119	13060000
28604	12990000
25506	12990000
9002	11825000
20115	11590000
15169	11190000
12389	11100000
6667	10985000
49544	10637000
1136	10600000
2856	10500000
5650	10390000
63293	10320000
8966	10164000
3216	10015000
2635	9910000
4181	9886000
2518	9830000
2914	9240000
8473	9180000
4637	9170000
226	9150000
38022	9000000
1267	8951500
12552	8850000
41095	8573000
5607	8550000
17511	8330000
6730	8205000
15133	8200000
6830	8180010
55391	8040000
9009	7910000
5578	7590000
5400	7554000
265950	7411000
21320	7344000
8359	7080000
12874	6820000
20485	6630000
12989	6500000
2527	6470000
2514	6410000
36408	6366000
5410	6300000
6774	6287000
25933	6264000
57344	6240000
36459	6020000
34756	6000000
328045	6000000
6327	5945000
2686	5865000
5089	5850000
29314	5790000
16086	5780000
15435	5720000
13285	5680000
12189	5655000
680	5615000
2907	5604000
2818	5590000
2603	5550000
56478	5530000
38634	5500000
4760	5400000
58453	5310000
61832	5274060
6079	5250000
1103	5180000
15557	5140000
1547	5140000
52320	5140000
7843	5090000
22356	5005000
47541	4880000
45899	4860000
12713	4800000
15412	4795000
15305	4780000
11164	4660000
16591	4650000
28663	4564000
13030	4560000
61955	4540020
38082	4530000
5645	4520000
1273	4500000
18734	4500000
23620	4500000
32098	4425000
52580	4364000
15704	4250000
12322	4200000
35228	4200000
4556	4200000
9304	4162000
132164	4132000
37447	4004000
11260	4000000
270346	4000000
6507	3970000
6509	3925000
46786	3910000
13768	3768000
3292	3700000
23393	3615000
11404	3600000
12430	3600000
37100	3550000
24203	3500000
24785	3500000
3265	3450000
36692	3435300
20880	3420000
2510	3400000
9121	3380000
9534	3380000
327693	3348000
25192	3346000
786	3300000
62041	3300000
30722	3300000
39651	3291000
9824	3290000
12083	3270000
1257	3250500
5588	3210000
812	3210000
202276	3210000
29535	3170000
668	3150000
2711	3120000
42708	3120000
23520	3110000
14413	3105000
40356	3100000
8717	3080000
19151	3070000
7575	3030000
16637	3030000
27381	3020000
5432	3000000
6661	3000000
262206	3000000
15962	3000000
11888	3000000
38091	2940000
9318	2835000
3630	2800000
137872	2800000
55818	2726500
20504	2700000
15802	2700000
28368	2694000
4739	2680000
23563	2620000
23576	2550000
4800	2545000
18403	2520000
34224	2517500
35320	2510000
12714	2502500
12479	2500000
43531	2426000
42525	2415000
5378	2410000
50384	2400000
9680	2400000
34984	2380000
3255	2360000
47377	2360000
9269	2342000
8529	2317000
37271	2310000
8426	2305000
26615	2300000
5713	2290210
6057	2270000
37662	2250000
13760	2230000
11232	2200000
59605	2175000
5413	2160000
47764	2160000
264144	2160000
1741	2130000
7738	2115000
13037	2110000
132203	2100000
23184	2090000
30600	2080000
30517	2070000
2851	2050000
15542	2000000
22646	2000000
139023	2000000
12849	1980000
205216	1970000
53180	1960000
12200	1950000
7029	1950000
109	1950000
40788	1950000
7195	1950000
7155	1930000
31500	1920000
4766	1910000
8657	1910000
3327	1892000
4134	1890000
23881	1890000
34867	1880000
52941	1880000
31027	1870000
702	1867500
9505	1865000
3741	1846200
13445	1846000
9050	1840000
13489	1830000
197595	1830000
4648	1820000
46450	1820000
2828	1800000
58073	1800000
393565	1800000
38895	1800000
3491	1792000
6128	1770000
2116	1745000
38880	1740000
18081	1730000
28580	1683000
36089	1680000
31655	1680000
6768	1680000
396253	1675000
62887	1660000
200981	1660000
4713	1650000
293	1650000
11269	1650000
48237	1635000
4761	1626000
23473	1614000
14630	1610000
262503	1608000
2852	1600000
7545	1600000
6614	1580000
47605	1575000
10474	1530000
50304	1530000
40428	1520000
17072	1520000
3601	1500000
33362	1500000
58682	1500000
28146	1500000
49378	1500000
28343	1473000
197790	1470000
17451	1468000
28126	1460000
13170	1455000
4685	1450000
25180	1440000
55900	1440000
43727	1430000
53013	1430000
15600	1420000
9930	1420000
196925	1420000
14282	1413000
15224	1410000
61449	1410000
28260	1400000
132825	1400000
47582	1400000
30094	1395000
30844	1383000
34218	1380000
14868	1376250
2906	1370000
62955	1360000
137922	1360000
17639	1358000
9723	1350000
10143	1350000
39608	1350000
6697	1350000
2559	1350000
21245	1340000
64050	1340000
18705	1320000
29119	1320000
16904	1320000
44050	1306000
31939	1300000
24748	1300000
267056	1300000
10026	1291140
27471	1284000
24115	1280000
9231	1277000
11686	1260000
4773	1260000
8455	1260000
200455	1260000
38883	1258000
52871	1250000
263903	1250000
7795	1240000
262740	1240000
39326	1237000
8220	1236000
35753	1235000
30781	1230000
6866	1230000
52925	1230000
52840	1230000
53766	1221000
35407	1220000
17559	1215000
262355	1214000
25358	1212000
22689	1212000
28158	1211000
26415	1205000
39202	1200000
7552	1200000
33915	1200000
10030	1200000
766	1200000
62	1200000
54183	1200000
54312	1200000
27715	1200000
63221	1200000
201641	1200000
59027	1200000
20943	1200000
6465	1200000
202425	1200000
9116	1190000
21976	1190000
262287	1180020
28338	1180000
19009	1180000
36062	1180000
8781	1170000
2611	1170000
2110	1160000
38622	1150000
12353	1150000
61400	1150000
266470	1149880
53162	1148000
54133	1140000
30081	1140000
18106	1131000
33132	1120000
263327	1102000
7473	1100000
9595	1100000
5009	1100000
263297	1100000
101	1100000
6908	1099000
2860	1090000
27475	1090000
58507	1082000
5603	1080000
263073	1080000
23404	1080000
6412	1075000
9354	1073000
18121	1070000
3786	1070000
26801	1070000
62904	1060000
200020	1055000
45158	1054000
852	1050000
29550	1050000
577	1050000
24940	1050000
13124	1050000
25512	1050000
38790	1050000
8095	1050000
4651	1050000
4258	1030000
43332	1030000
23148	1007000
26162	1006000
703	1002700
1680	1000000
5483	1000000
43205	1000000
33438	1000000
59930	1000000
209222	1000000
7418	1000000
28598	1000000
8632	990000
136106	989000
39832	980000
28716	975000
45780	972000
25885	970000
9500	970000
15830	965000
12392	960000
7679	960000
30990	960000
2687	957000
24033	950000
12956	944000
23889	942000
37153	940000
262848	938000
12731	937500
21574	927000
262659	925000
4788	920400
9924	918900
21385	918000
53158	910000
265937	910000
44053	906400
2152	901400
21502	900000
9070	900000
29695	900000
43646	900000
21321	900000
32184	900000
38819	900000
45204	900000
6848	900000
49685	900000
7415	900000
6471	900000
6407	899000
36924	897000
39912	890000
38858	890000
17709	880000
5769	870000
41798	860000
37168	855000
132132	850000
262729	850000
262773	846000
48919	841000
7992	840000
6181	840000
28171	840000
35213	840000
9031	830000
12871	830000
8462	830000
6922	820000
62044	820000
35432	816000
5511	810000
9365	810000
262428	810000
9342	810000
49477	800000
43561	798000
137	793000
11758	790000
46	790000
51500	790000
41998	780000
138132	777000
13189	775000
13193	765000
26803	765000
49158	760000
263665	760000
719	760000
23693	760000
22616	760000
31272	754800
206819	751000
559	750000
25899	750000
13249	750000
7632	750000
34700	750000
17941	750000
42830	750000
197482	750000
19324	750000
35362	750000
327987	750000
266989	750000
50473	750000
262778	745000
264668	744000
28624	740000
36040	740000
262807	739500
7862	737000
9729	736000
52005	734000
39642	730000
13576	720000
17885	720000
8452	710000
36236	710000
10310	700000
19108	700000
12129	700000
133612	700000
263080	700000
9605	700000
37282	685000
58601	680000
137831	680000
15419	678000
27988	678000
14026	675000
7670	670000
262468	670000
62668	670000
7049	660000
58530	660000
11979	660000
14969	659000
11814	655000
34244	653000
53184	650960
9667	650000
63242	650000
45558	650000
43668	650000
136743	650000
10036	650000
26554	649000
9902	645000
30419	640000
42000	640000
131917	640000
51069	640000
20144	638000
24130	630000
12678	630000
51852	630000
327991	630000
267469	630000
34305	630000
53065	625000
19165	624000
4635	622000
12041	621000
21371	620000
4787	620000
22724	620000
30838	620000
52551	618050
28202	617000
3267	616500
6067	615000
15958	615000
36937	612000
58580	611000
9650	610000
28331	610000
132296	610000
1828	608000
38466	604000
6447	600200
23498	600000
27524	600000
8365	600000
29422	600000
11096	600000
17819	600000
25577	600000
39102	600000
36351	600000
39704	600000
20845	600000
60339	600000
31242	600000
8535	600000
15517	600000
1424	600000
13147	600000
8866	600000
41678	600000
28666	600000
28267	600000
8448	600000
19996	600000
18260	600000
41164	600000
35193	600000
48166	600000
15085	600000
58209	600000
47242	600000
25255	600000
48634	600000
54998	600000
22147	600000
8445	600000
5403	600000
10118	600000
17054	600000
197451	600000
56038	600000
202023	600000
3261	600000
17012	600000
61102	600000
132680	600000
48620	600000
50204	600000
44735	600000
28576	600000
13807	600000
27919	600000
40526	600000
3754	600000
28554	600000
30818	600000
6307	600000
135262	600000
266167	600000
55182	600000
27925	600000
20347	600000
50129	600000
49374	600000
9044	596000
52579	595000
14492	594000
16302	591000
25668	590000
24703	590000
264215	590000
266931	590000
4657	586000
3320	585000
47481	583000
27747	580000
18182	580000
262476	580000
12709	580000
58941	580000
64220	580000
54827	580000
9299	574000
45638	574000
17924	570000
50643	570000
38333	570000
53037	570000
49824	570000
27589	565000
37417	561000
35717	560000
5391	560000
21413	560000
58243	560000
53240	560000
44416	560000
28649	560000
56444	560000
41206	560000
11666	559000
32286	559000
8308	558000
44843	555000
28330	552000
10098	551500
26496	550000
24751	550000
10158	550000
7600	550000
3300	549000
41018	545000
14340	540200
34610	540000
1241	540000
18278	540000
197888	540000
262664	540000
26446	540000
8674	535000
8968	535000
30041	530000
28229	530000
262760	530000
52696	530000
265399	530000
262731	530000
17922	525000
44684	520000
56396	520000
28191	520000
35745	520000
26120	520000
38987	520000
47422	513000
24324	510000
16570	510000
17583	510000
43729	510000
136557	506000
136784	505000
263421	502000
38107	500000
21232	500000
40029	500000
15502	500000
37693	500000
44066	500000
10010	500000
262865	497000
13000	497000
12859	495000
1239	495000
33011	495000
7782	490000
60169	490000
11550	490000
16110	490000
64315	483000
41552	481000
134697	480800
8487	480400
14361	480000
12310	480000
16700	480000
7311	480000
28665	480000
56258	480000
59384	480000
35761	480000
63290	480000
41194	480000
25019	480000
47872	480000
10003	477000
17665	476500
37678	476000
20121	473000
9264	472000
22691	471000
24916	470000
29009	470000
20773	470000
24277	470000
28125	470000
21488	470000
63516	470000
133403	470000
12847	470000
267484	470000
45352	469500
3701	465000
8399	465000
3262	465000
17547	465000
31463	465000
199319	465000
6677	460000
16735	460000
10029	460000
56931	460000
263616	460000
7385	460000
15377	460000
57866	459000
9749	457000
18283	456000
30539	455000
11142	455000
38327	455000
12654	451500
10835	451500
701	450000
2381	450000
237	450000
6695	450000
2529	450000
12306	450000
40511	450000
36944	450000
39605	450000
11403	450000
26163	450000
9008	450000
48918	450000
1406	450000
8530	450000
33083	450000
25148	450000
18268	450000
34056	450000
39545	450000
36012	450000
26677	450000
36280	450000
10302	450000
2614	450000
55569	450000
23786	450000
47708	450000
47264	450000
36222	450000
35805	450000
38651	450000
262403	450000
13825	450000
61374	450000
52752	450000
51409	450000
9993	450000
3128	450000
10578	450000
63270	450000
3252	450000
262485	450000
9834	450000
53078	450000
394497	450000
9029	450000
16851	450000
36734	450000
36873	450000
30028	450000
42981	450000
41508	450000
18747	450000
48956	450000
35434	450000
196729	450000
202103	450000
202196	450000
29107	450000
18255	450000
39251	450000
21808	450000
8819	450000
202409	450000
131937	450000
39507	450000
205139	450000
7475	449400
262847	443000
21777	441000
23930	440000
59900	440000
1422	440000
20459	440000
8540	440000
1836	435000
9957	435000
199503	435000
3257	430000
41420	430000
9997	430000
53152	430000
43656	430000
61157	430000
34120	430000
45269	430000
45011	430000
132215	424000
21409	420000
6473	420000
44788	420000
17534	420000
45031	420000
23089	420000
30950	420000
27955	420000
1659	420000
327901	420000
9457	420000
31898	420000
15598	420000
37697	420000
49290	417500
9246	415000
12693	412500
7713	412000
35575	412000
18450	410000
262505	410000
39444	410000
13896	409000
3302	405000
38758	405000
47195	403000
39899	400160
19318	400000
7671	400000
37613	400000
34058	400000
131912	400000
52468	400000
39551	400000
131934	400000
136907	400000
59783	400000
376	400000
4780	399000
13370	390000
59536	390000
13009	390000
18200	390000
17882	390000
3225	390000
52751	390000
28370	390000
37892	390000
134139	390000
133120	390000
22697	390000
396356	390000
13122	388000
15763	386500
37358	384000
224	383000
28166	380000
54329	380000
19189	380000
7162	380000
262343	380000
26133	380000
266448	375000
4818	370000
23783	370000
56308	370000
55329	370000
23114	370000
262444	370000
10002	370000
23778	370000
133930	370000
132770	369000
61189	368000
58057	368000
52937	365000
262532	362496
9297	361000
60474	360400
37105	360000
12387	360000
40220	360000
16243	360000
56329	360000
263055	360000
55785	360000
22363	360000
4557	360000
23704	360000
59460	360000
1759	360000
50050	360000
35640	360000
41275	360000
19889	358000
42	357400
197727	357000
16839	356000
6663	354000
59699	353200
42456	352500
28201	352000
31727	350000
22742	350000
5541	350000
6679	350000
24572	350000
41096	350000
202004	350000
199408	350000
21367	350000
32233	350000
13786	350000
210278	350000
38322	346000
12350	345000
37150	345000
26613	345000
20910	342000
32217	342000
34803	340000
8544	340000
56030	340000
24709	340000
11835	340000
23314	340000
21559	340000
61323	340000
10021	336000
38861	336000
37254	335000
4770	332000
28258	331000
34245	330000
24852	330000
50629	330000
262434	330000
327698	330000
52908	330000
28145	330000
204053	330000
32505	330000
204222	330000
51060	330000
53147	330000
44646	330000
37468	330000
15399	325000
62040	322560
56828	322000
53115	322000
55720	321000
18150	320000
15440	320000
10094	320000
54665	320000
26479	320000
52689	320000
42504	320000
327984	320000
263880	320000
40317	320000
50083	320000
35709	320000
137280	320000
56309	320000
6799	320000
37611	320000
132255	319000
58307	318000
25818	317700
10490	315000
7752	315000
16586	315000
27008	315000
4844	315000
16371	315000
13243	315000
4628	315000
22772	315000
25460	315000
57353	315000
50272	315000
262516	315000
28978	315000
262441	315000
49102	315000
199723	315000
200889	315000
11014	315000
60191	315000
51018	314000
264493	314000
197113	312000
8343	311000
28349	310000
37515	310000
9146	310000
28605	310000
199250	310000
35614	310000
37028	308800
200539	308000
1280	307000
51706	306000
23105	306000
7610	304540
262854	304000
9293	303000
263482	303000
24183	302000
39184	302000
53187	302000
266211	302000
9435	302000
9245	301400
23678	301000
12996	301000
55805	301000
8607	300000
15422	300000
25441	300000
25309	300000
35028	300000
3605	300000
8897	300000
27552	300000
6315	300000
15366	300000
16713	300000
30914	300000
25761	300000
12312	300000
31477	300000
16082	300000
5467	300000
20161	300000
8732	300000
2544	300000
2044	300000
21221	300000
12969	300000
855	300000
34594	300000
8608	300000
13868	300000
35819	300000
36416	300000
8057	300000
48971	300000
8903	300000
17514	300000
1930	300000
32869	300000
8896	300000
11030	300000
50295	300000
34555	300000
18678	300000
15474	300000
9186	300000
49788	300000
50821	300000
17955	300000
59835	300000
34456	300000
394739	300000
7642	300000
8821	300000
55480	300000
47155	300000
10297	300000
21099	300000
62047	300000
5619	300000
35017	300000
50606	300000
10973	300000
13730	300000
1251	300000
23316	300000
19169	300000
14265	300000
51243	300000
18129	300000
43833	300000
46043	300000
393223	300000
3333	300000
18978	300000
17506	300000
60955	300000
20836	300000
10019	300000
22799	300000
28224	300000
28667	300000
11815	300000
8055	300000
28668	300000
7057	300000
37596	300000
26609	300000
12338	300000
62752	300000
61231	300000
32204	300000
393523	300000
62715	300000
36112	300000
263311	300000
53597	300000
57864	300000
44356	300000
26292	300000
199860	300000
12670	300000
197013	300000
10733	300000
13739	300000
11468	300000
6994	300000
31950	300000
54527	300000
11924	300000
262696	300000
11280	300000
17310	300000
24611	300000
6325	300000
63124	300000
20952	300000
28310	300000
20850	300000
14627	300000
46435	300000
33713	300000
263535	300000
4809	300000
41046	300000
23669	300000
9615	300000
202119	300000
24249	300000
58589	300000
25083	300000
44914	300000
37439	300000
134053	300000
20717	300000
20715	300000
200852	300000
38924	300000
22442	300000
12735	300000
54290	300000
29866	300000
11240	300000
18419	300000
6122	300000
13977	300000
47438	300000
262457	300000
35205	300000
56890	300000
62499	300000
27618	300000
41549	300000
32212	300000
48793	300000
27216	300000
17726	300000
202895	300000
15669	300000
264437	300000
56282	300000
61584	300000
51619	300000
198537	300000
41026	300000
200594	300000
198948	300000
197667	300000
24271	300000
198418	300000
28545	300000
47254	300000
58863	300000
34092	300000
60860	300000
43509	300000
198525	300000
52106	300000
51636	300000
206890	300000
41160	300000
204126	300000
48503	300000
50705	300000
51390	300000
5582	300000
50767	300000
43571	300000
133206	300000
202228	300000
62622	300000
43679	300000
135814	300000
21171	300000
395466	300000
13381	300000
58942	300000
58943	300000
63839	300000
63832	300000
64219	300000
64222	300000
58548	300000
395383	300000
394625	300000
24745	300000
198551	300000
15924	300000
3662	300000
203165	300000
206548	300000
39431	300000
206314	300000
2590	300000
53231	300000
6917	300000
61917	300000
28658	300000
3479	300000
134312	300000
39840	300000
39871	300000
45187	300000
198371	300000
394308	300000
15659	300000
34612	300000
263998	300000
40217	300000
4673	300000
56635	300000
57279	300000
35539	300000
55872	300000
201105	300000
7337	300000
61053	300000
264450	300000
56864	300000
31004	300000
18390	300000
17608	300000
17889	300000
39798	300000
198612	300000
54578	300000
62282	300000
25454	300000
267530	300000
15624	300000
393979	300000
33166	300000
264023	300000
36493	300000
32564	300000
7838	300000
135662	300000
34702	300000
54198	300000
137562	300000
262456	300000
48287	300000
31200	300000
132692	300000
27745	300000
60415	300000
26077	300000
131160	300000
133496	300000
20394	300000
32440	300000
5078	300000
29073	300000
33588	300000
47147	300000
27924	295000
262794	294720
22438	294000
45437	294000
262732	294000
34577	293500
20804	293000
6619	292000
10001	290000
52531	290000
9694	290000
328278	290000
37317	290000
58396	290000
131744	289000
11377	286720
327824	286000
37699	282000
45629	282000
266341	281000
16150	280000
22561	280000
13536	280000
5056	280000
17809	280000
59899	280000
27364	280000
265206	280000
37701	280000
64216	280000
395081	280000
37340	280000
131920	280000
8895	280000
48452	280000
13329	280000
2682	280000
46276	280000
267590	280000
3238	280000
15576	279000
12470	274000
16211	273500
61438	273100
53171	273000
395561	273000
5564	270000
23700	270000
13360	270000
26827	270000
264543	270000
290	270000
5518	270000
9946	270000
50153	270000
199585	270000
135739	270000
137912	270000
136119	270000
132528	270000
17356	268000
328146	268000
28359	266000
9416	265000
8763	264000
62455	264000
43607	264000
33763	263000
28130	263000
44654	262400
30972	260000
30212	260000
39090	260000
52962	260000
22085	260000
262699	260000
11708	260000
8387	260000
262676	260000
265130	260000
136838	260000
35237	260000
51048	260000
55943	260000
205881	260000
14593	260000
23540	260000
328437	260000
32261	260000
57169	258000
37157	258000
38623	257600
2857	255000
4851	255000
28250	255000
34934	252000
16245	250000
12360	250000
22652	250000
40581	250000
28309	250000
54540	250000
4581	250000
262983	250000
266409	250000
265496	250000
50073	250000
58713	250000
56318	250000
53156	250000
394073	250000
264270	250000
397095	250000
55581	249600
264005	249000
263544	246000
262548	246000
20960	245000
262594	245000
45931	241500
197133	241200
34106	240000
41572	240000
6739	240000
53080	240000
200043	240000
62523	240000
31115	240000
31257	240000
15054	240000
262293	240000
132323	240000
18274	240000
202120	240000
395332	240000
41691	240000
266444	240000
267201	240000
50698	240000
60893	240000
267624	240000
264150	240000
49624	240000
55002	240000
17717	240000
198792	240000
24535	239000
43142	238000
12676	237000
63859	236000
52940	235000
55666	235000
132453	233000
264052	232000
52662	230500
131745	230500
35916	230000
45356	230000
53196	230000
8680	230000
263321	230000
263347	230000
13767	230000
134220	230000
8647	230000
203658	228000
264460	228000
268331	227400
28131	226000
393891	226000
262715	225000
52930	225000
197588	225000
266131	225000
199995	225000
199434	224000
3462	221000
328170	221000
7784	220000
49835	220000
20771	220000
28591	220000
263427	220000
266468	220000
264582	220000
264367	220000
267075	220000
32798	220000
52007	220000
29588	220000
2526	220000
4652	220000
9795	220000
35612	220000
34087	218000
262409	215000
35619	213100
18059	213000
201054	213000
135060	213000
28209	212000
3856	211440
32299	211000
39792	210000
38657	210000
57119	210000
27887	210000
14380	210000
262765	210000
262150	210000
61871	210000
46455	210000
264359	210000
132934	210000
263982	210000
37700	210000
24186	210000
268221	210000
7381	210000
44061	210000
48422	210000
28134	208000
265061	208000
37273	207000
16374	207000
196879	206000
38511	205000
57463	205000
266498	205000
61573	204500
132476	204200
12455	204000
264575	202048
55862	202000
202414	202000
137367	202000
14537	201024
3303	200100
14793	200000
24105	200000
18077	200000
4058	200000
20718	200000
15497	200000
262761	200000
200052	200000
262493	200000
199335	200000
52694	200000
58708	200000
263626	200000
263516	200000
64255	200000
134033	200000
57249	200000
264517	200000
262365	200000
59776	200000
263625	200000
264223	200000
59964	200000
41693	200000
52766	200000
265359	200000
266156	200000
265019	200000
10947	200000
131627	200000
136518	200000
203942	200000
263779	200000
18676	200000
32415	200000
6846	200000
61201	200000
263009	200000
262595	200000
23059	200000
13649	200000
35176	200000
32703	200000
24955	200000
3910	200000
39572	200000
264564	197000
39869	196000
51918	196000
52888	196000
328242	196000
20634	195000
4775	195000
14717	195000
262744	195000
39279	195000
59842	195000
263405	195000
14701	195000
72	195000
5118	195000
63928	195000
197473	195000
44964	195000
39823	195000
9280	194000
262537	194000
25542	192000
21859	192000
12703	192000
38220	192000
12926	192000
52439	192000
17828	192000
46723	192000
28294	190960
29686	190000
10594	190000
6295	190000
15699	190000
262318	190000
15191	190000
59497	190000
264111	190000
6718	190000
264344	190000
265886	190000
210	190000
136521	190000
133380	190000
266453	190000
27984	190000
4857	190000
38583	189000
133840	189000
7131	189000
45896	188000
263394	188000
263237	188000
51795	187500
198517	187000
33182	185000
36149	185000
24338	185000
52666	184000
264397	183000
262725	183000
1342	182400
13002	182000
42511	182000
34006	181650
263329	181000
43545	180800
262463	180480
5430	180000
6130	180000
17660	180000
20969	180000
7568	180000
10075	180000
4927	180000
20712	180000
43708	180000
34108	180000
803	180000
8902	180000
58451	180000
34790	180000
21430	180000
49455	180000
57356	180000
28277	180000
58779	180000
58980	180000
198736	180000
263265	180000
14828	180000
199846	180000
35306	180000
197400	180000
5416	180000
7656	180000
57513	180000
25615	180000
2847	180000
7539	180000
39067	180000
137557	180000
328417	180000
133898	180000
263271	180000
47478	180000
3908	180000
23947	180000
8246	179000
263542	178500
28124	178000
37645	178000
265278	178000
267521	178000
37333	177000
200781	176000
49888	175500
50572	174000
43406	174000
32867	174000
61709	174000
34347	173000
56246	173000
56449	173000
13272	172000
23913	172000
263336	172000
132449	172000
8637	171200
8752	171040
9038	170600
13354	170000
20764	170000
19750	170000
44099	170000
28284	170000
25447	170000
22177	170000
15280	170000
28226	170000
62943	170000
53211	170000
35007	170000
201081	170000
61588	170000
61751	170000
267289	170000
202709	170000
52772	170000
50316	169400
14633	169000
48539	168960
327962	168960
327756	168960
45411	168000
55359	168000
58495	167000
327750	165360
2915	165000
2153	165000
16186	165000
4150	165000
286	165000
30827	165000
35244	165000
26785	165000
24167	165000
8788	165000
29611	165000
23171	165000
5631	165000
29141	165000
39637	165000
42612	165000
25151	165000
31167	165000
48850	165000
16175	165000
47408	165000
39904	165000
11233	165000
6777	165000
36817	165000
1126	165000
28153	165000
28132	165000
17625	165000
36907	165000
53889	165000
29462	165000
23550	165000
327745	165000
28110	165000
15008	165000
262454	165000
262288	165000
262481	165000
4678	165000
32338	165000
20904	165000
51055	165000
60610	165000
262388	165000
64044	165000
24651	165000
20412	165000
199803	165000
133421	165000
29522	165000
38197	165000
47551	165000
7540	165000
38714	165000
56949	165000
198151	165000
47252	165000
198389	165000
201290	165000
197592	165000
197747	165000
197262	165000
198401	165000
198040	165000
199754	165000
50550	165000
199978	165000
200176	165000
8280	165000
25509	165000
263396	165000
42490	165000
198380	165000
49409	165000
31726	165000
133616	165000
47626	165000
8194	165000
37720	165000
37675	165000
264138	165000
12779	164000
28287	164000
52438	164000
398131	164000
21485	163000
53587	163000
42947	163000
61512	162900
30851	162000
262706	162000
15447	162000
61094	162000
328216	162000
204805	162000
55259	162000
132976	161024
16206	161000
15188	161000
132894	160500
55429	160000
20080	160000
41690	160000
31708	160000
16814	160000
22556	160000
57731	160000
18400	160000
262903	160000
262675	160000
14576	160000
15433	160000
133590	160000
36866	160000
10299	160000
58965	160000
40731	160000
25472	160000
17077	160000
58689	160000
263702	160000
264562	160000
44692	160000
46155	160000
15011	160000
265086	160000
8369	160000
396125	160000
46375	160000
9136	160000
14061	160000
58376	160000
209116	160000
27901	160000
60171	160000
61012	160000
10084	160000
52660	159000
52866	158000
51263	158000
37276	158000
263584	158000
41202	158000
30813	157500
51948	157500
16178	156000
53195	156000
39351	156000
202454	156000
42093	155000
37619	155000
264268	155000
263154	155000
59288	155000
55766	155000
24043	154000
29834	154000
45280	154000
9244	154000
36923	154000
395400	154000
28183	153600
29918	153600
61686	153600
196695	153600
53107	153600
132146	153000
17306	152400
132857	152000
58299	152000
18351	152000
28154	152000
42669	151500
9155	151000
131296	150960
28169	150500
197091	150050
60261	150000
63311	150000
7091	150000
8560	150000
8190	150000
5605	150000
30176	150000
26347	150000
29748	150000
21947	150000
12008	150000
35985	150000
23686	150000
24121	150000
9989	150000
11537	150000
24931	150000
6623	150000
23260	150000
31736	150000
17645	150000
36683	150000
6423	150000
31400	150000
3512	150000
29208	150000
24642	150000
35843	150000
43683	150000
5539	150000
26792	150000
39598	150000
23265	150000
13041	150000
43284	150000
5577	150000
42227	150000
35332	150000
11051	150000
42184	150000
13692	150000
8744	150000
29562	150000
47172	150000
47841	150000
47215	150000
11995	150000
47344	150000
33737	150000
48943	150000
46484	150000
47490	150000
31252	150000
11664	150000
45668	150000
38478	150000
33139	150000
20985	150000
33796	150000
12316	150000
47143	150000
11071	150000
21250	150000
12188	150000
33470	150000
41601	150000
52892	150000
11922	150000
59895	150000
11798	150000
29404	150000
22546	150000
53131	150000
513	150000
46849	150000
22653	150000
14116	150000
45711	150000
8728	150000
44160	150000
53070	150000
29037	150000
46793	150000
16095	150000
19531	150000
51929	150000
6723	150000
23627	150000
13857	150000
21525	150000
24554	150000
19844	150000
10024	150000
41412	150000
25764	150000
6336	150000
12578	150000
600	150000
53175	150000
32613	150000
23816	150000
19782	150000
27947	150000
197377	150000
48500	150000
17246	150000
32365	150000
54154	150000
26167	150000
10653	150000
45634	150000
43852	150000
34270	150000
54652	150000
18229	150000
21412	150000
18199	150000
25780	150000
9584	150000
53306	150000
8823	150000
53100	150000
1120	150000
44858	150000
12033	150000
11242	150000
42239	150000
54376	150000
50673	150000
16724	150000
132267	150000
10102	150000
54327	150000
63060	150000
57187	150000
7849	150000
58656	150000
199339	150000
25273	150000
58010	150000
60717	150000
27026	150000
41281	150000
8245	150000
57068	150000
18049	150000
33604	150000
262777	150000
28306	150000
28571	150000
262780	150000
14571	150000
12536	150000
11475	150000
10996	150000
17685	150000
38043	150000
57029	150000
11081	150000
199364	150000
29485	150000
54929	150000
29933	150000
262333	150000
14103	150000
57193	150000
40700	150000
33606	150000
55923	150000
36444	150000
18516	150000
32421	150000
33515	150000
40413	150000
10993	150000
23274	150000
26288	150000
62915	150000
25653	150000
5664	150000
28366	150000
196844	150000
40676	150000
262704	150000
31877	150000
32100	150000
15267	150000
22921	150000
15108	150000
52251	150000
18094	150000
133534	150000
262620	150000
10886	150000
53221	150000
27833	150000
20207	150000
6368	150000
262724	150000
52558	150000
14463	150000
24730	150000
61951	150000
11414	150000
133579	150000
57963	150000
198203	150000
62469	150000
30466	150000
262989	150000
52846	150000
262377	150000
42775	150000
43317	150000
54002	150000
262402	150000
264531	150000
264492	150000
53224	150000
53122	150000
27768	150000
36445	150000
133420	150000
28163	150000
61950	150000
9022	150000
199256	150000
262667	150000
62183	150000
50148	150000
56301	150000
28066	150000
32710	150000
24278	150000
133873	150000
49063	150000
198477	150000
10481	150000
42845	150000
11976	150000
327893	150000
5690	150000
16832	150000
40028	150000
393965	150000
61244	150000
9999	150000
25068	150000
262256	150000
134363	150000
42567	150000
31769	150000
263668	150000
4043	150000
263789	150000
18616	150000
25003	150000
132167	150000
48642	150000
26271	150000
59	150000
819	150000
32277	150000
263822	150000
61942	150000
263569	150000
29244	150000
263797	150000
25165	150000
25227	150000
201602	150000
133959	150000
198785	150000
7687	150000
11174	150000
8714	150000
42334	150000
16130	150000
43391	150000
58815	150000
263363	150000
28270	150000
28308	150000
11279	150000
53407	150000
262413	150000
35998	150000
17429	150000
29788	150000
19082	150000
15102	150000
55270	150000
21632	150000
25248	150000
52726	150000
51164	150000
52363	150000
20559	150000
18683	150000
54661	150000
19689	150000
135246	150000
52794	150000
134809	150000
52519	150000
8008	150000
394437	150000
328400	150000
264016	150000
52878	150000
58762	150000
45684	150000
202831	150000
203629	150000
52989	150000
197524	150000
45775	150000
264961	150000
201782	150000
327952	150000
52981	150000
62818	150000
198235	150000
199494	150000
51394	150000
133652	150000
32165	150000
27895	150000
197615	150000
43733	150000
264768	150000
27951	150000
46692	150000
57608	150000
262186	150000
27272	150000
263674	150000
35760	150000
50533	150000
200414	150000
199551	150000
51337	150000
134012	150000
35891	150000
60098	150000
29974	150000
262791	150000
35491	150000
60884	150000
57033	150000
394141	150000
27382	150000
36008	150000
55957	150000
11109	150000
206758	150000
52195	150000
199226	150000
7004	150000
57478	150000
60534	150000
27964	150000
39716	150000
41966	150000
59862	150000
202220	150000
7806	150000
395768	150000
52153	150000
262766	150000
50411	150000
41319	150000
395470	150000
265303	150000
395578	150000
50017	150000
42667	150000
135292	150000
49565	150000
23423	150000
395880	150000
134674	150000
1101	150000
11178	150000
23307	150000
59060	150000
197672	150000
51648	150000
13838	150000
202050	150000
395719	150000
133952	150000
394740	150000
57219	150000
201026	150000
394676	150000
34296	150000
14832	150000
58906	150000
29614	150000
6503	150000
61826	150000
45265	150000
12687	150000
12690	150000
25385	150000
202169	150000
131915	150000
202761	150000
131916	150000
265101	150000
196749	150000
205811	150000
61521	150000
328064	150000
196865	150000
135278	150000
27553	150000
53591	150000
53189	150000
135011	150000
265478	150000
198604	150000
38627	150000
23419	150000
24251	150000
262643	150000
7514	150000
28032	150000
206299	150000
36515	150000
50270	150000
28114	150000
63772	150000
328036	150000
6712	150000
22908	150000
41138	150000
17303	150000
38851	150000
52542	150000
53454	150000
6752	150000
265436	150000
198496	150000
56972	150000
42812	150000
327790	150000
393455	150000
41480	150000
265021	150000
40545	150000
62632	150000
53338	150000
35518	150000
394146	150000
62406	150000
25190	150000
266995	150000
19465	150000
27286	150000
137250	150000
40773	150000
54483	150000
13415	150000
204789	150000
266420	150000
204821	150000
199421	150000
32389	150000
49020	150000
267196	150000
44979	150000
20874	150000
266977	150000
267452	150000
263985	150000
134739	150000
263523	150000
205100	150000
43848	150000
31236	150000
196776	150000
5760	150000
31445	150000
23777	150000
51790	150000
132890	150000
394140	150000
27660	150000
63131	150000
263461	150000
64233	150000
63774	150000
267428	150000
38949	150000
41006	150000
197155	150000
265999	150000
134895	150000
202006	150000
51920	150000
1226	150000
262662	150000
25637	150000
47723	150000
37897	150000
11077	150000
262970	150000
131273	150000
197294	150000
265032	150000
18024	150000
131933	150000
54086	150000
57424	150000
200185	150000
55140	150000
136769	150000
40339	150000
196819	150000
29091	150000
11635	150000
132491	150000
263250	150000
29689	150000
198426	150000
27255	150000
49457	150000
61462	150000
138147	150000
41033	150000
47095	150000
59371	150000
397116	150000
202281	150000
267587	150000
131895	150000
196714	150000
197146	150000
202805	150000
209835	150000
44358	150000
50794	150000
56373	150000
137575	150000
14860	150000
9976	150000
266608	150000
45298	150000
16030	150000
49895	149000
53172	149000
62597	149000
264811	147000
47275	146400
262429	145000
48559	144000
327950	144000
207073	144000
133001	143370
262691	143360
25459	143000
200668	143000
264598	142864
13657	141000
2685	141000
7500	141000
11123	141000
53349	141000
394070	140000
35470	140000
13703	140000
37235	140000
53143	140000
32479	140000
53102	140000
263587	140000
6561	140000
196968	140000
61836	140000
32743	140000
48716	140000
265065	140000
395573	140000
135697	140000
197902	140000
63343	140000
264127	140000
61943	140000
15426	140000
20846	140000
134359	140000
32067	140000
46950	140000
50554	140000
63298	140000
30168	140000
35795	140000
8803	140000
20618	140000
56655	140000
268819	140000
134369	140000
7065	140000
37199	140000
64476	140000
37451	139000
262259	138000
29608	136500
57151	136000
53246	136000
132137	135168
40300	135000
21267	135000
33725	135000
62275	134000
138064	134000
45305	134000
17483	133000
57896	133000
25466	132000
6648	132000
12042	132000
36143	132000
33302	132000
11195	132000
262394	132000
262230	132000
57613	132000
61478	132000
38769	132000
31617	132000
58821	132000
26914	130000
7303	130000
18530	130000
42005	130000
9137	130000
51944	130000
59940	130000
62239	130000
24309	130000
134055	130000
25961	130000
64475	130000
55507	130000
262316	130000
136026	130000
31857	130000
48408	130000
131914	130000
396503	130000
200478	130000
28319	130000
11751	130000
3145	130000
394449	130000
12459	130000
264679	130000
53052	130000
207972	130000
24532	130000
328388	130000
3223	130000
28178	130000
49349	129000
133324	129000
199496	129000
52858	128000
56099	127000
23871	127000
263445	126000
12684	125000
263432	124000
201838	124000
25482	123904
262352	123812
13549	123000
18615	123000
43500	122880
55814	122000
41327	122000
7606	122000
133934	121100
133658	121000
64223	121000
33480	120768
30740	120000
6405	120000
20495	120000
14609	120000
35833	120000
15743	120000
53130	120000
61287	120000
23106	120000
21880	120000
262733	120000
63028	120000
61211	120000
17997	120000
263990	120000
19310	120000
59945	120000
29465	120000
262692	120000
328145	120000
267095	120000
22324	120000
20919	120000
39337	120000
35940	120000
9910	120000
132808	120000
57073	120000
33044	120000
48011	120000
52760	120000
23808	120000
197522	120000
23618	120000
58171	120000
262964	120000
37020	120000
39065	120000
13194	120000
33873	120000
55803	120000
133385	120000
134705	120000
21709	119000
52685	118000
53589	116000
265147	116000
202566	116000
132771	116000
4007	115700
31800	115500
51784	115300
37154	115000
21724	114000
35074	114000
57121	114000
263793	114000
50618	114000
55674	113500
328327	113000
6738	112300
11062	112160
264425	112000
198910	112000
21069	111000
8723	111000
327794	111000
56286	111000
16265	110000
18209	110000
39138	110000
9621	110000
14877	110000
23465	110000
262420	110000
56910	110000
132931	110000
4540	110000
263314	110000
59444	110000
199330	110000
60890	110000
39192	110000
396040	110000
268267	110000
37545	110000
201447	110000
19186	110000
3132	110000
23775	110000
210264	110000
264398	110000
265294	110000
397544	110000
265892	110000
264556	110000
10204	109000
45194	108304
2602	108000
205081	108000
19117	105000
26531	105000
54225	105000
327826	105000
394530	105000
262474	105000
262610	105000
266152	105000
58477	105000
262901	105000
7521	104000
61730	104000
133676	104000
15772	103000
208477	102600
61666	102400
264404	102400
33920	102000
59214	102000
202020	102000
39806	102000
13054	101000
264524	101000
28219	100025
21392	100000
4764	100000
48268	100000
12941	100000
17978	100000
264360	100000
33808	100000
262979	100000
52686	100000
328065	100000
206499	100000
53199	100000
200064	100000
264294	100000
135607	100000
204861	100000
18407	100000
23379	100000
60051	100000
266430	100000
393434	100000
2588	100000
266961	100000
266144	100000
266721	100000
48438	100000
209813	100000
35913	100000
268133	100000
29900	100000
25837	100000
266968	100000
14726	100000
51520	100000
17197	100000
328480	100000
131896	100000
266192	100000
209208	100000
2675	100000
57276	100000
16342	100000
9952	100000
267348	100000
328517	100000
14288	100000
4694	100000
138840	100000
264998	100000
137373	100000
328538	100000
39902	100000
397806	100000
205473	100000
35425	100000
14824	100000
4693	100000
198726	100000
8757	100000
398415	100000
13999	100000
137166	99328
198440	99000
39543	99000
9652	99000
49028	99000
57723	98312
134881	98304
23860	98000
4589	98000
52977	97500
60690	96000
58650	96000
15734	96000
51945	95200
53066	95000
262721	95000
58820	95000
262819	95000
58868	95000
18779	94000
42004	94000
267055	94000
58940	93000
262417	93000
262488	92768
18886	92160
2134	92000
268952	92000
199659	91500
48728	91000
24157	91000
52661	90576
50472	90200
21396	90000
39591	90000
55879	90000
57928	90000
262750	90000
262673	90000
7048	90000
25375	90000
28352	90000
264228	90000
49638	90000
38541	90000
263483	90000
43760	90000
263961	90000
265429	90000
24173	90000
45118	90000
264491	90000
263531	90000
39335	90000
267399	90000
40244	90000
266263	90000
37653	90000
264210	90000
267593	90000
263852	90000
204006	90000
208431	90000
26484	90000
266927	90000
266480	90000
15391	90000
133339	90000
262808	90000
328365	90000
44980	88000
6798	88000
26838	87168
20811	87000
7005	87000
28037	87000
262494	87000
52643	87000
15211	86000
61570	86000
37786	86000
13680	85000
5524	85000
33748	85000
263649	85000
263647	85000
8943	84400
10881	84000
37294	84000
3549	84000
268323	83000
12773	82000
17439	81920
45769	81000
262828	81000
33130	80700
44953	80000
43100	80000
23756	80000
29014	80000
62874	80000
53008	80000
9201	80000
263801	80000
55219	80000
37195	80000
52968	80000
199610	80000
38442	80000
136696	80000
54574	80000
263947	80000
263840	80000
36813	80000
6696	80000
265954	80000
267360	80000
37110	80000
46475	80000
199362	80000
19045	80000
24429	80000
7941	80000
19306	80000
37453	80000
35847	80000
8435	80000
265135	80000
198605	80000
23805	80000
131322	80000
9790	80000
268205	80000
9313	79000
137331	79000
327992	78192
33843	78000
24521	78000
56229	78000
59953	78000
59165	78000
263591	78000
39479	78000
28890	77500
265484	77000
38809	76500
42692	76000
55653	76000
262591	76000
5459	75000
29668	75000
42455	75000
53563	75000
49909	75000
5396	75000
17426	75000
263661	75000
264577	75000
50231	75000
131607	75000
61582	75000
61006	75000
52339	75000
45349	75000
49296	75000
267280	75000
57877	75000
264939	75000
264415	74500
61888	73500
56665	73500
48072	73200
6643	73000
48292	73000
59156	73000
51290	72000
137142	72000
55555	71000
263442	71000
262539	71000
58816	71000
264552	70500
58587	70000
131755	70000
51681	70000
262268	70000
263411	70000
33452	70000
196954	70000
42705	70000
262900	70000
264186	70000
207054	70000
12796	70000
205813	70000
209328	70000
328536	70000
45278	70000
45705	70000
27979	70000
57844	70000
43060	70000
25374	70000
199524	70000
28265	70000
58678	70000
33771	70000
263151	70000
267513	70000
205099	70000
4647	70000
29551	69000
12597	69000
11647	69000
36914	69000
13150	69000
134316	69000
23951	69000
206184	67584
31595	67500
9830	67000
20640	66000
34011	66000
262862	66000
48424	66000
266347	66000
38896	66000
8612	66000
198781	65000
262822	65000
9785	65000
52765	65000
9326	65000
58392	65000
327907	65000
34135	64500
52944	64000
262464	64000
264765	64000
63862	64000
8368	64000
47096	64000
53097	63950
44123	63000
262346	63000
266713	63000
53050	63000
31078	62900
61134	62464
53237	62250
41913	62000
9658	62000
262893	62000
203421	62000
263270	62000
52475	61440
131758	61000
45766	61000
263478	60700
30071	60500
53142	60240
22534	60010
3213	60000
41692	60000
33079	60000
24047	60000
25061	60000
21513	60000
39301	60000
8664	60000
32880	60000
34171	60000
25295	60000
42303	60000
55518	60000
20722	60000
197000	60000
8677	60000
29545	60000
47622	60000
29680	60000
20365	60000
133075	60000
199947	60000
27940	60000
28009	60000
263076	60000
327813	60000
7020	60000
133854	60000
38565	60000
4508	60000
55521	60000
30798	60000
134732	60000
28257	60000
263833	60000
201106	60000
37342	60000
45686	60000
263774	60000
48727	60000
14522	60000
24536	60000
206342	60000
262509	60000
328156	60000
263196	60000
263776	60000
61822	60000
205344	60000
265656	60000
23815	60000
138816	60000
47203	60000
264017	60000
264514	60000
394302	60000
6059	60000
29802	60000
202596	60000
10279	60000
10099	60000
45361	60000
32621	60000
48128	60000
135010	60000
52639	60000
41985	60000
133838	60000
20657	60000
327738	60000
2731	60000
31202	60000
29357	60000
50475	60000
14979	60000
53764	60000
9891	60000
35137	60000
207353	60000
44291	60000
32097	60000
197301	60000
58715	60000
18881	60000
40328	60000
393670	60000
134014	60000
58659	60000
136522	60000
9374	60000
62856	60000
137079	60000
56971	60000
393513	59000
198857	59000
265426	58152
35706	58000
52932	58000
18422	58000
31250	57500
52444	57000
263089	56600
203140	56000
33544	56000
200794	55400
51646	55000
53169	55000
52539	55000
52973	55000
268503	55000
136093	55000
59279	55000
16253	54000
28279	54000
28656	54000
49405	53000
11179	53000
42459	52500
43019	52100
38280	52000
8301	52000
328164	51200
265451	51200
250	51000
53708	51000
262902	51000
17671	51000
32160	51000
37479	51000
132847	51000
59276	51000
59347	51000
56381	50400
37996	50000
262730	50000
45287	50000
132220	50000
55256	50000
133613	50000
10022	50000
267554	50000
133410	50000
53356	50000
11272	50000
138576	50000
1916	50000
7516	50000
21277	50000
201102	50000
207199	50000
134618	50000
267522	50000
37680	50000
52951	50000
263518	50000
268749	50000
269462	50000
269499	50000
46023	50000
138839	50000
20001	50000
19035	50000
62712	50000
133803	50000
17995	50000
33951	50000
265383	50000
16604	50000
19754	50000
16803	50000
23486	50000
45754	50000
45804	50000
393573	50000
196755	50000
139970	50000
56264	50000
15960	50000
41088	50000
51088	50000
51395	50000
5662	50000
44513	50000
30259	50000
61805	50000
263124	50000
135193	50000
206125	50000
393420	50000
135098	50000
200738	50000
134715	50000
17253	50000
47043	50000
14642	50000
263258	50000
52201	50000
31430	50000
61186	50000
135126	50000
60602	49700
264925	49568
49463	49500
7908	49000
55685	49000
203687	49000
262684	48500
34119	48000
30880	48000
16842	48000
6660	48000
45763	48000
5505	48000
61928	48000
51254	48000
28323	48000
266630	48000
328351	48000
136377	47000
22873	46500
31235	46500
53165	46300
262336	46080
17666	46000
38753	46000
47680	46000
138100	46000
12902	45000
15657	45000
2128	45000
33419	45000
15766	45000
41391	45000
8784	45000
25593	45000
8513	45000
8553	45000
20915	45000
37986	45000
39636	45000
13826	45000
27822	45000
43013	45000
23661	45000
34304	45000
18559	45000
4677	45000
51906	45000
55644	45000
39287	45000
43858	45000
37519	45000
197617	45000
54119	45000
45348	45000
46156	45000
52352	45000
27879	45000
28590	45000
53218	45000
38289	45000
24195	45000
47027	45000
53230	45000
549	45000
9519	45000
34768	45000
133720	45000
262993	45000
203086	45000
36868	45000
35313	45000
134622	45000
135484	45000
198091	45000
37482	45000
197447	45000
61968	45000
263251	45000
266177	45000
39816	45000
45707	45000
62227	45000
136302	45000
48067	45000
197204	45000
136873	45000
266972	45000
201214	45000
37090	44000
3067	44000
12491	44000
9381	44000
23074	43000
137410	43000
15589	42810
56550	42500
13135	42000
2595	42000
57633	42000
197692	42000
53139	42000
23628	42000
49787	42000
18103	42000
139967	42000
26451	42000
37980	42000
38527	42000
43890	41000
262792	41000
37529	41000
45528	40960
133275	40960
4434	40200
30132	40000
32563	40000
45498	40000
21140	40000
266400	40000
135419	40000
17482	40000
138570	40000
394151	40000
268126	40000
268548	40000
29169	40000
46595	40000
139225	40000
263067	40000
38147	40000
378	40000
36311	40000
210142	40000
57999	40000
265038	40000
267	40000
133296	40000
12883	40000
396501	40000
395471	40000
37783	40000
328395	40000
37682	40000
35699	40000
267815	40000
43533	40000
265974	40000
27688	40000
3242	40000
328633	40000
42064	40000
264570	40000
267032	40000
24008	40000
31169	40000
39029	40000
3737	40000
10103	40000
22591	40000
17378	40000
33445	40000
11383	40000
17707	40000
62240	40000
59112	40000
32425	40000
262868	40000
49690	40000
17113	40000
133315	40000
263049	40000
264331	40000
134293	40000
394994	40000
202766	40000
133680	40000
58430	40000
25853	40000
61873	40000
44030	40000
25091	40000
17939	40000
38195	40000
8660	40000
61174	40000
63920	40000
134090	40000
201119	40000
206141	40000
30999	39500
262557	39200
17920	39000
8545	39000
6851	39000
50837	39000
12143	39000
53088	39000
131584	39000
262374	39000
264923	39000
136373	39000
138296	39000
206478	39000
135582	39000
20621	38750
8565	38500
34624	38500
132876	38000
264723	38000
11046	38000
9129	38000
51569	38000
13237	37500
28657	37500
135526	37500
14551	37500
43323	37000
44431	37000
52911	37000
58500	37000
31126	36300
25943	36000
28773	36000
35695	36000
45288	36000
38310	35840
265141	35840
55832	35480
263308	35000
46886	35000
134021	35000
35585	35000
137352	35000
264518	35000
204196	35000
16191	34500
27865	34500
24204	34100
43942	34000
36731	34000
133389	34000
200428	34000
199517	34000
262770	34000
136841	34000
263283	34000
263589	33792
266346	33500
136632	33384
10135	33100
4777	33000
9104	33000
41090	33000
24028	33000
44295	33000
58404	33000
12502	33000
199660	33000
199150	33000
262952	33000
62838	33000
17069	33000
18840	33000
134707	33000
265972	33000
58460	33000
58482	33000
39505	33000
208751	33000
8486	33000
28065	32100
328160	32100
3561	32000
35655	32000
49605	32000
47727	32000
48504	32000
37656	32000
262645	32000
52967	32000
132004	32000
264996	32000
262453	32000
32437	32000
29838	32000
9153	31900
8554	31500
33845	31500
44514	31500
29286	31500
53116	31500
41153	31500
263378	31500
34683	31400
21263	31100
19551	31000
263739	30724
10704	30720
17754	30720
328032	30720
203885	30720
56507	30720
21101	30500
58408	30360
30447	30120
20799	30000
29452	30000
5409	30000
8195	30000
3224	30000
33811	30000
23712	30000
52243	30000
23711	30000
30962	30000
9710	30000
2863	30000
39104	30000
28001	30000
31383	30000
26228	30000
25152	30000
12634	30000
34997	30000
34021	30000
34781	30000
15782	30000
13284	30000
29083	30000
35156	30000
24973	30000
41960	30000
45037	30000
35584	30000
40015	30000
9583	30000
23752	30000
29846	30000
48484	30000
37652	30000
11796	30000
50032	30000
13722	30000
47836	30000
23829	30000
17961	30000
8587	30000
53424	30000
24753	30000
16523	30000
35719	30000
24951	30000
50244	30000
50763	30000
14232	30000
33835	30000
44902	30000
38437	30000
41289	30000
45816	30000
13157	30000
31662	30000
17088	30000
12775	30000
57315	30000
1304	30000
51896	30000
51483	30000
37312	30000
45932	30000
53727	30000
9123	30000
197422	30000
24029	30000
49604	30000
23949	30000
27665	30000
58560	30000
52462	30000
42204	30000
33125	30000
24518	30000
24550	30000
44608	30000
35799	30000
15072	30000
56990	30000
18206	30000
49300	30000
39783	30000
198423	30000
12290	30000
20555	30000
16168	30000
42400	30000
8789	30000
31328	30000
59410	30000
29263	30000
51406	30000
16174	30000
50737	30000
9328	30000
35834	30000
197653	30000
52965	30000
43190	30000
53698	30000
35180	30000
48972	30000
25093	30000
5602	30000
43252	30000
28757	30000
53494	30000
59620	30000
28239	30000
28141	30000
53140	30000
133023	30000
132837	30000
53869	30000
3324	30000
9165	30000
3220	30000
37628	30000
10133	30000
54523	30000
262500	30000
53861	30000
29881	30000
263499	30000
53178	30000
28615	30000
37775	30000
29583	30000
262933	30000
63034	30000
47228	30000
23673	30000
62537	30000
52431	30000
7772	30000
262737	30000
10617	30000
52323	30000
202042	30000
61924	30000
52877	30000
36898	30000
16162	30000
60899	30000
28216	30000
18046	30000
41059	30000
201791	30000
56182	30000
28327	30000
264470	30000
26563	30000
18393	30000
39072	30000
200700	30000
55427	30000
58627	30000
327939	30000
31459	30000
36909	30000
59933	30000
393874	30000
203851	30000
264590	30000
393350	30000
134295	30000
55699	30000
61397	30000
43558	30000
393662	30000
328023	30000
13006	30000
201990	30000
11399	30000
204019	30000
52079	30000
198416	30000
22518	30000
199410	30000
45561	30000
47627	30000
15190	30000
135543	30000
63529	30000
60458	30000
263070	30000
198391	30000
37324	30000
9893	30000
21774	30000
203741	30000
201754	30000
206894	30000
52009	30000
197418	30000
199413	30000
36965	30000
39107	30000
199338	30000
56783	30000
48742	30000
40752	30000
39560	30000
52101	30000
203548	30000
327751	30000
203230	30000
39729	30000
57221	30000
203223	30000
8550	30000
132734	30000
207101	30000
23169	30000
198591	30000
44974	30000
44503	30000
199451	30000
39566	30000
202971	30000
41882	30000
52909	30000
262195	30000
206373	30000
58894	30000
42180	30000
26198	30000
263675	30000
263728	30000
5401	30000
264815	30000
52680	30000
36640	30000
58927	30000
60430	30000
203261	30000
262518	30000
198891	30000
12630	30000
15035	30000
205296	30000
64234	30000
265806	30000
17537	30000
206442	30000
200480	30000
135869	30000
134856	30000
5500	30000
197645	30000
204536	30000
266866	30000
58146	30000
138174	30000
55679	30000
135843	30000
12565	30000
18350	30000
138009	30000
200278	30000
8393	30000
5406	30000
205442	30000
64115	30000
1640	30000
54506	30000
33164	30000
12857	30000
207588	30000
131960	30000
265158	30000
266059	30000
270299	30000
264596	30000
269208	30000
24299	30000
38081	30000
62819	30000
9751	30000
37356	30000
64313	30000
60816	30000
267278	30000
55003	30000
56668	30000
137001	30000
263155	30000
11767	30000
31042	30000
56528	30000
139734	30000
13681	30000
49192	30000
22941	30000
31452	30000
6515	30000
210323	30000
34718	30000
29785	30000
135760	30000
328598	30000
34655	30000
41349	30000
17604	30000
5583	30000
22302	30000
58882	30000
1351	30000
9607	30000
135753	30000
197140	30000
33922	30000
21211	30000
265962	30000
9268	30000
45177	30000
396071	30000
56654	30000
133070	30000
60316	30000
28142	30000
270600	30000
206067	30000
14280	29000
34486	29000
7829	29000
16467	29000
30129	29000
25976	29000
11190	29000
30295	29000
45839	29000
54643	29000
135301	29000
137121	29000
52300	28672
36217	28500
4765	28350
209218	28220
20832	28200
134375	28192
15290	28000
53459	28000
33082	28000
33072	28000
30134	28000
30128	28000
33558	28000
23709	28000
8222	28000
38235	28000
199283	28000
49360	28000
41847	28000
62502	28000
202867	28000
137851	28000
28292	28000
16685	28000
328423	27648
50467	27600
31543	27500
202322	27200
138211	27200
14390	27000
26788	27000
8038	27000
15692	27000
12975	27000
28207	27000
58910	27000
37002	27000
55652	27000
22080	27000
48685	27000
262296	27000
49088	27000
138995	27000
34549	27000
48920	26500
15594	26000
33077	26000
36943	26000
12835	26000
134325	26000
60670	26000
60917	26000
51023	26000
29424	26000
25471	25200
31715	25000
4666	25000
45725	25000
198184	25000
38506	25000
59185	25000
29104	25000
17473	25000
200438	25000
45706	25000
265699	25000
267088	25000
137295	25000
45937	25000
133971	25000
209400	25000
34569	25000
268525	25000
38524	25000
205388	24800
17374	24500
30123	24000
7522	24000
35223	24000
53093	24000
50683	24000
59560	24000
49792	24000
60134	24000
49855	24000
327960	24000
265639	24000
133660	24000
48846	24000
25590	24000
137246	24000
138359	24000
37347	24000
24132	24000
263869	24000
55247	24000
28244	24000
59155	24000
45184	24000
4608	23500
198093	23500
7717	23500
37576	23000
38200	23000
7628	23000
396472	23000
48712	22500
47850	22500
327922	22500
262889	22500
200983	22100
40528	22000
16876	22000
27916	22000
44314	22000
51514	22000
264130	22000
28073	22000
203640	22000
59954	22000
262755	22000
267102	22000
42300	22000
206640	22000
394330	22000
135425	22000
44141	21900
3599	21500
263480	21500
29215	21000
8491	21000
47169	21000
54042	21000
52938	21000
7597	21000
201333	21000
137080	21000
206404	21000
55670	21000
14259	21000
133593	21000
2593	21000
32244	21000
263586	21000
50620	20800
201877	20800
52869	20480
132923	20480
61895	20480
53112	20480
210218	20480
13357	20140
267588	20002
42476	20000
25572	20000
58406	20000
8859	20000
28165	20000
5017	20000
24523	20000
132774	20000
22750	20000
20928	20000
133881	20000
133797	20000
201508	20000
23696	20000
42228	20000
45650	20000
262788	20000
136885	20000
43369	20000
61929	20000
58750	20000
200392	20000
209261	20000
394914	20000
37627	20000
397524	20000
33791	20000
131717	20000
45312	20000
138829	20000
34762	20000
55352	20000
262772	20000
262387	20000
327849	20000
134326	20000
262612	20000
263495	20000
35280	20000
61056	20000
265188	20000
133372	20000
393490	20000
56583	20000
262470	20000
267242	20000
269075	20000
394581	20000
262898	20000
266298	20000
207310	20000
42156	20000
270436	20000
56472	20000
207274	20000
268546	20000
1410	20000
47116	20000
26388	20000
13951	20000
30622	20000
266853	20000
6881	20000
135223	20000
31122	20000
13618	20000
4721	20000
19969	20000
29154	20000
198408	20000
133100	20000
20205	20000
15738	20000
132031	20000
50782	20000
134858	20000
19711	20000
38067	20000
43513	20000
138041	20000
52637	20000
23838	20000
40449	20000
10083	20000
133187	20000
16684	20000
46700	20000
50154	20000
48273	20000
25182	20000
45974	20000
213065	20000
200070	20000
266454	20000
264969	20000
52706	20000
18187	20000
11744	20000
265344	20000
206389	20000
207489	20000
31273	20000
209421	20000
42861	20000
60113	20000
56858	20000
61020	20000
198967	20000
2484	19900
196689	19500
263393	19500
262811	19500
266374	19456
262756	19216
28707	19000
39310	19000
52625	19000
60157	19000
53197	19000
266028	19000
131775	19000
29446	19000
37109	19000
17538	19000
134009	19000
7631	18500
133664	18432
43599	18400
23541	18000
17444	18000
44583	18000
50858	18000
45950	18000
39318	18000
38477	18000
52550	18000
5692	18000
21351	18000
16039	18000
198271	18000
264009	18000
7489	18000
48374	18000
2606	18000
202918	18000
131303	18000
135465	18000
135423	18000
265030	18000
266044	18000
135232	18000
209086	18000
267117	18000
34936	18000
269060	18000
53018	18000
52458	17500
22989	17408
16363	17400
27789	17360
24557	17000
24077	17000
9497	17000
28859	17000
40739	17000
33522	17000
54415	17000
132919	17000
327943	17000
264295	17000
263713	17000
28139	17000
136287	17000
264297	17000
133817	17000
204264	16860
132901	16860
268568	16800
133718	16740
9092	16500
2500	16500
20917	16500
29246	16500
17435	16500
39600	16500
31576	16500
29513	16500
44334	16500
14500	16500
16218	16500
199248	16500
199396	16500
62336	16500
198334	16500
32614	16500
23774	16500
23666	16500
327700	16500
133173	16500
17996	16400
27345	16384
196640	16384
58969	16384
13226	16300
18104	16200
50796	16200
25473	16000
5071	16000
45144	16000
51050	16000
262501	16000
135247	16000
134929	16000
199790	16000
328275	16000
328237	16000
42353	16000
7578	16000
51580	16000
34458	15600
2515	15500
52896	15500
50857	15400
35184	15360
56209	15360
27932	15360
263128	15360
262753	15360
12305	15360
26068	15360
28438	15360
263917	15360
44084	15360
41522	15360
135253	15360
198216	15360
29245	15360
135861	15360
37030	15360
30988	15360
57079	15360
28639	15360
136330	15360
25328	15360
267121	15360
136533	15360
136480	15360
133967	15360
263459	15360
37650	15150
328144	15100
58683	15000
19817	15000
10255	15000
12059	15000
28877	15000
31216	15000
16559	15000
13101	15000
19752	15000
3043	15000
25975	15000
5462	15000
20704	15000
8804	15000
4837	15000
10848	15000
31661	15000
5418	15000
26627	15000
14833	15000
25286	15000
46199	15000
15149	15000
30131	15000
40475	15000
8495	15000
15773	15000
4319	15000
36824	15000
13246	15000
42366	15000
40068	15000
38181	15000
5568	15000
8596	15000
43436	15000
11830	15000
24989	15000
15935	15000
34960	15000
29655	15000
34554	15000
14585	15000
31641	15000
40495	15000
38321	15000
4795	15000
3248	15000
8092	15000
18392	15000
42585	15000
56065	15000
8648	15000
5726	15000
49190	15000
24586	15000
41644	15000
8391	15000
48519	15000
12348	15000
22781	15000
44259	15000
13871	15000
44765	15000
39915	15000
393225	15000
10745	15000
393220	15000
394018	15000
17579	15000
48885	15000
42416	15000
23308	15000
14866	15000
39449	15000
42760	15000
7296	15000
9167	15000
46195	15000
49492	15000
31474	15000
24796	15000
13214	15000
48514	15000
19528	15000
21336	15000
42605	15000
46656	15000
31147	15000
1133	15000
29243	15000
9266	15000
48315	15000
49854	15000
43782	15000
43911	15000
47328	15000
20569	15000
5683	15000
26088	15000
28196	15000
21864	15000
49820	15000
24321	15000
49983	15000
44219	15000
50066	15000
42973	15000
38948	15000
48284	15000
12541	15000
50087	15000
38149	15000
9026	15000
30162	15000
38544	15000
9877	15000
30583	15000
52841	15000
1850	15000
26546	15000
51040	15000
6850	15000
8950	15000
12347	15000
23779	15000
53582	15000
22300	15000
20501	15000
48528	15000
37113	15000
50370	15000
9003	15000
50292	15000
51224	15000
50719	15000
20633	15000
36052	15000
15388	15000
30640	15000
25139	15000
38199	15000
46064	15000
46235	15000
19842	15000
51218	15000
15301	15000
196621	15000
41628	15000
55915	15000
44009	15000
16217	15000
8330	15000
2470	15000
46309	15000
13573	15000
20738	15000
16866	15000
28192	15000
2108	15000
46231	15000
6834	15000
52102	15000
7753	15000
49232	15000
197764	15000
13746	15000
31564	15000
26918	15000
56848	15000
29152	15000
9931	15000
57124	15000
53837	15000
3401	15000
30998	15000
53948	15000
54046	15000
27464	15000
12757	15000
57423	15000
38278	15000
27541	15000
51823	15000
18588	15000
50387	15000
198239	15000
29553	15000
39470	15000
42841	15000
57202	15000
20924	15000
41872	15000
27626	15000
12540	15000
46215	15000
4224	15000
53389	15000
48362	15000
52328	15000
41811	15000
46664	15000
132111	15000
14746	15000
12327	15000
24582	15000
54444	15000
57381	15000
33361	15000
6086	15000
57516	15000
198570	15000
34510	15000
198818	15000
16004	15000
40999	15000
45945	15000
34233	15000
36959	15000
50372	15000
41695	15000
33854	15000
57228	15000
28654	15000
198492	15000
34942	15000
40850	15000
262787	15000
48297	15000
19233	15000
50468	15000
61215	15000
197219	15000
55350	15000
51886	15000
50206	15000
198288	15000
10654	15000
10367	15000
132435	15000
34868	15000
21461	15000
18638	15000
132730	15000
132536	15000
29998	15000
198554	15000
197736	15000
27193	15000
49902	15000
49505	15000
36958	15000
16737	15000
38781	15000
132426	15000
56833	15000
21360	15000
262680	15000
262757	15000
53235	15000
28640	15000
60532	15000
12362	15000
262839	15000
29231	15000
14558	15000
61337	15000
50968	15000
20338	15000
32738	15000
197589	15000
37079	15000
59554	15000
26320	15000
3842	15000
60362	15000
3250	15000
52836	15000
3186	15000
15691	15000
10431	15000
62929	15000
62182	15000
22919	15000
393316	15000
16798	15000
62947	15000
199706	15000
12650	15000
262492	15000
26689	15000
51744	15000
14613	15000
11045	15000
29606	15000
15398	15000
199937	15000
46873	15000
24290	15000
4270	15000
200163	15000
53901	15000
263062	15000
14829	15000
45680	15000
62588	15000
28152	15000
57007	15000
52275	15000
58792	15000
53022	15000
132933	15000
393431	15000
46110	15000
262805	15000
20681	15000
131291	15000
52465	15000
45496	15000
20686	15000
263337	15000
200187	15000
21478	15000
201764	15000
52317	15000
61470	15000
262189	15000
52420	15000
52498	15000
52824	15000
17673	15000
29844	15000
29305	15000
45910	15000
58436	15000
10670	15000
29897	15000
39373	15000
52380	15000
63128	15000
12236	15000
24226	15000
35949	15000
201962	15000
201505	15000
32432	15000
11514	15000
45884	15000
27790	15000
62782	15000
33781	15000
22402	15000
13064	15000
4594	15000
28026	15000
11114	15000
9355	15000
32678	15000
30691	15000
40966	15000
52736	15000
3669	15000
196670	15000
54039	15000
133678	15000
50597	15000
393717	15000
36273	15000
45133	15000
61026	15000
32397	15000
59102	15000
2607	15000
201506	15000
262871	15000
133936	15000
199188	15000
59370	15000
47608	15000
57660	15000
37177	15000
37181	15000
22748	15000
51728	15000
9559	15000
132848	15000
131475	15000
48588	15000
132917	15000
20448	15000
63383	15000
21832	15000
12276	15000
201222	15000
36483	15000
52490	15000
60116	15000
52401	15000
26312	15000
39391	15000
34916	15000
53173	15000
63450	15000
11986	15000
34450	15000
10925	15000
393945	15000
32546	15000
18986	15000
29355	15000
26414	15000
63863	15000
19381	15000
30076	15000
30919	15000
134355	15000
394010	15000
11301	15000
53154	15000
198095	15000
28670	15000
264101	15000
9916	15000
25081	15000
6082	15000
133344	15000
53191	15000
46047	15000
28941	15000
52795	15000
39764	15000
262229	15000
32764	15000
11948	15000
48294	15000
12696	15000
44994	15000
64200	15000
200759	15000
394356	15000
132142	15000
49524	15000
52399	15000
263126	15000
201206	15000
327894	15000
198342	15000
16652	15000
3624	15000
57141	15000
18534	15000
37629	15000
7530	15000
53164	15000
52631	15000
42555	15000
15154	15000
17832	15000
262878	15000
198313	15000
201020	15000
202030	15000
30247	15000
62363	15000
131602	15000
25581	15000
47814	15000
11342	15000
28317	15000
263395	15000
48461	15000
37399	15000
33623	15000
18650	15000
39532	15000
262607	15000
262650	15000
263818	15000
41721	15000
63126	15000
265159	15000
34723	15000
262949	15000
135036	15000
23352	15000
21889	15000
52348	15000
12929	15000
394514	15000
264062	15000
52381	15000
50333	15000
198913	15000
262149	15000
57961	15000
52999	15000
203112	15000
28635	15000
63421	15000
37634	15000
196949	15000
202054	15000
27734	15000
27884	15000
131603	15000
53233	15000
21919	15000
262585	15000
51551	15000
52702	15000
43578	15000
264704	15000
55043	15000
264116	15000
8542	15000
262378	15000
204028	15000
20193	15000
56190	15000
203591	15000
30892	15000
20015	15000
135192	15000
28118	15000
3061	15000
262614	15000
30986	15000
17014	15000
199888	15000
198269	15000
31394	15000
202744	15000
327859	15000
33772	15000
200001	15000
201986	15000
23641	15000
197186	15000
3165	15000
32334	15000
131911	15000
64415	15000
27733	15000
202921	15000
199645	15000
49761	15000
32337	15000
52601	15000
196969	15000
200142	15000
12102	15000
31479	15000
263768	15000
327821	15000
207195	15000
199550	15000
198430	15000
201049	15000
199787	15000
20714	15000
26343	15000
198909	15000
50515	15000
204121	15000
202994	15000
52455	15000
8458	15000
201068	15000
264191	15000
11844	15000
207028	15000
133130	15000
62373	15000
131274	15000
200577	15000
9648	15000
197046	15000
201953	15000
263873	15000
393907	15000
61487	15000
198072	15000
202177	15000
26317	15000
52290	15000
62560	15000
264527	15000
59686	15000
14211	15000
199842	15000
132535	15000
35047	15000
206999	15000
395152	15000
199981	15000
264797	15000
199201	15000
14845	15000
7270	15000
262685	15000
133232	15000
196928	15000
15765	15000
207156	15000
40165	15000
264152	15000
42717	15000
56745	15000
50016	15000
264785	15000
61864	15000
199468	15000
38805	15000
29571	15000
31510	15000
24743	15000
265672	15000
37103	15000
263897	15000
266210	15000
136300	15000
52596	15000
37623	15000
262167	15000
46401	15000
328125	15000
327900	15000
52716	15000
136417	15000
56441	15000
263235	15000
28103	15000
206720	15000
59670	15000
266610	15000
262786	15000
262452	15000
134366	15000
136552	15000
10778	15000
28160	15000
36730	15000
37055	15000
265041	15000
134319	15000
264282	15000
7663	15000
32806	15000
52327	15000
52372	15000
30900	15000
265771	15000
206108	15000
263968	15000
10217	15000
27935	15000
133007	15000
263120	15000
267507	15000
264230	15000
265995	15000
52236	15000
37027	15000
131483	15000
263384	15000
264471	15000
52349	15000
263228	15000
52413	15000
263190	15000
16350	15000
24806	15000
5385	15000
27259	15000
265760	15000
265729	15000
57508	15000
265952	15000
201950	15000
328232	15000
136323	15000
25563	15000
61527	15000
43009	15000
135639	15000
132097	15000
51484	15000
18021	15000
200799	15000
19147	15000
197518	15000
395612	15000
395627	15000
47989	15000
205260	15000
132722	15000
265871	15000
15757	15000
200960	15000
42325	15000
263248	15000
136764	15000
263963	15000
37616	15000
5397	15000
327941	15000
131446	15000
43154	15000
137144	15000
266657	15000
131248	15000
31914	15000
203146	15000
63998	15000
60752	15000
59572	15000
134736	15000
52169	15000
134305	15000
135801	15000
198330	15000
60314	15000
265016	15000
24620	15000
60082	15000
267294	15000
266926	15000
16827	15000
204086	15000
204558	15000
203255	15000
205389	15000
198279	15000
132836	15000
64477	15000
204346	15000
202488	15000
21388	15000
46506	15000
61242	15000
59986	15000
48487	15000
134264	15000
132974	15000
136713	15000
205535	15000
268222	15000
45954	15000
263698	15000
28050	15000
28748	15000
265209	15000
197529	15000
18875	15000
3268	15000
328339	15000
37916	15000
396914	15000
202086	15000
133915	15000
328346	15000
266840	15000
23038	15000
37281	15000
200736	15000
132046	15000
136668	15000
25557	15000
263732	15000
63945	15000
396951	15000
394650	15000
396960	15000
266835	15000
137236	15000
31277	15000
37999	15000
56140	15000
209874	15000
394366	15000
58239	15000
25946	15000
48027	15000
57136	15000
266640	15000
263019	15000
134643	15000
136131	15000
135468	15000
24530	15000
139425	15000
139947	15000
61064	15000
61600	15000
39905	15000
267062	14500
33554	14400
58725	14336
137627	14336
20984	14300
9872	14300
19214	14000
32105	14000
40193	14000
27318	14000
24049	14000
27320	14000
33073	14000
28054	14000
30130	14000
26972	14000
42755	14000
29488	14000
6903	14000
12968	14000
6900	14000
25795	14000
31972	14000
15857	14000
7595	14000
4280	14000
29297	14000
33005	14000
21911	14000
21315	14000
3633	14000
31251	14000
9208	14000
203679	14000
393470	14000
61816	14000
50710	14000
263460	14000
28364	14000
200780	14000
60435	14000
26968	14000
135793	14000
18568	14000
265983	14000
40861	14000
267573	14000
20218	14000
263572	14000
263606	14000
206048	14000
23676	14000
328167	14000
202519	14000
63069	14000
61633	14000
132160	14000
136670	14000
209678	14000
210144	14000
17716	14000
136749	14000
30730	14000
19523	14000
267746	14000
131644	14000
397715	14000
266598	14000
22798	14000
139909	14000
55789	14000
209752	14000
139075	14000
33078	14000
33597	14000
51313	14000
18931	14000
37053	14000
199121	13500
27877	13500
52532	13500
25467	13500
13878	13400
22355	13400
135180	13312
135850	13312
135792	13312
137608	13312
134278	13288
9051	13200
212895	13200
23713	13000
34419	13000
28855	13000
52640	13000
29438	13000
198738	13000
41201	13000
57118	13000
200753	13000
20677	13000
63320	13000
18918	13000
51191	13000
395378	13000
263084	13000
205191	13000
26038	13000
137042	13000
262818	13000
206483	13000
328152	13000
18647	13000
15414	13000
266092	13000
138847	13000
208188	13000
264992	13000
23708	12500
7496	12400
198721	12300
132562	12288
58438	12288
262727	12270
136338	12144
138686	12100
39469	12000
33074	12000
27322	12000
26790	12000
24469	12000
19875	12000
10929	12000
14651	12000
25689	12000
8916	12000
15562	12000
48291	12000
52789	12000
135754	12000
49695	12000
30261	12000
199863	12000
132515	12000
45294	12000
393280	12000
17445	12000
47529	12000
132988	12000
262338	12000
265644	12000
48276	12000
38595	12000
134663	12000
28189	12000
61749	12000
133638	12000
131609	12000
328110	12000
47884	12000
205819	12000
62445	12000
263645	12000
327743	12000
134152	12000
268490	12000
138195	12000
37130	12000
13837	12000
52503	12000
137824	12000
132641	12000
54037	12000
39671	12000
61221	12000
135383	12000
209287	12000
265056	12000
135763	12000
139833	12000
133808	12000
37622	12000
29129	12000
34225	12000
38915	12000
134078	12000
327733	12000
202053	12000
39233	12000
202829	12000
11845	12000
53096	11600
52952	11500
264290	11264
134883	11264
134035	11264
135854	11264
131215	11264
135202	11264
37357	11120
135184	11096
202384	11040
12414	11000
43407	11000
51446	11000
134391	11000
134399	11000
134395	11000
134396	11000
134390	11000
37674	11000
50607	11000
262957	11000
135028	11000
43503	11000
37704	11000
37429	11000
38742	11000
267282	11000
210234	11000
48825	11000
38004	11000
39855	11000
24076	11000
14224	11000
37695	11000
197686	11000
201553	11000
39126	11000
63981	11000
15739	11000
35711	11000
52786	11000
208970	11000
208976	11000
134178	11000
63027	11000
266344	11000
328051	11000
133648	11000
53086	11000
9448	11000
60725	11000
132458	11000
265450	11000
266300	10700
38456	10500
28056	10500
200077	10500
136990	10500
263401	10500
38457	10240
263374	10240
267540	10240
59816	10240
58405	10240
264238	10240
262743	10240
268013	10240
140269	10240
132540	10120
265238	10100
53106	10096
27848	10000
27319	10000
21013	10000
50234	10000
55799	10000
18210	10000
58620	10000
50809	10000
56260	10000
56233	10000
13926	10000
34274	10000
40809	10000
26156	10000
52769	10000
37455	10000
133487	10000
43126	10000
200608	10000
136358	10000
45170	10000
328119	10000
45587	10000
266803	10000
133354	10000
328287	10000
131314	10000
200590	10000
136908	10000
209408	10000
60930	10000
200147	10000
23938	10000
267859	10000
266715	10000
37777	10000
34235	10000
12976	10000
60945	10000
31611	10000
266140	10000
131749	10000
59139	10000
137363	10000
24527	10000
138838	10000
58474	10000
133352	10000
58485	10000
38148	10000
38783	10000
135464	10000
59613	10000
64300	10000
39923	10000
12365	10000
140362	10000
61602	10000
29636	10000
20766	10000
28846	10000
56511	10000
202032	10000
262644	10000
52547	10000
204526	10000
134946	10000
3214	10000
12586	10000
15808	10000
271	10000
8793	10000
23688	10000
327930	10000
133968	10000
328176	10000
3580	10000
45355	10000
134937	10000
328204	10000
328341	10000
268430	10000
60371	10000
266225	10000
11661	10000
49004	10000
20473	10000
29479	10000
58666	10000
132330	10000
135328	10000
17766	10000
136972	10000
137199	10000
45637	10000
137900	10000
15164	10000
264308	10000
21837	10000
54035	10000
7979	10000
54600	10000
19661	10000
11038	10000
51095	10000
205891	10000
198102	10000
21454	10000
136800	10000
204810	10000
208457	10000
205790	10000
23856	10000
14327	10000
28234	10000
263891	10000
263617	10000
262665	10000
262480	10000
267623	10000
61923	10000
269366	10000
269369	10000
267120	10000
22128	10000
265483	10000
266275	10000
30174	10000
33387	10000
51155	10000
37908	10000
328699	10000
328547	10000
328315	10000
265272	10000
267611	10000
138263	10000
199758	10000
52322	10000
13728	10000
263775	10000
16654	10000
38571	10000
133317	10000
265757	10000
136515	10000
135756	10000
138754	10000
200023	10000
50469	10000
263346	10000
21050	10000
1441	10000
31177	10000
137945	10000
266130	10000
398454	10000
138428	10000
52424	10000
263218	10000
264637	10000
52286	10000
265684	10000
28049	10000
267828	10000
24206	9800
267649	9600
52884	9500
23667	9500
268619	9500
48626	9300
33081	9000
30122	9000
30133	9000
1798	9000
41357	9000
22431	9000
201353	9000
28307	9000
19807	9000
264311	9000
12732	9000
204981	9000
266149	9000
24691	9000
6233	9000
205844	9000
33582	9000
36394	9000
37428	9000
209673	9000
207146	9000
50377	9000
43065	9000
46939	9000
328476	9000
137178	9000
267620	9000
45701	9000
136861	9000
60810	9000
30272	9000
37266	9000
197197	9000
50903	9000
59164	9000
135780	9000
265865	8900
264752	8800
52419	8600
24594	8400
6102	8000
12759	8000
49432	8000
34362	8000
19468	8000
262561	8000
393626	8000
11910	8000
51786	8000
206506	8000
35489	8000
265027	8000
264022	8000
205381	8000
135000	8000
262711	8000
267219	8000
202313	8000
266494	8000
135841	8000
203649	8000
268809	8000
328223	8000
132445	8000
199976	8000
327906	8000
207622	8000
61802	8000
138131	8000
207618	8000
52436	8000
59766	8000
268710	8000
44134	8000
30803	8000
41497	8000
30933	8000
327909	8000
264580	8000
24446	8000
24243	8000
265715	7800
131310	7500
34407	7500
28801	7500
28187	7500
262695	7500
31222	7500
61902	7500
52722	7500
60501	7500
52813	7500
57254	7500
202627	7500
134832	7500
198374	7500
262466	7500
264708	7500
264795	7500
133615	7500
52326	7500
262231	7500
9145	7500
139641	7210
27754	7168
134922	7168
268060	7150
52669	7000
49933	7000
135597	7000
135055	7000
201695	7000
33569	7000
200191	7000
205168	7000
138627	7000
6505	7000
208097	7000
267326	7000
27781	7000
39145	7000
264262	7000
55680	6640
21056	6600
61785	6600
37638	6600
265409	6500
137069	6500
52681	6300
201494	6300
136230	6144
131442	6144
393807	6144
38712	6048
53192	6040
5560	6000
2854	6000
198290	6000
37098	6000
263978	6000
62100	6000
42183	6000
266365	6000
23923	6000
43338	6000
29097	6000
206945	6000
268144	6000
24207	6000
137378	6000
134863	6000
31960	6000
36865	6000
135415	6000
131636	6000
135234	6000
26709	6000
7727	6000
138876	6000
135719	6000
135218	6000
6373	6000
138143	6000
34019	6000
23342	6000
3130	6000
46609	6000
14333	6000
39583	6000
52344	6000
38515	6000
133651	6000
266260	6000
204994	6000
135848	6000
136255	6000
2042	6000
135269	6000
45630	6000
136642	6000
139226	6000
267263	6000
53209	5600
262527	5500
262307	5500
47522	5400
56791	5250
44977	5200
132268	5200
42235	5120
205086	5120
138115	5120
27659	5120
134605	5120
135226	5120
213252	5100
28589	5000
131247	5000
25516	5000
209263	5000
134933	5000
57166	5000
138988	5000
202347	5000
139329	5000
43928	5000
133089	5000
267386	5000
135480	5000
138130	5000
24212	5000
138887	5000
139605	5000
63874	5000
137316	5000
139446	5000
139972	5000
135323	5000
28602	5000
396841	5000
138745	5000
269258	5000
60304	5000
30286	5000
43518	5000
47442	5000
207549	5000
23679	5000
38143	5000
49781	5000
139431	5000
45296	5000
131773	5000
58401	5000
138119	5000
136088	5000
137358	5000
38771	5000
8820	5000
18221	5000
36687	5000
45500	5000
47297	5000
38757	5000
55658	5000
132646	5000
199516	5000
17561	5000
263536	5000
15672	5000
204005	5000
61913	5000
134877	5000
263043	5000
394102	5000
265959	5000
266020	5000
205675	5000
134998	5000
267567	5000
267144	5000
47748	4900
197890	4900
264555	4650
13917	4500
47138	4500
35053	4500
16210	4500
29140	4500
6853	4500
1880	4500
53114	4500
53166	4500
61319	4500
263356	4500
264754	4500
200303	4500
24232	4400
207401	4400
24005	4400
6083	4200
48252	4100
7532	4096
58898	4096
27967	4096
132559	4096
53127	4096
52688	4096
9875	4096
267654	4000
398202	4000
266280	4000
38776	4000
56239	4000
201714	4000
139956	4000
52356	4000
139528	4000
209152	4000
138365	4000
138079	4000
132448	4000
8201	4000
24541	4000
12826	4000
29449	4000
41495	4000
47617	4000
41471	4000
35260	4000
26253	4000
55761	4000
11624	4000
28328	4000
197922	4000
19116	4000
37363	4000
263555	4000
327850	4000
22549	4000
131459	4000
134259	4000
328033	4000
59432	4000
54721	4000
327814	4000
48105	4000
263143	4000
262887	4000
57695	4000
52923	4000
59368	4000
42774	4000
60975	4000
136370	4000
136708	4000
35135	4000
327817	4000
30126	4000
56203	4000
133536	4000
38496	4000
52936	4000
328262	4000
206235	4000
61218	4000
49653	3750
137935	3700
263755	3600
43853	3600
263548	3500
27024	3500
53046	3500
26106	3400
12577	3300
37223	3300
51159	3300
54210	3300
61203	3300
58475	3300
48126	3300
17890	3300
37186	3100
27976	3072
9115	3012
29876	3000
36184	3000
23710	3000
24048	3000
21476	3000
12381	3000
29259	3000
18227	3000
55865	3000
40034	3000
39931	3000
63829	3000
35551	3000
51349	3000
48310	3000
47628	3000
263290	3000
263893	3000
133501	3000
264608	3000
60718	3000
24880	3000
45956	3000
39010	3000
137937	3000
267126	3000
266896	3000
52387	3000
206782	3000
21659	3000
31673	3000
268523	3000
270383	3000
265297	3000
52477	3000
63882	3000
38150	3000
196922	3000
50311	3000
208817	3000
328543	3000
137159	3000
263720	3000
135964	3000
263762	3000
37708	3000
209109	3000
41666	3000
34927	3000
207317	3000
207654	3000
327720	3000
139978	3000
14295	3000
18520	3000
30362	3000
16921	3000
138276	3000
139628	3000
138910	3000
6775	3000
42473	3000
3595	3000
27413	3000
59414	3000
24492	3000
50677	3000
262713	3000
61092	3000
135876	3000
134204	3000
52373	3000
205614	3000
205964	3000
204671	3000
33932	3000
42181	3000
204982	3000
270586	3000
63868	3000
38778	3000
58640	3000
263684	3000
197551	2900
209291	2900
17400	2800
42310	2800
209530	2800
42587	2800
35579	2700
17895	2700
45220	2600
9189	2600
24129	2500
262416	2500
54728	2500
207866	2500
24892	2400
393629	2400
15401	2400
6066	2325
28262	2250
139249	2248
18052	2200
197038	2200
131668	2200
209022	2200
34800	2100
267427	2048
133989	2048
55806	2048
37076	2048
37698	2000
134522	2000
266545	2000
6735	2000
60391	2000
52998	2000
58145	2000
266571	2000
268280	2000
267732	2000
39070	2000
36827	2000
267830	2000
269040	2000
21058	2000
267833	2000
328518	2000
53057	2000
269432	2000
49752	2000
51001	2000
133809	2000
207770	2000
136244	2000
207439	2000
45424	2000
131091	2000
139021	2000
22425	2000
269091	2000
206215	2000
205920	2000
269875	2000
139449	2000
268268	2000
23855	2000
213342	2000
41051	2000
134917	2000
62321	2000
135225	2000
35568	2000
138663	2000
36936	2000
268821	2000
53185	2000
57782	2000
58731	2000
4618	2000
20932	2000
24953	2000
7469	2000
17824	2000
41393	2000
15177	2000
37159	2000
47692	2000
197669	2000
20406	2000
27693	2000
23201	2000
202194	2000
132679	2000
133043	2000
29170	2000
17416	2000
25435	2000
327761	2000
37302	2000
136451	2000
133311	2000
204708	2000
136175	2000
205718	2000
137273	2000
57581	2000
135190	2000
137016	2000
17806	2000
138536	2000
34553	2000
209626	2000
4842	2000
24124	2000
208848	2000
204326	2000
138056	2000
139702	2000
45926	2000
18117	2000
269478	2000
133799	2000
18112	2000
63867	2000
47875	2000
57468	2000
139958	2000
63494	2000
29030	2000
137457	2000
134262	2000
201376	2000
138860	2000
28080	2000
62595	2000
45722	2000
266475	1800
204909	1800
9341	1800
5377	1700
13049	1650
55420	1650
11271	1600
266133	1600
30889	1500
23310	1500
34746	1500
33472	1500
15436	1500
25752	1500
30141	1500
41037	1500
20507	1500
41399	1500
1982	1500
8481	1500
25504	1500
29430	1500
14970	1500
34764	1500
13105	1500
34144	1500
21840	1500
44212	1500
28929	1500
23677	1500
20081	1500
9290	1500
15716	1500
31555	1500
20483	1500
33211	1500
42937	1500
45425	1500
24238	1500
49867	1500
3661	1500
4641	1500
14166	1500
47302	1500
17501	1500
196967	1500
28182	1500
36275	1500
46373	1500
197439	1500
2597	1500
196763	1500
32586	1500
12431	1500
45444	1500
48913	1500
13591	1500
10015	1500
57821	1500
18149	1500
38190	1500
35399	1500
61044	1500
24006	1500
47762	1500
31319	1500
52920	1500
18612	1500
36315	1500
173	1500
27983	1500
133444	1500
12822	1500
11008	1500
59752	1500
8310	1500
132645	1500
8922	1500
56109	1500
24347	1500
59919	1500
17970	1500
263928	1500
37120	1500
56204	1500
50623	1500
25491	1500
48847	1500
11947	1500
35001	1500
49640	1500
24634	1500
21201	1500
205610	1500
262266	1500
131996	1500
38217	1500
57089	1500
37190	1500
62230	1500
267673	1500
202806	1500
17689	1500
264650	1500
34527	1500
12556	1500
53061	1500
24220	1500
35090	1400
39615	1400
31680	1400
25433	1400
31653	1400
42492	1400
12854	1400
52186	1400
17747	1400
199547	1400
133072	1400
203040	1400
204662	1400
265890	1400
264602	1400
266355	1400
38887	1300
6734	1300
328107	1300
52051	1300
204185	1300
138632	1300
21158	1300
43573	1300
10678	1200
36388	1200
9327	1200
19089	1200
16347	1200
34578	1200
133318	1200
46045	1200
264382	1200
266687	1200
268539	1200
204188	1200
37472	1200
267520	1200
262911	1200
4558	1148
29590	1100
24632	1100
52828	1100
137936	1100
267801	1100
27806	1100
209555	1100
134563	1100
210025	1100
134331	1024
23893	1024
18230	1024
52573	1024
136842	1024
136722	1024
24508	1024
5764	1000
29471	1000
39180	1000
45054	1000
28303	1000
32398	1000
207491	1000
52545	1000
7562	1000
213377	1000
36198	1000
327822	1000
328441	1000
24050	1000
33071	1000
34505	1000
31402	1000
28198	1000
26753	1000
17469	1000
199230	1000
327908	1000
45951	1000
262568	1000
53094	1000
132372	1000
41651	1000
41139	1000
48507	1000
134265	1000
39650	1000
328255	1000
37395	1000
328043	1000
136982	1000
203976	1000
32030	1000
204633	1000
328229	1000
206262	1000
202328	1000
327796	1000
51972	1000
209385	1000
209100	1000
11017	1000
31649	1000
137995	1000
207335	1000
132708	1000
398335	1000
269535	1000
268091	1000
61748	1000
61652	1000
265497	1000
267584	1000
268647	1000
140407	1000
138866	1000
138117	1000
132669	1000
328582	1000
12186	1000
132198	1000
398570	1000
48428	1000
136835	1000
138886	1000
60592	1000
203287	1000
37491	1000
271053	1000
264513	1000
131645	1000
138317	1000
23013	1000
61678	1000
55695	1000
27876	1000
264787	1000
264656	1000
46032	1000
61762	1000
134875	1000
133334	1000
138769	1000
139533	1000
135746	1000
138762	1000
140144	1000
138279	1000
133000	1000
29000	1000
213031	1000
62997	1000
11805	1000
135298	1000
212799	1000
213126	1000
50869	1000
37067	1000
24457	1000
24470	1000
138837	1000
139952	1000
136054	1000
140476	1000
264242	1000
38031	1000
47253	1000
48966	1000
15975	1000
51737	1000
29310	1000
197350	1000
42013	1000
51440	1000
42314	1000
12754	1000
269762	1000
269872	1000
11139	1000
14694	1000
268707	1000
12161	1000
48344	900
264756	900
44207	900
21246	900
267083	840
262716	800
263486	800
203968	800
28211	800
265356	800
29006	750
265702	750
62166	750
59340	700
201146	700
208063	700
8338	700
37192	675
31055	600
328522	600
61903	600
28215	600
18719	600
48821	600
39196	600
9892	600
53216	600
36889	600
132642	550
207454	500
328585	500
24381	500
30528	500
5111	500
327775	500
133309	500
134232	500
9601	500
269987	500
44024	400
205927	400
268713	400
36369	400
207394	400
209645	400
47902	400
24776	400
35821	400
56662	400
132022	400
58578	400
132882	400
132376	400
265464	400
132531	360
2499	300
327981	300
204438	300
13287	300
37286	300
140219	300
51778	300
213253	300
55784	300
16242	300
131477	300
206610	300
205523	300
266551	300
58818	300
140840	250
203615	240
140244	200
213386	200
10557	200
135206	200
27744	200
9229	200
56911	200
8661	200
202479	200
57757	200
35145	200
327781	200
269023	200
63886	200
133832	200
16503	180
15434	150
50088	150
393853	150
37224	150
20291	150
15469	120
37044	120
36997	120
61417	110
213330	100
202301	100
209833	100
33983	100
38592	100
138023	100
139741	100
47251	100
213105	100
269923	100
269534	100
37209	84
39271	80
43660	75
55822	60
132003	60
269163	40
54049	30
37062	24
269104	20
21693	20
213284	20
263855	18
37133	15
137653	14
52423	12
40592	10
13594	4
13273	4
270320	2
264902	2
6762	0
32787	0
2519	0
31133	0
26193	0
8015	0
17222	0
60497	0
21339	0
8470	0
51324	0
21083	0
327692	0
4755	0
6895	0
327976	0
56196	0
15932	0
57724	0
200125	0
41841	0
56575	0
198529	0
44124	0
196883	0
37424	0
6300	0
198035	0
197318	0
38942	0
42935	0
20530	0
198187	0
48694	0
43171	0
50095	0
200602	0
35199	0
200750	0
197181	0
3169	0
199510	0
44784	0
197345	0
22541	0
200089	0
52031	0
55714	0
43495	0
198007	0
48629	0
41833	0
62328	0
197697	0
199774	0
203937	0
203742	0
35787	0
206910	0
51863	0
197809	0
41379	0
42374	0
197099	0
42852	0
60755	0
29070	0
61154	0
202936	0
197295	0
198709	0
198424	0
198906	0
199265	0
197572	0
203505	0
203306	0
59611	0
198214	0
206489	0
10355	0
263097	0
57890	0
203765	0
199005	0
51101	0
62201	0
197375	0
199381	0
60219	0
196979	0
395478	0
56983	0
57665	0
3352	0
198766	0
201531	0
197437	0
201001	0
51960	0
199341	0
51068	0
265692	0
262690	0
206762	0
37087	0
52414	0
3582	0
201332	0
264857	0
57945	0
197766	0
203157	0
33494	0
135895	0
49633	0
264853	0
10803	0
133859	0
206736	0
205073	0
21030	0
52664	0
62184	0
3249	0
206406	0
263699	0
264013	0
199473	0
132556	0
36707	0
205384	0
57332	0
198493	0
56324	0
57701	0
202626	0
57101	0
203582	0
136857	0
197837	0
136336	0
41044	0
50916	0
198081	0
37345	0
19091	0
28468	0
41297	0
203667	0
138222	0
31230	0
327753	0
60265	0
209854	0
24064	0
202434	0
328111	0
268801	0
396300	0
47237	0
206460	0
137597	0
136994	0
328401	0
52473	0
27017	0
10361	0
131954	0
49941	0
12833	0
60119	0
52544	0
199138	0
58158	0
32082	0
37550	0
27993	0
395326	0
209451	0
207306	0
43824	0
207834	0
269826	0
328055	0
51185	0
265777	0
205897	0
207071	0
18997	0
56523	0
59598	0
204479	0
24257	0
38207	0
206479	0
135031	0
2486	0
33333	0
47950	0
17048	0
210283	0
50321	0
51262	0
63830	0
26930	0
43653	0
197071	0
33108	0
196959	0
265098	0
37148	0
264568	0
207852	0
39533	0
51407	0
60357	0
24961	0
