32934	123240000
714	111600000
16509	109770000
8075	76870000
13335	65600000
54113	50620000
20940	46824000
22822	36510000
16276	30190000
6939	22564000
46489	22220000
17676	20880000
6805	16400000
33891	15450000
7342	13600000
3209	13040000
31334	12480000
25506	11590000
39386	11333000
2516	10368000
3356	9708000
6461	9288000
64049	8600000
2497	8530000
9498	8520000
328058	8000000
19679	7370000
4230	7320000
8447	7200000
2119	6970000
29990	6960000
28604	6870000
9002	6318000
20115	6300000
12389	6120000
6667	6004000
1136	6000000
49544	5836000
63293	5690000
2856	5650000
5650	5600000
15169	5530000
8966	5444000
2518	5390000
3216	5352000
2635	5320000
4181	5268000
12552	5000000
2914	4980000
8473	4960000
4637	4953000
226	4880000
1267	4820800
38022	4800000
41095	4643000
55391	4620000
5607	4560000
6830	4460010
15133	4450000
17511	4450000
6730	4352000
9009	4190000
5578	4070000
21320	4032000
5400	4028000
265950	3905000
8359	3768000
12874	3630000
2527	3590000
12989	3580000
6774	3484000
20485	3460000
36408	3406000
57344	3400000
5410	3360000
36459	3350000
2514	3330000
16086	3280000
25933	3280000
15435	3240000
34756	3200000
328045	3200000
5089	3180000
6327	3178000
61832	3158020
12189	3136000
2686	3128000
29314	3110000
56478	3020000
2818	3010000
37447	3003000
2907	3002000
680	3000000
2603	2960000
38634	2900000
4760	2880000
6079	2840000
13285	2840000
58453	2840000
7843	2800000
1103	2800000
15557	2780000
1547	2744000
52320	2730000
22356	2714000
45899	2700000
15305	2610000
12713	2600000
16591	2580000
11164	2570000
32098	2558000
15412	2556000
5645	2510000
61955	2510000
28663	2473000
13030	2460000
47541	2440000
15704	2420000
1273	2400000
18734	2400000
23620	2400000
38082	2356000
12322	2330000
52580	2292000
35228	2240000
4556	2240000
9304	2226000
6507	2140000
12430	2100000
6509	2094000
132164	2072000
13768	2061000
24785	2000000
270346	2000000
11260	1990000
46786	1990000
7195	1930000
23393	1928000
3292	1920000
11404	1920000
24203	1900000
202276	1900000
37100	1888000
36692	1847100
3265	1840000
20880	1840000
327693	1814000
62041	1800000
9121	1780000
9824	1780000
786	1760000
23520	1760000
30722	1760000
25192	1739000
39651	1730000
1257	1720200
9534	1720000
5588	1700000
2711	1700000
2510	1700000
29535	1700000
14413	1684000
16637	1680000
8717	1680000
668	1680000
12083	1670000
42708	1660000
19151	1650000
40356	1640000
27381	1620000
7575	1616000
812	1600000
5432	1600000
6661	1600000
262206	1600000
15962	1600000
11888	1600000
9318	1567000
38091	1560000
23563	1540000
3630	1520000
9680	1480000
20504	1440000
15802	1440000
55818	1408800
137872	1400000
4739	1390000
34224	1390000
4800	1384000
35320	1380000
23576	1360000
12479	1360000
50384	1350000
12714	1348000
13760	1320000
42525	1288000
43531	1288000
47377	1280000
1741	1280000
6057	1270000
34984	1270000
28368	1268000
132203	1260000
18403	1240000
264144	1240000
37271	1236000
8529	1233000
37662	1230000
9269	1229000
8426	1228000
26615	1220000
2851	1220000
11232	1210000
5713	1200210
17072	1200000
5378	1180000
59605	1168000
5413	1156000
23881	1140000
53180	1130000
7738	1128000
3255	1120000
23184	1110000
22646	1110000
30517	1100000
30600	1100000
4134	1090000
47764	1080000
13037	1050000
8657	1050000
12849	1050000
109	1045000
12200	1040000
7029	1040000
40788	1040000
31500	1036000
4766	1020000
52941	1020000
6128	1020000
396253	1014000
3327	1009000
9505	1008000
15542	1000000
197595	990000
3741	984600
9050	980000
702	974800
2828	960000
31027	960000
4648	960000
18081	960000
58073	960000
393565	960000
7155	950000
46450	950000
3491	943000
13489	940000
34867	940000
2116	938000
38880	928000
2852	920000
6768	920000
62887	920000
200981	920000
4761	912000
28580	907000
31655	900000
38895	900000
7545	896000
14630	896000
47605	888000
13170	888000
13445	883000
4713	880000
293	880000
34218	880000
11269	880000
23473	867000
137922	860000
48237	842500
9930	840000
36089	840000
6614	840000
4685	840000
53013	840000
50304	820000
28146	820000
28343	818000
10474	816000
7795	800000
40428	800000
3601	800000
33362	800000
58682	800000
61449	800000
49378	800000
47582	800000
17639	793000
197790	790000
17451	786000
28126	780000
55900	780000
25180	776000
15224	772000
14282	771000
15600	760000
2906	760000
29119	760000
196925	760000
62955	760000
9231	750000
263903	750000
30094	744000
14868	734000
6697	730000
262740	730000
30844	728000
9723	720000
10143	720000
39608	720000
28260	720000
2559	720000
205216	720000
24115	718000
262503	715000
16904	710000
31939	700000
21976	700000
24748	700000
267056	700000
20943	700000
132825	700000
6465	700000
202425	700000
44050	694000
52925	690000
11686	680000
4773	680000
35753	680000
38883	675000
8455	675000
262287	670020
6866	670000
52840	670000
30781	663000
18705	660000
200455	660000
52871	660000
54133	660000
36062	660000
30081	660000
35407	650000
19009	650000
53766	650000
17559	648000
22689	646400
28158	641000
2110	640000
39202	640000
9116	640000
33915	640000
10030	640000
766	640000
62	640000
54183	640000
54312	640000
5009	640000
27715	640000
63221	640000
201641	640000
26415	640000
59027	640000
262355	638000
45158	638000
8781	635000
28338	630000
53162	630000
27471	622000
263327	621000
24940	620000
21245	620000
64050	620000
43727	610000
12353	610000
27475	610000
25358	606000
18106	603000
7552	600000
33132	600000
23404	600000
263297	600000
62904	600000
265937	600000
59930	600000
209222	600000
7418	600000
28598	600000
49477	600000
7473	590000
136106	585000
6908	580000
1680	580000
2860	580000
18121	580000
9595	580000
5603	580000
26801	580000
39326	579000
6412	578000
21574	576000
200020	563000
852	560000
29550	560000
577	560000
13124	560000
3786	560000
25512	560000
38790	560000
8095	560000
61400	560000
9354	556000
10026	553220
23889	551000
4258	550000
703	548300
58507	542000
43205	540000
43332	540000
26162	538000
8632	528000
45780	522000
7992	520000
2611	520000
25885	520000
5483	520000
263073	520000
7679	520000
37153	520000
30990	520000
33438	520000
28716	518000
2687	514000
15830	512000
38622	510000
24033	510000
4788	506200
12956	502000
12731	500000
23148	492000
48919	492000
9924	490100
5769	490000
132132	490000
21385	489600
44053	488200
262659	488000
262848	487000
262773	481000
2152	480800
21502	480000
9070	480000
39912	480000
29695	480000
43646	480000
9500	480000
21321	480000
32184	480000
38819	480000
45204	480000
12392	480000
6848	480000
49685	480000
7415	480000
264668	480000
6471	480000
36924	476000
6407	471000
38858	470000
17709	470000
35213	465000
39832	460000
53158	460000
41798	460000
37168	458000
9031	454000
559	450000
11758	450000
6181	450000
262729	450000
8462	440000
28171	440000
9365	440000
262428	440000
263665	440000
41998	440000
138132	440000
35432	438000
5511	430000
46	430000
51069	430000
9342	426000
10310	420000
12871	420000
43561	420000
17941	420000
266989	420000
267469	420000
4651	420000
28624	410000
13189	409000
13193	408000
26803	408000
262778	404000
31272	402400
137	402000
25899	400000
13249	400000
133612	400000
7632	400000
36040	400000
34700	400000
49158	400000
719	400000
42830	400000
197482	400000
23693	400000
19324	400000
35362	400000
327987	400000
50473	400000
17885	400000
20347	400000
50129	400000
49374	400000
262807	395500
9729	395000
13576	390000
6922	390000
137831	390000
51500	390000
7862	388000
19108	380000
7670	380000
12129	380000
58601	380000
263080	380000
8452	380000
206819	380000
52005	372000
61102	370000
28331	370000
15419	368000
37282	368000
34244	367000
27988	366000
53184	360480
4787	360000
30419	360000
14026	360000
262468	360000
7049	360000
136743	360000
10036	360000
11979	360000
58530	352000
23498	350000
15085	350000
45558	350000
43668	350000
11814	348000
26554	347000
36236	345000
9667	340000
63242	340000
131917	340000
62668	340000
62044	340000
61323	340000
53065	338000
9902	338000
24130	336000
38466	336000
12678	336000
22724	335000
14969	335000
58580	333000
6447	332100
12041	332000
21371	330000
17924	330000
51852	330000
30838	330000
266931	330000
28202	329000
3267	328800
19165	328000
6067	328000
9299	328000
15958	328000
45638	328000
36937	326000
132296	325000
9044	324000
9650	324000
52551	322000
16302	321500
4635	321000
27524	320000
8365	320000
29422	320000
11096	320000
17819	320000
25577	320000
39102	320000
36351	320000
39704	320000
25668	320000
20845	320000
60339	320000
31242	320000
8535	320000
35717	320000
15517	320000
1424	320000
13147	320000
8866	320000
41678	320000
28666	320000
28267	320000
27747	320000
8448	320000
19996	320000
18260	320000
18182	320000
41164	320000
35193	320000
58209	320000
47242	320000
25255	320000
48634	320000
54998	320000
22147	320000
8445	320000
5403	320000
262476	320000
10118	320000
17054	320000
197451	320000
56038	320000
3261	320000
17012	320000
132680	320000
48620	320000
50204	320000
44735	320000
28576	320000
327991	320000
13807	320000
44416	320000
27919	320000
40526	320000
3754	320000
28554	320000
30818	320000
58941	320000
64220	320000
6307	320000
135262	320000
24703	320000
266167	320000
264215	320000
55182	320000
27925	320000
54827	320000
9605	320000
22616	320000
52579	318000
4657	316000
47481	312000
10158	310000
38333	310000
53037	310000
12709	310000
14492	308000
47422	307000
48166	305000
28649	305000
8308	304000
24751	304000
32286	304000
27589	302000
37417	301000
3320	300000
5391	300000
18278	300000
50643	300000
21413	300000
52696	300000
202023	300000
58243	300000
262731	300000
41206	300000
49824	300000
267484	300000
28330	299000
14340	298600
44843	298000
41018	298000
11666	296000
1828	294000
3300	293000
10098	290800
26496	290000
20144	290000
1241	290000
53240	290000
17583	290000
26446	290000
43729	290000
13786	290000
34610	288000
17922	288000
8968	288000
197888	288000
262760	286000
17665	285000
35745	284000
38107	280000
44684	280000
30041	280000
8674	280000
21232	280000
56396	280000
39642	280000
28229	280000
28191	280000
265399	280000
136784	280000
25019	280000
56444	280000
38987	276000
7600	276000
24324	272000
16570	272000
40029	270000
262664	270000
37693	270000
60169	270000
34305	270000
263421	268000
28201	266000
262865	265000
13000	265000
12859	264000
33011	264000
1239	263000
64315	262000
38327	262000
7782	260000
16700	260000
28665	260000
26120	260000
28125	260000
394497	260000
12847	260000
11550	260000
36873	260000
16110	260000
41194	260000
14361	258000
7475	256800
8487	256200
22691	256000
12310	256000
10029	256000
7311	256000
56258	256000
35761	256000
10003	255000
20121	253000
136557	253000
41552	252000
45352	250400
24916	250000
29009	250000
20773	250000
24277	250000
262847	250000
132215	250000
21488	250000
63516	250000
133403	250000
63290	250000
39251	250000
21808	250000
396356	250000
202409	250000
10010	250000
134697	248400
3701	248000
8399	248000
9264	248000
3262	248000
17547	248000
31463	248000
30539	248000
37678	248000
199319	248000
23930	246000
18283	244000
9749	244000
12654	240800
10835	240800
39899	240040
701	240000
2381	240000
237	240000
6695	240000
2529	240000
12306	240000
40511	240000
6677	240000
36944	240000
6473	240000
39605	240000
11403	240000
26163	240000
9008	240000
48918	240000
16735	240000
1406	240000
8530	240000
33083	240000
25148	240000
17534	240000
18268	240000
34056	240000
39545	240000
36012	240000
1422	240000
26677	240000
36280	240000
10302	240000
45031	240000
42000	240000
2614	240000
55569	240000
23786	240000
47708	240000
47264	240000
36222	240000
38651	240000
262403	240000
13825	240000
61374	240000
52752	240000
51409	240000
9993	240000
3128	240000
10578	240000
59384	240000
63270	240000
3252	240000
262485	240000
9834	240000
53078	240000
9029	240000
16851	240000
36734	240000
30028	240000
37613	240000
42981	240000
41508	240000
34058	240000
18747	240000
48956	240000
35434	240000
196729	240000
202103	240000
202196	240000
29107	240000
18255	240000
56931	240000
45011	240000
8819	240000
131937	240000
263616	240000
39507	240000
136907	240000
205139	240000
8540	240000
47872	240000
3302	238000
9957	238000
11142	238000
20459	238000
3257	233000
21777	231000
35805	230000
4780	230000
9997	230000
1659	230000
53152	230000
43656	230000
49290	230000
61157	230000
34120	230000
38758	230000
45269	230000
22697	230000
41275	230000
1836	228000
9246	228000
199503	228000
35575	225000
57866	224000
27955	224000
262505	223000
21409	220000
19318	220000
41420	220000
59900	220000
22742	220000
7671	220000
18450	220000
30950	220000
39444	220000
327901	220000
134139	220000
131912	220000
9457	220000
39551	220000
131934	220000
13896	219000
47195	217000
133120	215000
13370	210000
59536	210000
18200	210000
28370	210000
52908	210000
7162	210000
37892	210000
262343	210000
21559	210000
59460	210000
26133	210000
52468	210000
35640	210000
31898	210000
37697	210000
13009	208000
37358	208000
3225	208000
262532	207872
28166	206000
55329	206000
13122	205000
266448	205000
132770	204000
197727	203000
224	203000
14537	201024
7713	201000
4818	200000
23783	200000
12387	200000
23114	200000
40220	200000
54329	200000
17882	200000
19189	200000
262444	200000
52751	200000
10002	200000
23778	200000
32505	200000
23704	200000
199408	200000
1759	200000
50050	200000
26077	200000
131160	200000
133496	200000
20394	200000
59783	200000
101	200000
44066	200000
15377	200000
376	200000
3303	199800
61189	197000
59699	196000
133930	196000
56308	195000
52937	194000
19889	194000
9297	192000
22363	192000
42	191900
42456	191200
31727	190000
23089	190000
263055	190000
21367	190000
32233	190000
7385	190000
12693	187500
58307	187000
15763	186500
38322	186000
262732	186000
41096	186000
32217	186000
60474	185700
12350	184000
37150	184000
38861	184000
26613	184000
28258	183000
23105	183000
20910	182000
58057	182000
24709	181000
18150	180000
34803	180000
6679	180000
11835	180000
16243	180000
23314	180000
55785	180000
4557	180000
24572	180000
53147	180000
263998	180000
54198	180000
35709	180000
37468	180000
37254	179000
6663	178000
4770	177000
34245	176000
24852	176000
327698	176000
204053	176000
204222	176000
51060	176000
44646	176000
1280	175000
202004	175000
10021	174000
51706	174000
28605	174000
58396	174000
62040	172032
15399	172000
8343	171000
55720	171000
56828	171000
5541	170000
10094	170000
50629	170000
262434	170000
52689	170000
132255	170000
37515	170000
42504	170000
263880	170000
199250	170000
40317	170000
40217	170000
137280	170000
267590	170000
25818	169400
10490	168000
7752	168000
16586	168000
27008	168000
4844	168000
16371	168000
13243	168000
4628	168000
22772	168000
25460	168000
57353	168000
50272	168000
262516	168000
20804	168000
28978	168000
53115	168000
51018	168000
262441	168000
49102	168000
199723	168000
200889	168000
60191	168000
262794	167840
327984	166000
197113	166000
50083	166000
37028	164400
11377	163840
24183	163000
7610	162420
262854	162000
39184	162000
264493	162000
23678	161000
200539	161000
9435	161000
9245	160800
8607	160000
15422	160000
25441	160000
25309	160000
35028	160000
16150	160000
3605	160000
8897	160000
27552	160000
6315	160000
15366	160000
16713	160000
30914	160000
25761	160000
12312	160000
31477	160000
16082	160000
5467	160000
20161	160000
8732	160000
2544	160000
2044	160000
21221	160000
12969	160000
855	160000
34594	160000
8608	160000
13868	160000
35819	160000
36416	160000
8057	160000
48971	160000
8903	160000
17514	160000
1930	160000
32869	160000
37105	160000
8544	160000
8896	160000
11030	160000
50295	160000
34555	160000
18678	160000
15474	160000
9186	160000
49788	160000
17955	160000
59835	160000
34456	160000
394739	160000
7642	160000
8821	160000
55480	160000
47155	160000
10297	160000
15440	160000
21099	160000
62047	160000
5619	160000
35017	160000
50606	160000
10973	160000
13730	160000
1251	160000
23316	160000
19169	160000
14265	160000
51243	160000
18129	160000
43833	160000
46043	160000
393223	160000
3333	160000
18978	160000
56329	160000
60955	160000
12996	160000
20836	160000
22799	160000
28224	160000
28667	160000
11815	160000
8055	160000
28668	160000
15502	160000
7057	160000
37596	160000
26609	160000
12338	160000
62752	160000
61231	160000
32204	160000
393523	160000
62715	160000
36112	160000
263311	160000
53597	160000
54665	160000
26479	160000
57864	160000
28349	160000
44356	160000
26292	160000
199860	160000
12670	160000
197013	160000
10733	160000
13739	160000
11468	160000
6994	160000
31950	160000
54527	160000
11924	160000
262696	160000
11280	160000
17310	160000
24611	160000
6325	160000
63124	160000
20952	160000
28310	160000
20850	160000
14627	160000
46435	160000
33713	160000
263535	160000
17809	160000
4809	160000
41046	160000
23669	160000
59899	160000
9615	160000
10001	160000
202119	160000
24249	160000
58589	160000
25083	160000
44914	160000
37439	160000
134053	160000
20717	160000
20715	160000
200852	160000
38924	160000
9146	160000
22442	160000
12735	160000
54290	160000
29866	160000
11240	160000
18419	160000
6122	160000
13977	160000
47438	160000
262457	160000
265206	160000
35205	160000
56890	160000
62499	160000
290	160000
27618	160000
41549	160000
32212	160000
48793	160000
27216	160000
263482	160000
17726	160000
202895	160000
15669	160000
264437	160000
56282	160000
61584	160000
51619	160000
198537	160000
41026	160000
11014	160000
200594	160000
198948	160000
197667	160000
24271	160000
198418	160000
28545	160000
47254	160000
58863	160000
55805	160000
34092	160000
60860	160000
43509	160000
198525	160000
52106	160000
51636	160000
206890	160000
41160	160000
204126	160000
48503	160000
50705	160000
51390	160000
5582	160000
50767	160000
43571	160000
133206	160000
202228	160000
37701	160000
37699	160000
62622	160000
43679	160000
135814	160000
21171	160000
395466	160000
13381	160000
58942	160000
58943	160000
63839	160000
63832	160000
64219	160000
64216	160000
64222	160000
395081	160000
58548	160000
395383	160000
394625	160000
24745	160000
198551	160000
15924	160000
37340	160000
3662	160000
203165	160000
39431	160000
206314	160000
2590	160000
35614	160000
53231	160000
6917	160000
61917	160000
28658	160000
3479	160000
134312	160000
39840	160000
39871	160000
45187	160000
198371	160000
394308	160000
15659	160000
131920	160000
34612	160000
8895	160000
4673	160000
56635	160000
57279	160000
35539	160000
55872	160000
201105	160000
7337	160000
61053	160000
264450	160000
56864	160000
31004	160000
18390	160000
17608	160000
17889	160000
39798	160000
198612	160000
54578	160000
62282	160000
25454	160000
267530	160000
37317	160000
15624	160000
393979	160000
33166	160000
264023	160000
36493	160000
32564	160000
7838	160000
135662	160000
34702	160000
137562	160000
262456	160000
48287	160000
31200	160000
132692	160000
27745	160000
60415	160000
56309	160000
14061	160000
6799	160000
37611	160000
27924	158000
34577	157500
6619	156000
53187	156000
15576	155000
327824	154000
45437	152000
136119	152000
61438	151500
266211	151000
30212	150000
22561	150000
50821	150000
56030	150000
13360	150000
10019	150000
264543	150000
28145	150000
9946	150000
52531	150000
265130	150000
9694	150000
48452	150000
328278	150000
46276	150000
264270	150000
60893	150000
15598	150000
28130	149000
16839	149000
57169	149000
22438	148000
12470	148000
16211	147500
395561	147000
33763	146000
2857	145000
328146	145000
17356	144000
28359	144000
38623	143900
9293	143000
8763	142000
62455	142000
28131	142000
263544	142000
262594	142000
5564	141000
266341	141000
45629	141000
44654	140700
13536	140000
23700	140000
5056	140000
17506	140000
37157	140000
39090	140000
52962	140000
22085	140000
262699	140000
27364	140000
8387	140000
132323	140000
5518	140000
262676	140000
50153	140000
199585	140000
266409	140000
135739	140000
202120	140000
50073	140000
136838	140000
58713	140000
56318	140000
35237	140000
53156	140000
13329	140000
2682	140000
51048	140000
266444	140000
394073	140000
55943	140000
137912	140000
205881	140000
132528	140000
14593	140000
23540	140000
43607	140000
264150	140000
49624	140000
328437	140000
32415	140000
131744	139000
53171	137000
55581	136300
4851	136000
135060	135000
264005	134000
12676	133000
55666	133000
262548	133000
45931	130800
268331	130100
16245	130000
35916	130000
24535	130000
28309	130000
54540	130000
31115	130000
4581	130000
31257	130000
15054	130000
11708	130000
132934	130000
18274	130000
265496	130000
13767	130000
267624	130000
397095	130000
134220	130000
199995	130000
210278	130000
18059	129000
131745	128400
9416	128000
28250	128000
200043	128000
63859	128000
132453	127000
34934	126000
35619	124600
262725	124000
203658	124000
37700	124000
393891	124000
265061	124000
267201	124000
28134	123200
20960	123000
52439	123000
199434	122000
12455	122000
264460	121600
197133	120600
30972	120000
7784	120000
34106	120000
49835	120000
22652	120000
41572	120000
6739	120000
15497	120000
20771	120000
200052	120000
262765	120000
62523	120000
26827	120000
45356	120000
53196	120000
262715	120000
262409	120000
58708	120000
52930	120000
52940	120000
263516	120000
263321	120000
263427	120000
134033	120000
197588	120000
57249	120000
264582	120000
263347	120000
264367	120000
206548	120000
266131	120000
395332	120000
41691	120000
52766	120000
265359	120000
268221	120000
10947	120000
202414	120000
137557	120000
50698	120000
32798	120000
136518	120000
52007	120000
29588	120000
2526	120000
4652	120000
328170	120000
9795	120000
263779	120000
18676	120000
263271	120000
266453	120000
6846	120000
7381	120000
44061	120000
48422	120000
61201	120000
4857	120000
17717	120000
3238	120000
198792	120000
3462	119000
32299	116000
262365	116000
52662	115300
34087	115000
262744	115000
14380	115000
262293	115000
3856	114980
16374	114000
38511	113000
39792	112000
57119	112000
57463	112000
61573	112000
264052	112000
24186	112000
264397	111000
10594	110000
12360	110000
803	110000
44788	110000
38657	110000
27887	110000
37273	110000
28591	110000
15191	110000
262493	110000
199335	110000
262150	110000
52694	110000
61871	110000
46455	110000
262983	110000
264359	110000
8680	110000
263982	110000
266468	110000
264223	110000
59964	110000
41693	110000
265886	110000
210	110000
131627	110000
133380	110000
52772	110000
35612	110000
132476	109500
266498	109000
267521	109000
398131	108500
55862	108000
137367	108000
59842	107000
201054	107000
25542	106000
12703	106000
51918	106000
12926	106000
72	106000
5416	106000
264564	106000
41202	106000
38583	105000
263405	105000
55359	105000
20634	104000
13002	104000
4775	104000
39869	104000
14717	104000
37333	104000
52888	104000
28209	104000
14701	104000
5118	104000
63928	104000
197473	104000
328242	104000
44964	104000
39823	104000
38220	102000
15699	102000
17828	102000
8752	102000
43142	102000
61512	101400
1342	101200
45896	101000
263237	101000
7131	101000
28294	100480
262463	100240
29686	100000
14793	100000
10075	100000
24105	100000
6295	100000
18077	100000
4058	100000
51795	100000
20718	100000
59497	100000
263626	100000
14828	100000
64255	100000
36866	100000
264111	100000
264517	100000
6718	100000
264344	100000
263625	100000
25615	100000
266156	100000
265019	100000
7539	100000
267075	100000
136521	100000
8369	100000
203942	100000
202709	100000
396125	100000
328417	100000
133898	100000
47478	100000
46375	100000
14860	100000
9136	100000
4694	100000
27984	100000
209116	100000
32440	100000
262595	100000
23059	100000
32703	100000
24955	100000
5078	100000
8757	100000
29073	100000
33588	100000
263394	99000
198517	99000
33182	98000
39279	98000
24338	98000
52666	98000
133840	98000
262537	98000
4589	98000
263542	97500
8280	97000
46723	97000
34006	96880
43545	96400
5430	96000
6130	96000
17660	96000
21859	96000
20969	96000
4927	96000
43708	96000
34108	96000
8902	96000
58451	96000
34790	96000
8246	96000
21430	96000
49455	96000
57356	96000
14633	96000
58779	96000
58980	96000
262318	96000
198736	96000
263265	96000
28226	96000
263329	96000
199846	96000
35306	96000
197400	96000
265278	96000
7656	96000
57513	96000
2847	96000
39067	96000
196879	96000
58376	96000
262761	95000
28124	95000
263336	95000
200781	94000
49888	93600
12779	93000
34347	92000
42511	92000
9244	92000
13272	91000
37645	91000
23913	91000
132449	91000
9155	91000
9038	90300
48539	90112
327962	90112
327756	90112
197091	90030
7568	90000
13354	90000
19750	90000
44099	90000
28284	90000
25447	90000
22177	90000
15280	90000
62943	90000
53211	90000
58689	90000
35007	90000
201081	90000
61588	90000
61751	90000
267289	90000
55766	90000
137575	90000
9976	90000
266608	90000
24532	90000
45298	90000
45411	89000
58495	89000
327750	88192
2915	88000
2153	88000
16186	88000
4150	88000
286	88000
30827	88000
35244	88000
26785	88000
24167	88000
8788	88000
29611	88000
23171	88000
5631	88000
29141	88000
42093	88000
39637	88000
42612	88000
25151	88000
31167	88000
50572	88000
36149	88000
48850	88000
16175	88000
47408	88000
39904	88000
11233	88000
29834	88000
6777	88000
36817	88000
1126	88000
28287	88000
28132	88000
17625	88000
36907	88000
43406	88000
53889	88000
29462	88000
23550	88000
327745	88000
28110	88000
15008	88000
262454	88000
262288	88000
262481	88000
32867	88000
4678	88000
32338	88000
20904	88000
51055	88000
52438	88000
60610	88000
262388	88000
64044	88000
264268	88000
24651	88000
20412	88000
199803	88000
133421	88000
29522	88000
38197	88000
47551	88000
7540	88000
38714	88000
56949	88000
198151	88000
47252	88000
198389	88000
61709	88000
201290	88000
197592	88000
197747	88000
197262	88000
198401	88000
198040	88000
199754	88000
50550	88000
199978	88000
200176	88000
25509	88000
395400	88000
263396	88000
42490	88000
198380	88000
49409	88000
31726	88000
133616	88000
47626	88000
8194	88000
37720	88000
37675	88000
42947	88000
202454	88000
264138	88000
58821	88000
21485	87000
53587	87000
56449	87000
55259	87000
55674	86400
20764	86000
30851	86000
18229	86000
262706	86000
52660	86000
61094	86000
15188	86000
328216	86000
132894	85600
50472	85200
31708	85000
22556	85000
16206	85000
52866	85000
57731	85000
14576	85000
50316	84700
264598	84384
16178	84000
39351	84000
263584	84000
30813	84000
51948	84000
3549	84000
56246	83000
53195	83000
36923	83000
59288	83000
28169	82900
264575	82048
24043	82000
45280	82000
15447	82000
207073	82000
28183	81920
29918	81920
133001	81920
262691	81920
61686	81920
196695	81920
53107	81920
17306	81200
132976	81024
132857	81000
58299	81000
18351	81000
28154	81000
37451	81000
42669	80800
8637	80480
131296	80480
60261	80000
55429	80000
63311	80000
7091	80000
8560	80000
8190	80000
5605	80000
30176	80000
26347	80000
29748	80000
21947	80000
12008	80000
35985	80000
23686	80000
24121	80000
9989	80000
11537	80000
20080	80000
24931	80000
6623	80000
23260	80000
31736	80000
41690	80000
394070	80000
17645	80000
36683	80000
6423	80000
31400	80000
3512	80000
29208	80000
24642	80000
35843	80000
43683	80000
5539	80000
26792	80000
39598	80000
23265	80000
13041	80000
43284	80000
16814	80000
5577	80000
42227	80000
35332	80000
11051	80000
42184	80000
13692	80000
8744	80000
29562	80000
20712	80000
47172	80000
47841	80000
47215	80000
11995	80000
47344	80000
33737	80000
48943	80000
46484	80000
47490	80000
31252	80000
11664	80000
45668	80000
38478	80000
33139	80000
20985	80000
33796	80000
12316	80000
47143	80000
11071	80000
21250	80000
12188	80000
33470	80000
41601	80000
52892	80000
11922	80000
59895	80000
11798	80000
29404	80000
22546	80000
53131	80000
513	80000
46849	80000
22653	80000
14116	80000
45711	80000
8728	80000
13703	80000
44160	80000
53070	80000
29037	80000
49895	80000
46793	80000
16095	80000
19531	80000
40581	80000
51929	80000
6723	80000
23627	80000
13857	80000
21525	80000
24554	80000
19844	80000
10024	80000
41412	80000
25764	80000
6336	80000
12578	80000
600	80000
53175	80000
32613	80000
23816	80000
19782	80000
37235	80000
27947	80000
197377	80000
48500	80000
17246	80000
32365	80000
54154	80000
26167	80000
10653	80000
45634	80000
43852	80000
34270	80000
54652	80000
21412	80000
18199	80000
25780	80000
9584	80000
53306	80000
8823	80000
53100	80000
1120	80000
57151	80000
44858	80000
12033	80000
11242	80000
42239	80000
54376	80000
50673	80000
16724	80000
132267	80000
10102	80000
54327	80000
63060	80000
57187	80000
18400	80000
7849	80000
58656	80000
199339	80000
25273	80000
58010	80000
60717	80000
27026	80000
41281	80000
8245	80000
57068	80000
18049	80000
33604	80000
28277	80000
28153	80000
262777	80000
28306	80000
262903	80000
28571	80000
262780	80000
14571	80000
12536	80000
53080	80000
11475	80000
10996	80000
17685	80000
38043	80000
57029	80000
11081	80000
199364	80000
29485	80000
54929	80000
29933	80000
262333	80000
14103	80000
57193	80000
40700	80000
33606	80000
55923	80000
51263	80000
36444	80000
18516	80000
32421	80000
33515	80000
40413	80000
10993	80000
23274	80000
26288	80000
62915	80000
25653	80000
5664	80000
28366	80000
196844	80000
53143	80000
40676	80000
262704	80000
31877	80000
32479	80000
32100	80000
15267	80000
22921	80000
15108	80000
52251	80000
18094	80000
133534	80000
262620	80000
10886	80000
53221	80000
27833	80000
20207	80000
6368	80000
262724	80000
52558	80000
14463	80000
24730	80000
61951	80000
11414	80000
133579	80000
57963	80000
198203	80000
62469	80000
30466	80000
262989	80000
52846	80000
262377	80000
42775	80000
43317	80000
54002	80000
262402	80000
264531	80000
264492	80000
53224	80000
53122	80000
262675	80000
27768	80000
53102	80000
36445	80000
133420	80000
28163	80000
61950	80000
9022	80000
199256	80000
262667	80000
62183	80000
50148	80000
56301	80000
28066	80000
32710	80000
24278	80000
133873	80000
49063	80000
198477	80000
10481	80000
42845	80000
11976	80000
327893	80000
5690	80000
16832	80000
40028	80000
393965	80000
61244	80000
15433	80000
9999	80000
25068	80000
262256	80000
263587	80000
134363	80000
42567	80000
31769	80000
263668	80000
4043	80000
263789	80000
18616	80000
25003	80000
132167	80000
48642	80000
26271	80000
59	80000
819	80000
32277	80000
263822	80000
6561	80000
61942	80000
263569	80000
29244	80000
263797	80000
25165	80000
25227	80000
201602	80000
133959	80000
198785	80000
7687	80000
11174	80000
8714	80000
42334	80000
16130	80000
43391	80000
58815	80000
263363	80000
28270	80000
28308	80000
11279	80000
53407	80000
262413	80000
35998	80000
17429	80000
29788	80000
19082	80000
15102	80000
55270	80000
21632	80000
25248	80000
52726	80000
51164	80000
52363	80000
20559	80000
133590	80000
18683	80000
54661	80000
19689	80000
135246	80000
52794	80000
134809	80000
52519	80000
8008	80000
394437	80000
328400	80000
264016	80000
52878	80000
58762	80000
45684	80000
202831	80000
52989	80000
197524	80000
45775	80000
264961	80000
201782	80000
327952	80000
52981	80000
61836	80000
62818	80000
198235	80000
199494	80000
51394	80000
133652	80000
32165	80000
27895	80000
10299	80000
197615	80000
43733	80000
32743	80000
264768	80000
58965	80000
27951	80000
46692	80000
57608	80000
262186	80000
27272	80000
263674	80000
35760	80000
50533	80000
40731	80000
200414	80000
199551	80000
51337	80000
134012	80000
35891	80000
60098	80000
29974	80000
25472	80000
262791	80000
35491	80000
60884	80000
57033	80000
394141	80000
27382	80000
36008	80000
55957	80000
11109	80000
206758	80000
52195	80000
265065	80000
199226	80000
7004	80000
57478	80000
60534	80000
27964	80000
39716	80000
41966	80000
59862	80000
202220	80000
7806	80000
395573	80000
395768	80000
52153	80000
262766	80000
50411	80000
41319	80000
395470	80000
265303	80000
17077	80000
395578	80000
50017	80000
42667	80000
135292	80000
263702	80000
49565	80000
23423	80000
395880	80000
134674	80000
1101	80000
11178	80000
23307	80000
59060	80000
197672	80000
51648	80000
13838	80000
202050	80000
264562	80000
395719	80000
133952	80000
394740	80000
57219	80000
201026	80000
394676	80000
34296	80000
14832	80000
58906	80000
29614	80000
6503	80000
61826	80000
45265	80000
12687	80000
12690	80000
25385	80000
44692	80000
202169	80000
131915	80000
202761	80000
131916	80000
265101	80000
196749	80000
205811	80000
61521	80000
328064	80000
196865	80000
135278	80000
27553	80000
53591	80000
53189	80000
135011	80000
265478	80000
198604	80000
38627	80000
23419	80000
24251	80000
262643	80000
7514	80000
28032	80000
206299	80000
36515	80000
50270	80000
28114	80000
63772	80000
328036	80000
6712	80000
22908	80000
41138	80000
17303	80000
38851	80000
52542	80000
53454	80000
6752	80000
265436	80000
198496	80000
56972	80000
42812	80000
327790	80000
393455	80000
41480	80000
265021	80000
46155	80000
40545	80000
62632	80000
53338	80000
35518	80000
394146	80000
62406	80000
25190	80000
266995	80000
19465	80000
27286	80000
137250	80000
40773	80000
62597	80000
54483	80000
13415	80000
61943	80000
204789	80000
266420	80000
204821	80000
199421	80000
32389	80000
200478	80000
15011	80000
49020	80000
267196	80000
44979	80000
20874	80000
266977	80000
267452	80000
263985	80000
134739	80000
263523	80000
205100	80000
43848	80000
31236	80000
196776	80000
5760	80000
31445	80000
23777	80000
51790	80000
132890	80000
394140	80000
27660	80000
63131	80000
263461	80000
64233	80000
63774	80000
267428	80000
38949	80000
41006	80000
197155	80000
265999	80000
134895	80000
202006	80000
51920	80000
1226	80000
262662	80000
25637	80000
47723	80000
37897	80000
11077	80000
262970	80000
131273	80000
197294	80000
265032	80000
18024	80000
131933	80000
54086	80000
57424	80000
200185	80000
55140	80000
265086	80000
136769	80000
40339	80000
196819	80000
29091	80000
11635	80000
132491	80000
263250	80000
29689	80000
198426	80000
27255	80000
134359	80000
49457	80000
61462	80000
138147	80000
41033	80000
47095	80000
59371	80000
397116	80000
202281	80000
267587	80000
131895	80000
196714	80000
197146	80000
209835	80000
44358	80000
50794	80000
138064	80000
58171	80000
8803	80000
20618	80000
56655	80000
207972	80000
268819	80000
262964	80000
328388	80000
37020	80000
39065	80000
134369	80000
27901	80000
13649	80000
35176	80000
60171	80000
3910	80000
61012	80000
8647	80000
37619	79000
262259	79000
264811	79000
29608	78800
262429	78000
48559	78000
64475	78000
204805	78000
45305	78000
25459	77000
200668	77000
132146	77000
37276	76000
135697	76000
202805	76000
7500	75000
263154	75000
264127	75000
23871	74000
3908	74000
47275	73200
53172	73000
62275	73000
15772	73000
132137	72704
4007	72700
17483	72000
57896	72000
199496	72000
38769	72000
132771	72000
48011	72000
13657	71000
2685	71000
25466	71000
12042	71000
11123	71000
53349	71000
11195	71000
262230	71000
13549	71000
18615	71000
57613	71000
61478	71000
31617	71000
6405	70000
6648	70000
26914	70000
7303	70000
18530	70000
42005	70000
9137	70000
35470	70000
49349	70000
59940	70000
61287	70000
62239	70000
63028	70000
24309	70000
61211	70000
133324	70000
134055	70000
25961	70000
202020	70000
133934	70000
203629	70000
19310	70000
64223	70000
56099	70000
48716	70000
55507	70000
262316	70000
136026	70000
31857	70000
48408	70000
131914	70000
197902	70000
396503	70000
63343	70000
15426	70000
28319	70000
268267	70000
20846	70000
11751	70000
32067	70000
3145	70000
201447	70000
394449	70000
46950	70000
56373	70000
50554	70000
63298	70000
30168	70000
35795	70000
12459	70000
264679	70000
9910	70000
132808	70000
57073	70000
33044	70000
52760	70000
23808	70000
197522	70000
53052	70000
23618	70000
41327	70000
24429	70000
3223	70000
208477	69400
53246	69000
12684	68000
40300	68000
53589	68000
33725	68000
262352	67168
198910	67000
25482	66560
36143	66000
33302	66000
262394	66000
51944	65000
21709	65000
48728	65000
53130	65000
263990	65000
33480	64384
14609	64000
35833	64000
21880	64000
52685	64000
52858	64000
263445	64000
35940	64000
51784	63200
202566	63000
328327	63000
58477	63000
21724	62000
19117	62000
26531	62000
54225	62000
35074	62000
327826	62000
262474	62000
201838	62000
57121	62000
55814	62000
263793	62000
262610	62000
8220	62000
43500	61440
61666	61440
11062	61440
264404	61440
6738	61200
21069	61000
8723	61000
21267	61000
264425	61000
327794	61000
205081	61000
7606	61000
31800	60800
13054	60400
28219	60010
30740	60000
20495	60000
15743	60000
18209	60000
39138	60000
10204	60000
9621	60000
14877	60000
23106	60000
262420	60000
262733	60000
4540	60000
17997	60000
196968	60000
59945	60000
39806	60000
52686	60000
9652	60000
29465	60000
262692	60000
206499	60000
328145	60000
264294	60000
199330	60000
60890	60000
135607	60000
267095	60000
22324	60000
18407	60000
23379	60000
266430	60000
20919	60000
39337	60000
393434	60000
37545	60000
2588	60000
266961	60000
266144	60000
266721	60000
19186	60000
3132	60000
268133	60000
29900	60000
25837	60000
266968	60000
23775	60000
210264	60000
264398	60000
265294	60000
397544	60000
265892	60000
51520	60000
17197	60000
328480	60000
131896	60000
264210	60000
266192	60000
209208	60000
2675	60000
57276	60000
16342	60000
9952	60000
267348	60000
14288	60000
7941	60000
19306	60000
138840	60000
264939	60000
264998	60000
137373	60000
328538	60000
37453	60000
263009	60000
39902	60000
133339	60000
397806	60000
7065	60000
16030	60000
13194	60000
33873	60000
55803	60000
28178	60000
133385	60000
37199	60000
64476	60000
134705	60000
23947	60000
39543	58000
37154	58000
265147	58000
58940	57000
264524	57000
53066	56000
59214	56000
133676	56000
266152	56000
132931	55000
133658	55000
39192	55000
49028	55000
268952	55000
6798	55000
45194	54272
134881	54272
137166	54272
33920	54000
198440	54000
58820	54000
17978	54000
394530	54000
262819	54000
26838	53072
20811	53000
60690	53000
28037	53000
262494	53000
52643	53000
37786	53000
10881	52000
52977	52000
58650	52000
56286	52000
37294	52000
50618	52000
57723	51168
33130	50300
56381	50200
16265	50000
21392	50000
48268	50000
9313	50000
12941	50000
23465	50000
62874	50000
263649	50000
61730	50000
56910	50000
264360	50000
33808	50000
262979	50000
263314	50000
52968	50000
59444	50000
263483	50000
53199	50000
200064	50000
263961	50000
263411	50000
204861	50000
396040	50000
60051	50000
54574	50000
264491	50000
39335	50000
48438	50000
40244	50000
36813	50000
209813	50000
35913	50000
6696	50000
14726	50000
37653	50000
267593	50000
265954	50000
267360	50000
328517	50000
263852	50000
204006	50000
208431	50000
26484	50000
266927	50000
266480	50000
15391	50000
37110	50000
46475	50000
199362	50000
19045	50000
43060	50000
205473	50000
35425	50000
262808	50000
51945	49600
42004	49000
2134	49000
61570	49000
7048	49000
262417	49000
39479	49000
263531	49000
199659	48800
52661	48288
21396	48000
41913	48000
18779	48000
2602	48000
57928	48000
262721	48000
264228	48000
49638	48000
327950	48000
38541	48000
43760	48000
263647	48000
266263	48000
268323	48000
267055	48000
7521	47000
8943	46800
45769	46000
7005	46000
37195	46000
206184	45056
13680	45000
263442	45000
15734	45000
327992	44096
29551	44000
262828	44000
56229	44000
59953	44000
51681	44000
11647	44000
36914	44000
263591	44000
262488	43384
29668	43000
15211	43000
23756	43000
9201	43000
57877	43000
59156	43000
42692	43000
48072	42600
23860	42000
136696	42000
137142	42000
266347	42000
262901	42000
58868	42000
33843	41000
44953	41000
44980	41000
24521	41000
131755	41000
263661	41000
12773	41000
18886	40960
17439	40960
55653	40500
22534	40010
5459	40000
4764	40000
42455	40000
39591	40000
5524	40000
53563	40000
49909	40000
29014	40000
5396	40000
55879	40000
58587	40000
262750	40000
61888	40000
53008	40000
262673	40000
25375	40000
133854	40000
28352	40000
263801	40000
17426	40000
134732	40000
28890	40000
199610	40000
264577	40000
50231	40000
328065	40000
131607	40000
262268	40000
61006	40000
38442	40000
265429	40000
24173	40000
52339	40000
45118	40000
45349	40000
49296	40000
267280	40000
267399	40000
263947	40000
263840	40000
265484	40000
264017	40000
394302	40000
6059	40000
29802	40000
202596	40000
10279	40000
196954	40000
42705	40000
10099	40000
45361	40000
32621	40000
48128	40000
135010	40000
264186	40000
52639	40000
41985	40000
207054	40000
12796	40000
20657	40000
205813	40000
209328	40000
328536	40000
327738	40000
45278	40000
2731	40000
45705	40000
27979	40000
31202	40000
396501	40000
29357	40000
50475	40000
57844	40000
14979	40000
53764	40000
9891	40000
35137	40000
35847	40000
207353	40000
8435	40000
265135	40000
14824	40000
4693	40000
198605	40000
198726	40000
23805	40000
131322	40000
328365	40000
6643	39000
137331	39000
38896	39000
9326	39000
58392	39000
63862	39000
24157	39000
51290	38000
33748	38000
9280	38000
262822	38000
55219	38000
203421	38000
13150	37000
33452	37000
9658	36000
43100	36000
12597	36000
31595	36000
198781	36000
138816	36000
264514	36000
133838	36000
61134	35840
262539	35500
48424	35200
53142	35120
21513	35000
8677	35000
55555	35000
53708	35000
9785	35000
32160	35000
201106	35000
48727	35000
59165	35000
24536	35000
134316	35000
263196	35000
205344	35000
53097	34550
31250	34500
34135	34400
264552	34200
20640	34000
262862	34000
262464	34000
52444	34000
262346	34000
263833	34000
18422	34000
131758	34000
9830	34000
31078	33600
44123	33600
198857	33500
53237	33200
34011	33000
7020	33000
262893	33000
28773	33000
33544	33000
136093	33000
59279	33000
30071	32800
52475	32768
3213	32000
35706	32000
41692	32000
33079	32000
24047	32000
25061	32000
39301	32000
8664	32000
32880	32000
34171	32000
25295	32000
42303	32000
48292	32000
55518	32000
20722	32000
197000	32000
29545	32000
47622	32000
29680	32000
20365	32000
133075	32000
199947	32000
393513	32000
27940	32000
28009	32000
263076	32000
327813	32000
38565	32000
4508	32000
55521	32000
30798	32000
28257	32000
52539	32000
37342	32000
45686	32000
264765	32000
14522	32000
206342	32000
262509	32000
328156	32000
263776	32000
61822	32000
265656	32000
23815	32000
28656	32000
8368	32000
262591	32000
47096	32000
21263	31100
266713	31000
59347	31000
45766	31000
328164	30720
265451	30720
45528	30720
265426	30576
263089	30300
45498	30000
263774	30000
203687	30000
61582	30000
133613	30000
52973	30000
133410	30000
47203	30000
11272	30000
138576	30000
1916	30000
7516	30000
21277	30000
201102	30000
207199	30000
46595	30000
134618	30000
139225	30000
267522	30000
37680	30000
52951	30000
263518	30000
262900	30000
268749	30000
269462	30000
263067	30000
269499	30000
46023	30000
138839	30000
20001	30000
19035	30000
62712	30000
59276	30000
133803	30000
17995	30000
378	30000
36311	30000
210142	30000
33951	30000
57999	30000
265383	30000
265038	30000
16604	30000
19754	30000
16803	30000
267	30000
23486	30000
45754	30000
45804	30000
133296	30000
12883	30000
393573	30000
395471	30000
37783	30000
328395	30000
37682	30000
196755	30000
35699	30000
139970	30000
267815	30000
56264	30000
43533	30000
32261	30000
44291	30000
197301	30000
28265	30000
18881	30000
40328	30000
58678	30000
393670	30000
134014	30000
58659	30000
33771	30000
263151	30000
17253	30000
267513	30000
136522	30000
205099	30000
9374	30000
4647	30000
137079	30000
264925	29572
56665	29400
51646	29000
45763	29000
52932	29000
203140	29000
132847	29000
49405	28000
38280	28000
16253	28000
8301	28000
28279	28000
45287	28000
17671	28000
263270	28000
53050	28000
42459	27500
263478	27300
7908	27000
250	27000
262730	27000
37479	27000
136873	27000
43019	26600
264415	26600
262684	26500
49463	26400
37996	26000
38753	26000
5505	26000
55685	26000
23628	26000
61928	26000
49787	26000
137410	26000
10022	26000
38147	26000
135582	26000
30880	25600
51254	25600
38809	25500
34119	25000
17666	25000
53139	25000
132220	25000
52765	25000
45707	25000
21140	25000
328351	25000
266972	25000
206478	25000
268548	25000
22873	24800
31235	24800
197692	24800
200794	24800
53165	24700
262336	24576
12902	24000
15657	24000
2128	24000
33419	24000
15766	24000
41391	24000
8784	24000
25593	24000
8513	24000
13135	24000
8553	24000
20915	24000
37986	24000
39636	24000
13826	24000
27822	24000
43013	24000
34304	24000
18559	24000
4677	24000
51906	24000
23074	24000
55644	24000
39287	24000
43858	24000
37519	24000
197617	24000
54119	24000
45348	24000
46156	24000
11179	24000
32563	24000
53169	24000
52352	24000
27879	24000
28590	24000
53218	24000
38289	24000
24195	24000
47027	24000
549	24000
9519	24000
3067	24000
34768	24000
133720	24000
262993	24000
203086	24000
36868	24000
35313	24000
134622	24000
135484	24000
198091	24000
37482	24000
197447	24000
61968	24000
263251	24000
266177	24000
39816	24000
62227	24000
136302	24000
48067	24000
197204	24000
17482	24000
267554	24000
51569	24000
139967	24000
138100	24000
15589	23372
23661	23000
57633	23000
37090	23000
18103	23000
47680	23000
23951	23000
4434	22100
2595	22000
43890	22000
50837	22000
136373	22000
45288	22000
56550	22000
39505	22000
12491	22000
9381	22000
38527	22000
327907	22000
8612	22000
60602	21900
17920	21000
8545	21000
53088	21000
9129	21000
138296	21000
32437	21000
208751	21000
26451	21000
37980	21000
2593	21000
32244	21000
34624	20500
133275	20480
8565	20400
55832	20288
13237	20000
30132	20000
6851	20000
43323	20000
28657	20000
44431	20000
12143	20000
53230	20000
262374	20000
55256	20000
135526	20000
201754	20000
266400	20000
203261	20000
138570	20000
394151	20000
268126	20000
53356	20000
1640	20000
54506	20000
33164	20000
12857	20000
207588	20000
131960	20000
266059	20000
270299	20000
264596	20000
269208	20000
24299	20000
38081	20000
62819	20000
9751	20000
37356	20000
64313	20000
60816	20000
267278	20000
55003	20000
56668	20000
19551	20000
137001	20000
263155	20000
11767	20000
31042	20000
56528	20000
139734	20000
13681	20000
49192	20000
22941	20000
31452	20000
6515	20000
210323	20000
34718	20000
29785	20000
327849	20000
37529	20000
55002	20000
265974	20000
27688	20000
3242	20000
42064	20000
264570	20000
267032	20000
24008	20000
31169	20000
25374	20000
15960	20000
39029	20000
3737	20000
10103	20000
22591	20000
17378	20000
33445	20000
41088	20000
51088	20000
32097	20000
11383	20000
51395	20000
5662	20000
17707	20000
199524	20000
44513	20000
58715	20000
30259	20000
62240	20000
59112	20000
32425	20000
262868	20000
49690	20000
17113	20000
133315	20000
61805	20000
263049	20000
264331	20000
263124	20000
134293	20000
394994	20000
135193	20000
206125	20000
202766	20000
133680	20000
58430	20000
393420	20000
135098	20000
25853	20000
200738	20000
61873	20000
134715	20000
44030	20000
47043	20000
14642	20000
263258	20000
52201	20000
31430	20000
31122	20000
25091	20000
4721	20000
17939	20000
38195	20000
8660	20000
61174	20000
15738	20000
62856	20000
61186	20000
135126	20000
14551	19800
43942	19000
36731	19000
263308	19000
262902	19000
134021	19000
266346	19000
137352	19000
204196	19000
136377	19000
136841	19000
24204	18600
38310	18432
35655	18200
31126	18160
58404	18000
52965	18000
262952	18000
48504	18000
25943	18000
46886	18000
36965	18000
35695	18000
262770	18000
132004	18000
265972	18000
264518	18000
58482	18000
16191	17800
27865	17800
10135	17700
9104	17600
41090	17600
24028	17600
44295	17600
199660	17600
199150	17600
263378	17500
263589	17408
209218	17332
28065	17200
328160	17100
9153	17000
3561	17000
4777	17000
12502	17000
262792	17000
49605	17000
47727	17000
62838	17000
37656	17000
17069	17000
18840	17000
134707	17000
58460	17000
262453	17000
263283	17000
8554	16800
33845	16800
29286	16800
53116	16800
34683	16800
41153	16800
262557	16400
263739	16386
10704	16384
17754	16384
265141	16384
328032	16384
52300	16384
203885	16384
56507	16384
328423	16384
30999	16200
58408	16192
20799	16000
29452	16000
15290	16000
14280	16000
5409	16000
8195	16000
3224	16000
33811	16000
7829	16000
16467	16000
53459	16000
33082	16000
23712	16000
33072	16000
30129	16000
30134	16000
30128	16000
52243	16000
33558	16000
23711	16000
23709	16000
30962	16000
16842	16000
9710	16000
2863	16000
39104	16000
28001	16000
31383	16000
26228	16000
8222	16000
25152	16000
12634	16000
34997	16000
34021	16000
34781	16000
15782	16000
13284	16000
44514	16000
29083	16000
35156	16000
24973	16000
25976	16000
41960	16000
11190	16000
45037	16000
35584	16000
40015	16000
9583	16000
23752	16000
29846	16000
48484	16000
37652	16000
11796	16000
50032	16000
13722	16000
47836	16000
23829	16000
30295	16000
17961	16000
8587	16000
53424	16000
24753	16000
16523	16000
35719	16000
24951	16000
50244	16000
50763	16000
14232	16000
33835	16000
44902	16000
38437	16000
41289	16000
45816	16000
13157	16000
31662	16000
17088	16000
12775	16000
57315	16000
1304	16000
51896	16000
51483	16000
37312	16000
45932	16000
53727	16000
9123	16000
197422	16000
24029	16000
49604	16000
23949	16000
27665	16000
6660	16000
58560	16000
52462	16000
42204	16000
24518	16000
24550	16000
44608	16000
35799	16000
15072	16000
56990	16000
18206	16000
49300	16000
39783	16000
198423	16000
12290	16000
20555	16000
16168	16000
42400	16000
8789	16000
31328	16000
59410	16000
29263	16000
51406	16000
16174	16000
50737	16000
9328	16000
35834	16000
197653	16000
43190	16000
53698	16000
35180	16000
48972	16000
25093	16000
5602	16000
43252	16000
28757	16000
53494	16000
59620	16000
49360	16000
28239	16000
28141	16000
53140	16000
133023	16000
132837	16000
53869	16000
3324	16000
9165	16000
3220	16000
54643	16000
37628	16000
10133	16000
54523	16000
41847	16000
262500	16000
53861	16000
29881	16000
263499	16000
133389	16000
53178	16000
28615	16000
37775	16000
29583	16000
262933	16000
63034	16000
47228	16000
23673	16000
62537	16000
52431	16000
7772	16000
262737	16000
10617	16000
52323	16000
202042	16000
61924	16000
52877	16000
36898	16000
16162	16000
60899	16000
28216	16000
18046	16000
131584	16000
41059	16000
201791	16000
56182	16000
28327	16000
264470	16000
26563	16000
18393	16000
39072	16000
200428	16000
200700	16000
55427	16000
62502	16000
58627	16000
327939	16000
31459	16000
36909	16000
59933	16000
393874	16000
203851	16000
264590	16000
393350	16000
134295	16000
262645	16000
55699	16000
61397	16000
43558	16000
393662	16000
328023	16000
264723	16000
13006	16000
201990	16000
28323	16000
11399	16000
204019	16000
35585	16000
52079	16000
198416	16000
22518	16000
199410	16000
45561	16000
47627	16000
15190	16000
135543	16000
63529	16000
60458	16000
52967	16000
263070	16000
198391	16000
37324	16000
9893	16000
21774	16000
203741	16000
206894	16000
52009	16000
197418	16000
199413	16000
39107	16000
199338	16000
56783	16000
48742	16000
11046	16000
40752	16000
39560	16000
52101	16000
203548	16000
327751	16000
203230	16000
39729	16000
57221	16000
203223	16000
8550	16000
132734	16000
207101	16000
23169	16000
198591	16000
44974	16000
44503	16000
199451	16000
39566	16000
202971	16000
41882	16000
52909	16000
266630	16000
262195	16000
206373	16000
58894	16000
42180	16000
26198	16000
263675	16000
263728	16000
5401	16000
264815	16000
52680	16000
264923	16000
36640	16000
135301	16000
58927	16000
60430	16000
262518	16000
198891	16000
12630	16000
15035	16000
205296	16000
64234	16000
265806	16000
17537	16000
206442	16000
200480	16000
135869	16000
137121	16000
134856	16000
5500	16000
197645	16000
204536	16000
266866	16000
58146	16000
138174	16000
55679	16000
264996	16000
135843	16000
12565	16000
18350	16000
138009	16000
200278	16000
8393	16000
5406	16000
205442	16000
28244	16000
29838	16000
4765	15900
20621	15500
138211	15200
136632	15192
34486	15000
38235	15000
33125	15000
45839	15000
37002	15000
60134	15000
55652	15000
202867	15000
48685	15000
133660	15000
49088	15000
138995	15000
209400	15000
34569	15000
265158	15000
269060	15000
38524	15000
201214	15000
36217	14800
31543	14800
4608	14500
21101	14200
20832	14200
134375	14096
15594	14000
33077	14000
14390	14000
26788	14000
8038	14000
36943	14000
199283	14000
28207	14000
45725	14000
198184	14000
58910	14000
38506	14000
59185	14000
29104	14000
37576	14000
134325	14000
60670	14000
52911	14000
200438	14000
60917	14000
262296	14000
45706	14000
265699	14000
137246	14000
137851	14000
51023	14000
45937	14000
133971	14000
29424	14000
268503	14000
24132	14000
263869	14000
55247	14000
28292	14000
48920	13800
50467	13800
202322	13700
201877	13600
205388	13400
31715	13000
12835	13000
4666	13000
38200	13000
7597	13000
48846	13000
137295	13000
138359	13000
37347	13000
134009	13000
17374	12800
25471	12600
262889	12500
7717	12400
52869	12288
266470	12240
30123	12000
58406	12000
8491	12000
15692	12000
35223	12000
3599	12000
50683	12000
44314	12000
51514	12000
49792	12000
133881	12000
28073	12000
201508	12000
59954	12000
22080	12000
48712	12000
47850	12000
327922	12000
7628	12000
25590	12000
136885	12000
137080	12000
267088	12000
135232	12000
135419	12000
209261	12000
42300	12000
206640	12000
394914	12000
397524	12000
33791	12000
37109	12000
206404	12000
55670	12000
131717	12000
45312	12000
138829	12000
58500	12000
16685	12000
45184	12000
37053	12000
44141	11600
17473	11600
263480	11500
267588	11001
42476	11000
29215	11000
24523	11000
20928	11000
54042	11000
133797	11000
23696	11000
201333	11000
45650	11000
131775	11000
200392	11000
37627	11000
328237	11000
29446	11000
14259	11000
394330	11000
328051	11000
133648	11000
8486	11000
9448	11000
198093	10800
2484	10600
262811	10600
263393	10500
266374	10240
132923	10240
59816	10240
61895	10240
53112	10240
262743	10240
43599	10200
52458	10200
200983	10100
30447	10070
40528	10000
16876	10000
25572	10000
27916	10000
8859	10000
196689	10000
28707	10000
28165	10000
5017	10000
132774	10000
52625	10000
22750	10000
5692	10000
47169	10000
53197	10000
264130	10000
203640	10000
264009	10000
42228	10000
202918	10000
131303	10000
135465	10000
262788	10000
262755	10000
266028	10000
267102	10000
43369	10000
61929	10000
58750	10000
209086	10000
267117	10000
34936	10000
64115	10000
60945	10000
133817	10000
61064	10000
64300	10000
39923	10000
12365	10000
34762	10000
55352	10000
262772	10000
262387	10000
134326	10000
262612	10000
263495	10000
35280	10000
61056	10000
265188	10000
133372	10000
393490	10000
56583	10000
262470	10000
267242	10000
269075	10000
135760	10000
394581	10000
262898	10000
266298	10000
29129	10000
207310	10000
42156	10000
140362	10000
270436	10000
328633	10000
56472	10000
207274	10000
268546	10000
328598	10000
1410	10000
47116	10000
61602	10000
26388	10000
13951	10000
30622	10000
266853	10000
135223	10000
204526	10000
3214	10000
34655	10000
12586	10000
13618	10000
15808	10000
271	10000
41349	10000
17604	10000
5583	10000
19969	10000
29154	10000
8793	10000
198408	10000
22302	10000
58882	10000
23688	10000
327930	10000
133100	10000
1351	10000
20205	10000
9607	10000
133968	10000
132031	10000
50782	10000
134858	10000
19711	10000
135753	10000
197140	10000
328176	10000
3580	10000
45355	10000
33922	10000
134937	10000
21211	10000
38067	10000
43513	10000
328204	10000
328341	10000
138041	10000
268430	10000
265962	10000
60371	10000
52637	10000
53086	10000
266225	10000
11661	10000
7631	9800
23541	9600
44583	9600
50858	9600
45950	9600
38477	9600
21351	9600
198271	9600
48374	9600
135423	9600
22989	9216
133664	9216
268568	9200
27789	9192
24557	9000
24077	9000
9497	9000
28859	9000
25473	9000
7522	9000
5071	9000
40739	9000
39318	9000
39310	9000
54415	9000
12975	9000
132919	9000
60157	9000
327943	9000
134929	9000
2606	9000
264295	9000
28139	9000
264297	9000
208188	9000
263019	9000
134643	9000
136131	9000
135468	9000
59155	9000
24530	9000
139425	9000
139947	9000
61600	9000
53018	9000
133593	9000
204264	8992
132901	8992
9092	8800
2500	8800
20917	8800
29246	8800
17435	8800
39600	8800
31576	8800
50620	8800
29513	8800
44334	8800
14500	8800
16218	8800
16363	8800
199248	8800
199396	8800
17996	8800
62336	8800
198334	8800
32614	8800
23774	8800
23666	8800
327700	8800
133173	8800
13226	8700
133718	8620
18104	8600
50796	8600
50857	8200
35184	8192
27345	8192
196640	8192
56209	8192
27932	8192
263128	8192
262753	8192
12305	8192
58969	8192
26068	8192
28438	8192
263917	8192
44084	8192
41522	8192
135253	8192
198216	8192
29245	8192
58725	8192
135861	8192
37030	8192
30988	8192
57079	8192
28639	8192
136330	8192
25328	8192
267121	8192
136533	8192
136480	8192
133967	8192
263459	8192
137627	8192
262727	8120
37650	8080
58683	8000
19817	8000
10255	8000
12059	8000
28877	8000
31216	8000
16559	8000
13101	8000
19752	8000
3043	8000
25975	8000
5462	8000
20704	8000
8804	8000
4837	8000
10848	8000
31661	8000
5418	8000
26627	8000
14833	8000
19214	8000
25286	8000
32105	8000
40193	8000
46199	8000
15149	8000
27318	8000
24049	8000
27320	8000
33073	8000
28054	8000
30130	8000
30131	8000
40475	8000
8495	8000
15773	8000
4319	8000
36824	8000
13246	8000
42366	8000
40068	8000
38181	8000
26972	8000
5568	8000
29488	8000
8596	8000
43436	8000
11830	8000
24989	8000
15935	8000
34960	8000
29655	8000
34554	8000
14585	8000
31641	8000
40495	8000
6903	8000
12968	8000
38321	8000
4795	8000
3248	8000
8092	8000
6900	8000
18392	8000
42585	8000
56065	8000
8648	8000
5726	8000
49190	8000
24586	8000
41644	8000
8391	8000
48519	8000
12348	8000
22781	8000
44259	8000
13871	8000
44765	8000
39915	8000
25795	8000
393225	8000
10745	8000
393220	8000
394018	8000
31972	8000
17579	8000
48885	8000
42416	8000
23308	8000
14866	8000
15857	8000
39449	8000
42760	8000
7296	8000
7595	8000
9167	8000
46195	8000
49492	8000
31474	8000
24796	8000
13214	8000
48514	8000
19528	8000
21336	8000
42605	8000
46656	8000
31147	8000
1133	8000
29243	8000
9266	8000
48315	8000
4280	8000
49854	8000
43782	8000
43911	8000
47328	8000
20569	8000
5683	8000
26088	8000
28196	8000
21864	8000
49820	8000
24321	8000
49983	8000
44219	8000
50066	8000
42973	8000
38948	8000
48284	8000
12541	8000
17444	8000
50087	8000
38149	8000
9026	8000
30162	8000
38544	8000
9877	8000
30583	8000
52841	8000
1850	8000
26546	8000
51040	8000
6850	8000
8950	8000
12347	8000
23779	8000
53582	8000
22300	8000
20501	8000
48528	8000
37113	8000
50370	8000
9003	8000
50292	8000
51224	8000
50719	8000
53093	8000
20633	8000
36052	8000
15388	8000
29297	8000
30640	8000
25139	8000
38199	8000
46064	8000
46235	8000
19842	8000
51218	8000
15301	8000
196621	8000
41628	8000
55915	8000
44009	8000
16217	8000
8330	8000
2470	8000
46309	8000
13573	8000
20738	8000
16866	8000
28192	8000
2108	8000
46231	8000
33005	8000
6834	8000
52102	8000
21911	8000
7753	8000
49232	8000
197764	8000
13746	8000
31564	8000
26918	8000
56848	8000
29152	8000
9931	8000
57124	8000
53837	8000
3401	8000
30998	8000
53948	8000
45144	8000
54046	8000
27464	8000
12757	8000
57423	8000
38278	8000
27541	8000
51823	8000
18588	8000
50387	8000
198239	8000
29553	8000
39470	8000
42841	8000
57202	8000
20924	8000
41872	8000
27626	8000
12540	8000
46215	8000
4224	8000
53389	8000
48362	8000
52328	8000
41811	8000
46664	8000
132111	8000
14746	8000
12327	8000
24582	8000
54444	8000
57381	8000
33361	8000
6086	8000
51050	8000
57516	8000
198570	8000
34510	8000
198818	8000
59560	8000
16004	8000
40999	8000
45945	8000
34233	8000
36959	8000
50372	8000
41695	8000
33854	8000
57228	8000
28654	8000
198492	8000
34942	8000
40850	8000
262787	8000
3633	8000
48297	8000
19233	8000
50468	8000
61215	8000
197219	8000
55350	8000
51886	8000
50206	8000
198288	8000
10654	8000
9208	8000
10367	8000
132435	8000
34868	8000
21461	8000
18638	8000
132730	8000
132536	8000
29998	8000
198554	8000
197736	8000
27193	8000
49902	8000
49505	8000
36958	8000
16737	8000
38781	8000
132426	8000
56833	8000
21360	8000
262680	8000
262757	8000
53235	8000
28640	8000
60532	8000
12362	8000
262839	8000
29231	8000
14558	8000
52896	8000
61337	8000
50968	8000
20338	8000
32738	8000
197589	8000
37079	8000
59554	8000
26320	8000
262501	8000
132876	8000
3842	8000
60362	8000
3250	8000
52836	8000
52944	8000
3186	8000
15691	8000
10431	8000
52550	8000
62929	8000
62182	8000
22919	8000
393316	8000
16798	8000
62947	8000
199706	8000
12650	8000
262492	8000
26689	8000
51744	8000
14613	8000
11045	8000
29606	8000
15398	8000
199937	8000
46873	8000
24290	8000
4270	8000
200163	8000
53901	8000
263062	8000
14829	8000
45680	8000
62588	8000
28152	8000
57007	8000
52275	8000
58792	8000
53022	8000
132933	8000
393431	8000
46110	8000
262805	8000
20681	8000
393470	8000
131291	8000
52465	8000
45496	8000
20686	8000
263337	8000
200187	8000
21478	8000
201764	8000
52317	8000
61470	8000
262189	8000
52420	8000
52498	8000
52824	8000
17673	8000
29844	8000
29305	8000
45910	8000
58436	8000
10670	8000
29897	8000
39373	8000
52380	8000
63128	8000
12236	8000
24226	8000
61816	8000
35949	8000
201962	8000
201505	8000
32432	8000
11514	8000
45884	8000
27790	8000
62782	8000
33781	8000
22402	8000
50710	8000
13064	8000
263460	8000
4594	8000
28026	8000
11114	8000
28364	8000
9355	8000
32678	8000
30691	8000
40966	8000
52736	8000
3669	8000
196670	8000
54039	8000
133678	8000
50597	8000
393717	8000
36273	8000
45133	8000
61026	8000
32397	8000
59102	8000
2607	8000
201506	8000
262871	8000
133936	8000
199188	8000
59370	8000
47608	8000
57660	8000
37177	8000
37181	8000
22748	8000
51728	8000
263432	8000
9559	8000
132848	8000
131475	8000
48588	8000
132917	8000
20448	8000
63383	8000
21832	8000
12276	8000
201222	8000
36483	8000
52490	8000
60116	8000
52401	8000
26312	8000
39391	8000
34916	8000
53173	8000
63450	8000
11986	8000
34450	8000
10925	8000
393945	8000
32546	8000
18986	8000
29355	8000
26414	8000
63863	8000
19381	8000
30076	8000
30919	8000
134355	8000
394010	8000
11301	8000
53154	8000
198095	8000
28670	8000
264101	8000
9916	8000
25081	8000
200780	8000
6082	8000
133344	8000
53191	8000
46047	8000
28941	8000
52795	8000
39764	8000
262229	8000
32764	8000
11948	8000
48294	8000
12696	8000
44994	8000
64200	8000
200759	8000
394356	8000
132142	8000
49524	8000
52399	8000
263126	8000
201206	8000
327894	8000
16039	8000
198342	8000
16652	8000
3624	8000
57141	8000
18534	8000
37629	8000
7530	8000
53164	8000
52631	8000
42555	8000
15154	8000
17832	8000
7489	8000
262878	8000
198313	8000
201020	8000
202030	8000
30247	8000
62363	8000
131602	8000
25581	8000
47814	8000
11342	8000
28317	8000
49855	8000
263395	8000
48461	8000
37399	8000
33623	8000
18650	8000
39532	8000
262607	8000
262650	8000
263818	8000
41721	8000
63126	8000
265159	8000
34723	8000
262949	8000
135036	8000
23352	8000
21889	8000
52348	8000
12929	8000
394514	8000
264062	8000
52381	8000
50333	8000
198913	8000
262149	8000
57961	8000
60435	8000
52999	8000
203112	8000
28635	8000
63421	8000
37634	8000
196949	8000
202054	8000
27734	8000
27884	8000
131603	8000
53233	8000
21919	8000
262585	8000
51551	8000
52702	8000
135247	8000
43578	8000
264704	8000
55043	8000
264116	8000
8542	8000
262378	8000
204028	8000
20193	8000
56190	8000
203591	8000
30892	8000
20015	8000
135192	8000
28118	8000
3061	8000
262614	8000
327960	8000
30986	8000
26968	8000
17014	8000
199888	8000
198269	8000
31394	8000
202744	8000
327859	8000
33772	8000
200001	8000
201986	8000
23641	8000
197186	8000
3165	8000
32334	8000
131911	8000
64415	8000
27733	8000
202921	8000
199517	8000
199645	8000
49761	8000
32337	8000
52601	8000
196969	8000
200142	8000
12102	8000
31479	8000
263768	8000
53096	8000
327821	8000
207195	8000
199550	8000
198430	8000
201049	8000
199787	8000
20714	8000
26343	8000
198909	8000
50515	8000
204121	8000
202994	8000
52455	8000
8458	8000
201068	8000
264191	8000
11844	8000
207028	8000
133130	8000
62373	8000
131274	8000
200577	8000
9648	8000
197046	8000
201953	8000
263873	8000
393907	8000
135793	8000
61487	8000
198072	8000
202177	8000
26317	8000
52290	8000
62560	8000
264527	8000
59686	8000
14211	8000
199842	8000
132535	8000
35047	8000
206999	8000
395152	8000
199981	8000
265639	8000
264797	8000
199201	8000
14845	8000
7270	8000
262685	8000
133232	8000
196928	8000
15765	8000
207156	8000
199790	8000
40165	8000
264152	8000
42717	8000
56745	8000
18568	8000
50016	8000
264785	8000
61864	8000
199468	8000
38805	8000
29571	8000
31510	8000
24743	8000
265672	8000
37103	8000
263897	8000
266210	8000
136300	8000
52596	8000
37623	8000
262167	8000
46401	8000
328125	8000
327900	8000
52716	8000
136417	8000
56441	8000
263235	8000
28103	8000
206720	8000
59670	8000
266610	8000
262786	8000
262452	8000
134366	8000
136552	8000
10778	8000
28160	8000
36730	8000
37055	8000
265041	8000
134319	8000
264282	8000
7663	8000
32806	8000
52327	8000
52372	8000
30900	8000
265771	8000
206108	8000
263968	8000
10217	8000
27935	8000
133007	8000
263120	8000
267507	8000
264230	8000
265995	8000
52236	8000
37027	8000
131483	8000
263384	8000
264471	8000
52349	8000
263228	8000
52413	8000
263190	8000
16350	8000
24806	8000
5385	8000
27259	8000
265760	8000
265729	8000
57508	8000
265030	8000
265952	8000
201950	8000
328232	8000
136323	8000
25563	8000
61527	8000
43009	8000
135639	8000
132097	8000
51484	8000
18021	8000
200799	8000
19147	8000
197518	8000
395612	8000
395627	8000
47989	8000
205260	8000
132722	8000
265871	8000
15757	8000
200960	8000
42325	8000
263248	8000
136764	8000
266044	8000
263713	8000
263963	8000
37616	8000
263572	8000
5397	8000
327941	8000
131446	8000
43154	8000
137144	8000
266657	8000
131248	8000
31914	8000
203146	8000
63998	8000
60752	8000
59572	8000
134736	8000
52169	8000
134305	8000
135801	8000
198330	8000
60314	8000
265016	8000
24620	8000
60082	8000
267294	8000
266926	8000
16827	8000
204086	8000
204558	8000
203255	8000
205389	8000
198279	8000
132836	8000
64477	8000
204346	8000
202488	8000
21388	8000
46506	8000
61242	8000
59986	8000
48487	8000
134264	8000
132974	8000
136713	8000
328275	8000
205535	8000
268222	8000
45954	8000
263698	8000
28050	8000
28748	8000
265209	8000
197529	8000
136287	8000
18875	8000
3268	8000
328339	8000
37916	8000
396914	8000
202086	8000
133915	8000
328346	8000
23676	8000
266840	8000
206483	8000
23038	8000
37281	8000
200736	8000
132046	8000
136668	8000
25557	8000
263732	8000
63945	8000
396951	8000
394650	8000
396960	8000
61633	8000
266835	8000
137236	8000
31277	8000
37999	8000
56140	8000
209874	8000
394366	8000
58239	8000
25946	8000
48027	8000
57136	8000
266640	8000
208976	8000
209287	8000
397715	8000
265056	8000
22798	8000
135763	8000
133808	8000
209752	8000
139075	8000
6881	8000
42353	8000
7578	8000
51580	8000
2515	7800
34458	7800
25467	7800
266092	7800
20984	7700
9872	7700
328144	7600
34549	7500
33554	7200
199121	7200
27877	7200
22355	7200
135180	7168
135850	7168
135792	7168
137608	7168
9051	7100
136338	7096
37357	7072
23713	7000
42755	7000
34419	7000
28855	7000
15562	7000
21315	7000
31251	7000
52640	7000
29438	7000
198738	7000
203679	7000
41201	7000
30261	7000
57118	7000
200753	7000
47529	7000
20677	7000
63320	7000
18918	7000
51191	7000
38595	7000
395378	7000
265983	7000
263084	7000
40861	7000
205191	7000
20218	7000
26038	7000
137042	7000
262818	7000
263606	7000
206048	7000
328167	7000
202519	7000
63069	7000
134152	7000
328152	7000
132160	7000
136670	7000
138195	7000
209678	7000
210144	7000
18647	7000
17716	7000
396472	7000
136749	7000
30730	7000
19523	7000
37130	7000
267746	7000
13837	7000
15414	7000
52503	7000
137824	7000
132641	7000
54037	7000
39671	7000
61221	7000
138847	7000
13878	6800
138686	6600
208970	6600
33081	6500
61749	6400
38456	6200
266300	6200
7496	6200
132562	6144
131215	6144
58438	6144
134278	6144
135202	6144
267540	6144
202384	6020
39469	6000
33074	6000
27322	6000
26790	6000
24469	6000
21013	6000
19875	6000
10929	6000
14651	6000
25689	6000
55799	6000
8916	6000
48291	6000
52789	6000
135754	6000
49695	6000
199863	6000
132515	6000
45294	6000
393280	6000
17445	6000
133487	6000
52938	6000
52532	6000
135028	6000
43503	6000
37704	6000
132988	6000
262338	6000
43126	6000
265644	6000
48276	6000
37429	6000
38742	6000
200608	6000
134663	6000
28189	6000
133638	6000
267573	6000
45170	6000
328119	6000
131609	6000
328110	6000
267282	6000
47884	6000
205819	6000
266803	6000
328287	6000
62445	6000
263645	6000
327743	6000
210234	6000
48825	6000
268490	6000
38004	6000
39855	6000
24076	6000
136908	6000
14224	6000
37695	6000
197686	6000
201553	6000
39126	6000
63981	6000
15739	6000
35711	6000
131644	6000
52786	6000
209408	6000
36394	6000
60930	6000
200147	6000
23938	6000
267859	6000
266715	6000
37777	6000
34235	6000
12976	6000
134178	6000
267649	6000
135383	6000
29169	6000
31611	6000
207622	6000
266140	6000
267620	6000
131749	6000
17538	6000
59139	6000
137363	6000
24527	6000
138838	6000
58474	6000
133352	6000
58485	6000
38148	6000
38783	6000
45701	6000
136861	6000
135464	6000
138131	6000
60810	6000
59613	6000
207618	6000
34225	6000
33078	6000
39905	6000
33597	6000
38915	6000
134078	6000
327733	6000
18931	6000
202053	6000
39233	6000
202829	6000
264992	6000
139226	6000
11845	6000
23708	5800
52952	5800
28056	5600
200077	5600
136990	5600
265238	5600
263401	5500
44977	5200
139641	5150
38457	5120
264290	5120
134883	5120
134035	5120
135854	5120
263374	5120
58405	5120
135184	5048
53106	5048
12414	5000
27848	5000
27319	5000
49432	5000
43407	5000
50234	5000
51446	5000
33522	5000
134391	5000
134399	5000
134395	5000
134396	5000
18210	5000
58620	5000
134390	5000
50809	5000
56260	5000
56233	5000
13926	5000
34274	5000
37674	5000
40809	5000
26156	5000
201353	5000
50607	5000
52769	5000
262957	5000
37455	5000
19807	5000
52884	5000
206506	5000
12732	5000
136358	5000
204981	5000
45587	5000
133354	5000
131314	5000
200590	5000
205844	5000
203649	5000
33582	5000
37428	5000
209673	5000
207146	5000
50377	5000
43065	5000
46939	5000
328476	5000
137178	5000
268809	5000
328223	5000
132445	5000
199976	5000
327906	5000
61802	5000
9145	5000
51313	5000
37266	5000
266344	5000
266020	5000
48626	4900
52419	4800
264752	4800
265865	4700
262231	4500
24206	4400
265715	4400
37638	4400
21056	4300
24594	4200
137069	4200
200303	4200
262756	4096
136230	4096
27754	4096
264238	4096
132540	4048
38712	4024
30122	4000
30133	4000
6102	4000
12759	4000
1798	4000
34362	4000
41357	4000
19468	4000
131310	4000
34407	4000
28801	4000
28187	4000
22431	4000
262561	4000
262695	4000
31222	4000
61902	4000
393626	4000
52722	4000
52669	4000
60501	4000
11910	4000
28307	4000
264311	4000
52813	4000
51786	4000
57254	4000
202627	4000
134832	4000
198374	4000
262466	4000
264708	4000
35489	4000
265027	4000
264022	4000
264795	4000
133615	4000
23667	4000
205381	4000
262711	4000
267219	4000
202313	4000
266494	4000
135597	4000
266149	4000
52326	4000
24691	4000
135841	4000
6233	4000
135055	4000
33569	4000
43338	4000
29097	4000
206945	4000
200191	4000
205168	4000
268525	4000
268144	4000
134863	4000
31960	4000
36865	4000
138627	4000
135415	4000
131636	4000
26709	4000
7727	4000
135719	4000
6505	4000
135218	4000
30272	4000
6373	4000
208097	4000
138143	4000
52436	4000
59766	4000
268710	4000
29636	4000
20766	4000
44134	4000
30803	4000
28846	4000
41497	4000
56511	4000
202032	4000
30933	4000
327909	4000
262644	4000
264580	4000
52547	4000
24446	4000
134946	4000
24243	4000
268060	3900
265409	3500
267326	3500
268619	3500
55680	3480
207401	3300
5560	3200
2854	3200
198290	3200
263978	3200
266365	3200
201494	3100
37186	3100
7532	3072
42235	3072
205086	3072
138115	3072
27659	3072
58898	3072
134605	3072
131442	3072
393807	3072
134922	3072
53192	3020
52681	3000
37098	3000
47748	3000
61785	3000
49933	3000
62100	3000
42183	3000
131247	3000
135000	3000
25516	3000
209263	3000
23923	3000
201695	3000
134933	3000
57166	3000
398202	3000
202347	3000
139329	3000
43928	3000
133089	3000
267386	3000
266598	3000
135480	3000
24207	3000
138130	3000
137378	3000
24212	3000
138887	3000
38776	3000
38150	3000
139605	3000
63874	3000
137316	3000
139446	3000
56239	3000
139972	3000
139909	3000
201714	3000
139956	3000
135323	3000
55789	3000
135234	3000
28602	3000
396841	3000
52356	3000
138876	3000
138745	3000
139528	3000
269258	3000
60304	3000
30286	3000
43518	3000
209152	3000
47442	3000
207549	3000
138365	3000
23679	3000
38143	3000
49781	3000
139431	3000
45296	3000
131773	3000
58401	3000
138119	3000
138079	3000
136088	3000
137358	3000
138276	3000
34019	3000
23342	3000
3130	3000
27781	3000
39145	3000
46609	3000
14333	3000
39583	3000
52344	3000
264262	3000
38515	3000
133651	3000
266260	3000
135848	3000
136255	3000
197197	3000
50903	3000
59164	3000
61092	3000
135780	3000
135269	3000
204982	3000
45630	3000
136642	3000
267263	3000
56791	2800
47522	2800
262527	2750
28589	2500
262307	2500
207866	2500
264555	2450
13917	2400
47138	2400
35053	2400
16210	2400
29140	2400
1880	2400
53114	2400
53166	2400
61319	2400
263356	2400
197890	2400
264754	2400
266280	2400
53209	2400
204994	2400
6083	2200
48252	2200
24232	2200
48126	2200
24005	2200
263548	2100
132268	2100
34800	2100
27967	2048
132559	2048
53127	2048
135226	2048
52688	2048
49653	2000
137937	2000
37698	2000
21659	2000
267654	2000
138988	2000
134522	2000
31673	2000
268523	2000
266545	2000
270383	2000
265297	2000
52477	2000
63882	2000
196922	2000
50311	2000
208817	2000
328543	2000
137159	2000
263720	2000
135964	2000
263762	2000
37708	2000
139833	2000
209109	2000
41666	2000
34927	2000
207317	2000
207654	2000
327720	2000
139978	2000
14295	2000
18520	2000
132448	2000
38771	2000
8201	2000
24541	2000
12826	2000
29449	2000
41495	2000
8820	2000
47617	2000
18221	2000
41471	2000
35260	2000
36687	2000
45500	2000
26253	2000
55761	2000
47297	2000
38757	2000
11624	2000
55658	2000
132646	2000
199516	2000
17561	2000
263536	2000
28328	2000
15672	2000
197922	2000
19116	2000
37363	2000
204005	2000
263555	2000
61913	2000
327850	2000
22549	2000
134877	2000
131459	2000
134259	2000
328033	2000
59432	2000
263043	2000
54721	2000
327814	2000
48105	2000
263143	2000
262887	2000
57695	2000
52923	2000
394102	2000
265959	2000
59368	2000
42774	2000
60975	2000
136370	2000
136708	2000
35135	2000
327817	2000
138910	2000
24953	2000
30126	2000
2042	2000
41393	2000
197669	2000
20406	2000
23201	2000
56203	2000
29170	2000
133536	2000
38496	2000
52936	2000
327761	2000
134204	2000
37302	2000
328262	2000
206235	2000
61218	2000
61203	1900
6853	1800
58475	1800
263755	1800
27024	1750
12577	1700
37223	1700
51159	1700
198721	1700
29876	1600
36184	1600
23710	1600
24048	1600
21476	1600
12381	1600
29259	1600
18227	1600
55865	1600
40034	1600
39931	1600
197551	1600
63829	1600
35551	1600
51349	1600
48310	1600
47628	1600
17400	1600
263290	1600
42310	1600
263893	1600
133501	1600
264608	1600
60718	1600
24880	1600
45956	1600
39010	1600
266896	1600
52387	1600
206782	1600
209291	1600
35579	1500
54210	1500
267126	1500
209530	1500
262416	1500
53046	1500
45220	1400
17895	1400
9189	1400
137935	1400
24129	1300
43573	1300
6066	1240
28262	1200
24892	1200
42587	1200
15401	1200
43853	1200
139249	1124
18052	1100
131668	1100
17890	1100
209555	1100
209022	1100
267427	1024
133989	1024
23893	1024
55806	1024
18230	1024
9115	1007
197038	1000
207491	1000
6735	1000
60391	1000
52545	1000
52998	1000
58145	1000
7562	1000
266571	1000
268280	1000
30362	1000
267732	1000
37622	1000
39070	1000
36827	1000
267830	1000
269040	1000
267062	1000
21058	1000
267833	1000
16921	1000
328518	1000
53057	1000
269432	1000
49752	1000
51001	1000
63027	1000
133809	1000
207770	1000
136244	1000
207439	1000
45424	1000
131091	1000
139021	1000
22425	1000
269091	1000
206215	1000
205920	1000
269875	1000
139449	1000
213377	1000
268268	1000
36198	1000
23855	1000
139628	1000
213342	1000
41051	1000
134917	1000
62321	1000
135225	1000
35568	1000
138663	1000
36936	1000
268821	1000
53185	1000
54728	1000
57782	1000
58731	1000
328441	1000
4618	1000
20932	1000
24050	1000
33071	1000
34505	1000
6775	1000
7469	1000
17824	1000
42473	1000
15177	1000
37159	1000
3595	1000
27413	1000
59414	1000
47692	1000
31402	1000
28198	1000
27693	1000
202194	1000
26753	1000
24492	1000
132679	1000
133043	1000
17469	1000
199230	1000
327908	1000
45951	1000
50677	1000
262568	1000
17416	1000
262713	1000
25435	1000
53094	1000
132372	1000
41651	1000
135876	1000
135425	1000
136451	1000
52373	1000
41139	1000
48507	1000
134265	1000
133311	1000
39650	1000
204708	1000
136175	1000
328255	1000
205614	1000
205964	1000
205718	1000
37395	1000
328043	1000
136982	1000
137273	1000
203976	1000
204671	1000
32030	1000
57581	1000
204633	1000
328229	1000
206262	1000
33932	1000
135190	1000
42181	1000
137016	1000
17806	1000
138536	1000
202328	1000
34553	1000
327796	1000
209626	1000
4842	1000
24124	1000
208848	1000
204326	1000
138056	1000
138632	900
9341	900
21246	900
13049	880
55420	880
30889	800
23310	800
11271	800
34746	800
33472	800
15436	800
25752	800
30141	800
41037	800
20507	800
41399	800
1982	800
8481	800
25504	800
29430	800
14970	800
34764	800
13105	800
34144	800
21840	800
44212	800
28929	800
23677	800
20081	800
9290	800
15716	800
31555	800
20483	800
31653	800
33211	800
42937	800
45425	800
24238	800
49867	800
3661	800
4641	800
14166	800
47302	800
17501	800
196967	800
28182	800
36275	800
46373	800
197439	800
2597	800
196763	800
32586	800
26106	800
12431	800
45444	800
48913	800
13591	800
10015	800
57821	800
18149	800
38190	800
35399	800
61044	800
24006	800
47762	800
31319	800
18612	800
36315	800
173	800
27983	800
133444	800
12822	800
11008	800
59752	800
199547	800
8310	800
132645	800
8922	800
56109	800
24347	800
59919	800
17970	800
263928	800
37120	800
56204	800
50623	800
133072	800
25491	800
48847	800
11947	800
35001	800
49640	800
24634	800
266475	800
21201	800
393629	800
205610	800
262266	800
131996	800
38217	800
57089	800
37190	800
62230	800
267673	800
202806	800
204909	800
204662	800
17689	800
264650	800
34527	800
12556	800
204188	800
37472	800
266355	800
266133	800
52920	750
35090	700
39615	700
38887	700
31680	700
25433	700
6734	700
16347	700
42492	700
12854	700
52186	700
17747	700
328107	700
52051	700
203040	700
266687	700
204185	700
265890	700
268539	700
5377	700
10678	600
36388	600
9327	600
19089	600
34578	600
133318	600
46045	600
264382	600
267801	600
27806	600
32398	600
264602	600
4558	524
5764	500
29471	500
29590	500
39180	500
24632	500
45054	500
52828	500
28303	500
137936	500
62166	500
53061	500
9601	500
264756	480
267083	420
29006	400
48344	400
262716	400
265702	400
44207	400
59340	400
328522	400
205927	400
201146	400
61903	400
28215	400
18719	400
48821	400
208063	400
263486	400
327822	400
203968	400
28211	400
265356	400
265464	400
267520	400
37192	360
31055	320
268713	300
36369	300
207454	300
328585	300
207394	300
209645	300
39196	300
9892	300
8338	300
53216	300
132531	240
44024	200
204438	200
13287	200
37286	200
140219	200
51778	200
47902	200
24776	200
24381	200
35821	200
30528	200
5111	200
56662	200
132022	200
58578	200
132882	200
327775	200
132376	200
133309	200
134232	200
36889	200
8661	200
2499	160
327981	160
203615	120
140244	100
213386	100
10557	100
135206	100
27744	100
202301	100
213253	100
55784	100
21158	100
209833	100
16242	100
9229	100
56911	100
33983	100
131477	100
38592	100
138023	100
202479	100
206610	100
57757	100
205523	100
266551	100
35145	100
16503	90
15434	80
50088	80
13357	80
393853	80
37224	80
15469	60
37044	60
36997	60
61417	60
39271	50
213330	50
20291	50
55822	46
37209	42
43660	40
132003	32
269163	20
54049	16
37062	12
269104	10
21693	10
263855	9
37133	8
52423	7
137653	3
13594	2
13273	2
270320	1
6762	0
32787	0
2519	0
31133	0
26193	0
8015	0
17222	0
60497	0
21339	0
8470	0
51324	0
21083	0
327692	0
4755	0
6895	0
327976	0
56196	0
15932	0
57724	0
200125	0
41841	0
56575	0
198529	0
44124	0
196883	0
37424	0
6300	0
198035	0
197318	0
38942	0
42935	0
20530	0
198187	0
48694	0
43171	0
50095	0
200602	0
35199	0
200750	0
197181	0
3169	0
199510	0
44784	0
197345	0
22541	0
200089	0
52031	0
55714	0
43495	0
198007	0
48629	0
41833	0
62328	0
197697	0
199774	0
203937	0
203742	0
35787	0
206910	0
51863	0
197809	0
41379	0
42374	0
197099	0
42852	0
60755	0
29070	0
61154	0
202936	0
197295	0
198709	0
198424	0
198906	0
199265	0
197572	0
203505	0
203306	0
59611	0
198214	0
206489	0
10355	0
263097	0
57890	0
203765	0
199005	0
51101	0
62201	0
197375	0
199381	0
60219	0
196979	0
395478	0
56983	0
57665	0
3352	0
198766	0
201531	0
197437	0
201001	0
51960	0
199341	0
51068	0
265692	0
262690	0
206762	0
37087	0
52414	0
3582	0
59776	0
201332	0
264857	0
57945	0
197766	0
203157	0
33494	0
135895	0
49633	0
264853	0
10803	0
133859	0
206736	0
205073	0
21030	0
52664	0
62184	0
3249	0
206406	0
263699	0
264013	0
199473	0
132556	0
36707	0
205384	0
57332	0
198493	0
56324	0
57701	0
202626	0
57101	0
203582	0
136857	0
197837	0
136336	0
41044	0
50916	0
198081	0
37345	0
19091	0
28468	0
41297	0
203667	0
138222	0
31230	0
327753	0
60265	0
209854	0
24064	0
202434	0
328111	0
268801	0
396300	0
47237	0
206460	0
137597	0
136994	0
328401	0
52473	0
27017	0
10361	0
131954	0
49941	0
12833	0
60119	0
52544	0
199138	0
58158	0
32082	0
37550	0
27993	0
395326	0
209451	0
207306	0
43824	0
134331	0
207834	0
269826	0
328055	0
51185	0
265777	0
205897	0
207071	0
18997	0
56523	0
59598	0
204479	0
24257	0
38207	0
206479	0
135031	0
2486	0
33333	0
47950	0
17048	0
210283	0
50321	0
51262	0
63830	0
26930	0
43653	0
