32934	152900000
714	138320000
16509	135520000
8075	91770000
13335	81920000
54113	60910000
20940	58390000
22822	44490000
16276	37870000
6939	28433000
46489	27780000
17676	25900000
6805	20480000
33891	19130000
7342	17000000
3209	16100000
31334	15600000
39386	13833000
2516	12910000
25506	12070000
6461	11581000
3356	10886000
2497	10650000
9498	10650000
64049	10580000
328058	10000000
19679	9220000
4230	9160000
8447	9000000
2119	8710000
28604	8510000
29990	8500000
9002	7830000
20115	7810000
15169	7730000
12389	7450000
6667	7320000
1136	7200000
2856	7000000
5650	6920000
63293	6920000
49544	6852000
8966	6806000
3216	6670000
4181	6600000
2635	6570000
2518	6470000
12552	6230000
4637	6183000
2914	6180000
8473	6130000
226	6100000
38022	6000000
1267	5991000
41095	5773000
55391	5730000
5607	5700000
6830	5640010
17511	5550000
6730	5473000
15133	5430000
9009	5270000
5578	5050000
5400	5046000
265950	4907000
21320	4863000
8359	4640000
12989	4590000
12874	4510000
20485	4370000
2527	4360000
36408	4298000
2514	4210000
5410	4200000
6774	4161000
57344	4160000
25933	4100000
5089	4000000
16086	4000000
34756	4000000
328045	4000000
6327	3980000
2686	3910000
36459	3890000
29314	3860000
12189	3859000
61832	3790040
680	3760000
15435	3760000
2907	3703000
2603	3700000
38634	3700000
2818	3690000
56478	3610000
4760	3600000
13285	3550000
58453	3540000
6079	3520000
52320	3520000
1547	3426000
15557	3420000
1103	3404000
45899	3320000
7843	3270000
12713	3200000
22356	3200000
15412	3190000
15305	3180000
61955	3090000
132164	3084000
11164	3070000
16591	3060000
47541	3050000
13030	3030000
5645	3010000
37447	3003000
1273	3000000
18734	3000000
23620	3000000
38082	2980000
32098	2940000
15704	2930000
28663	2896000
52580	2856000
12322	2830000
35228	2800000
4556	2800000
6507	2700000
9304	2664000
6509	2620000
46786	2610000
13768	2509000
24785	2500000
11260	2490000
12430	2440000
23393	2410000
3292	2400000
11404	2400000
37100	2327000
3265	2300000
36692	2284200
20880	2280000
202276	2280000
9824	2240000
24203	2210000
39651	2210000
25192	2201000
786	2200000
2510	2200000
30722	2200000
9121	2180000
9534	2180000
1257	2160300
5588	2140000
12083	2140000
23520	2140000
14413	2120000
29535	2120000
327693	2116000
16637	2110000
2711	2110000
668	2100000
62041	2100000
40356	2060000
19151	2050000
42708	2050000
7575	2020000
27381	2010000
812	2000000
5432	2000000
8717	2000000
6661	2000000
262206	2000000
15962	2000000
11888	2000000
270346	2000000
38091	1960000
7195	1930000
23563	1880000
9318	1865000
55818	1811000
20504	1800000
15802	1800000
3630	1800000
137872	1800000
4739	1790000
34224	1745000
23576	1700000
12714	1675000
35320	1670000
4800	1630000
43531	1611000
42525	1610000
28368	1610000
3255	1600000
9680	1600000
12479	1600000
50384	1590000
34984	1590000
18403	1560000
5713	1540210
37271	1540000
8426	1538000
47377	1520000
37662	1520000
9269	1519000
8529	1514000
6057	1510000
26615	1500000
13760	1500000
132203	1470000
11232	1460000
5413	1440000
264144	1440000
5378	1440000
2851	1430000
59605	1420000
1741	1420000
7738	1410000
15542	1400000
23184	1390000
30517	1380000
23881	1380000
47764	1350000
38895	1350000
22646	1340000
13037	1310000
109	1307000
12200	1300000
4134	1300000
7029	1300000
40788	1300000
12849	1290000
4766	1260000
30600	1260000
3327	1254000
9505	1250000
31500	1250000
34867	1250000
52941	1250000
8657	1240000
3741	1230800
197595	1230000
396253	1224000
9050	1220000
13489	1220000
702	1202000
3491	1201000
2828	1200000
31027	1200000
4648	1200000
58073	1200000
393565	1200000
53180	1200000
17072	1200000
46450	1190000
6128	1190000
2116	1170000
18081	1160000
38880	1160000
7155	1130000
31655	1120000
6768	1120000
200981	1120000
47605	1110000
62887	1110000
28580	1109000
2852	1100000
4713	1100000
293	1100000
11269	1100000
4761	1084000
23473	1079000
14630	1074000
7545	1070000
36089	1050000
6614	1040000
4685	1030000
10474	1020000
50304	1020000
48237	1010000
53013	1010000
40428	1000000
3601	1000000
33362	1000000
58682	1000000
61449	1000000
49378	1000000
13170	1000000
137922	1000000
13445	994000
17451	980000
28146	980000
64050	980000
197790	970000
25180	960000
196925	960000
55900	960000
15600	950000
9930	950000
15224	950000
28343	942000
43727	940000
30094	930000
28126	930000
2906	920000
34218	920000
62955	920000
14868	917500
27471	910000
16904	910000
30844	905000
9723	900000
10143	900000
39608	900000
28260	900000
24748	900000
6697	900000
2559	900000
267056	900000
205216	900000
132825	900000
47582	900000
17639	893000
14282	892000
24115	884000
18705	880000
7795	880000
29119	880000
44050	878000
262503	876000
262740	860000
11686	850000
31939	850000
200455	840000
263903	840000
8455	835000
38883	832000
9231	832000
4773	830000
52871	830000
30781	827000
52925	820000
52840	820000
54133	820000
35407	810000
6866	810000
17559	810000
35753	810000
53766	810000
25358	808000
22689	808000
26415	804000
9354	802000
28158	801000
2110	800000
39202	800000
33915	800000
10030	800000
766	800000
62	800000
54183	800000
54312	800000
27715	800000
63221	800000
201641	800000
59027	800000
36062	800000
20943	800000
6465	800000
202425	800000
28338	790000
19009	790000
21976	790000
2611	780000
9116	780000
45158	780000
8781	777000
12353	770000
262355	770000
53162	762000
27475	760000
18106	754000
7552	750000
33132	750000
21245	750000
5009	740000
263297	740000
10026	737930
263327	731000
262287	730020
7473	730000
24940	730000
9595	730000
6908	723000
1680	720000
2860	720000
6412	720000
39326	714000
18121	710000
26801	710000
200020	703000
852	700000
29550	700000
577	700000
5603	700000
13124	700000
25512	700000
38790	700000
8095	700000
265937	700000
61400	700000
59930	700000
209222	700000
7418	700000
28598	700000
136106	686000
3786	680000
5483	680000
4258	680000
43332	680000
23148	678000
58507	675000
703	672700
43205	670000
26162	670000
62904	670000
8632	660000
23404	660000
37153	660000
30081	660000
23889	651000
24033	650000
28716	650000
7679	650000
25885	640000
9500	640000
263073	640000
12392	640000
30990	640000
45780	639000
2687	638000
15830	633000
4651	630000
262848	629000
12731	625000
12956	623000
4788	620300
21574	618000
9924	612700
21385	612000
5769	610000
2152	601000
21502	600000
9070	600000
29695	600000
43646	600000
21321	600000
32184	600000
39832	600000
38819	600000
45204	600000
6848	600000
49685	600000
7415	600000
33438	600000
6471	600000
49477	600000
6407	597000
39912	596000
44053	592300
38622	590000
38858	590000
17709	590000
262659	590000
51500	590000
36924	581000
37168	580000
262773	575000
48919	575000
262729	570000
41798	570000
7992	560000
6181	560000
35432	560000
132132	560000
9031	559000
559	550000
8462	550000
35213	547000
138132	542000
5511	540000
12871	540000
9365	540000
53158	540000
46	540000
9342	540000
43561	530000
262428	530000
264668	528000
28171	520000
263665	520000
719	520000
41998	520000
62044	520000
13189	517000
13193	510000
26803	510000
11758	510000
137	505000
31272	503600
25899	500000
13249	500000
7632	500000
36040	500000
34700	500000
17941	500000
49158	500000
39642	500000
262778	500000
42830	500000
197482	500000
23693	500000
19324	500000
35362	500000
327987	500000
206819	500000
266989	500000
50473	500000
28624	490000
133612	490000
267469	490000
9729	489000
58601	480000
13576	480000
6922	480000
17885	480000
262807	476500
7862	476000
8452	470000
51069	470000
36236	470000
10310	460000
19108	460000
37282	460000
12129	460000
263080	460000
22616	460000
15419	452000
14026	450000
262468	450000
27988	450000
62668	450000
53184	440480
7670	440000
30419	440000
7049	440000
63242	440000
58530	440000
43668	440000
136743	440000
137831	440000
52005	438000
26554	433000
11814	430000
9667	430000
45558	430000
14969	426000
4635	421000
24130	420000
4787	420000
12678	420000
51852	420000
202023	420000
131917	420000
10036	420000
11979	420000
34244	419000
48166	417000
22724	417000
12041	414000
3267	411000
28202	411000
19165	410000
6067	410000
27524	410000
21371	410000
9299	410000
15958	410000
53065	410000
61102	410000
45638	410000
28331	410000
36937	409000
20144	406000
9650	406000
132296	405000
52551	404000
6447	402800
38466	402000
58580	401000
9044	400000
14492	400000
8365	400000
29422	400000
11096	400000
17819	400000
25577	400000
39102	400000
36351	400000
39704	400000
25668	400000
20845	400000
60339	400000
31242	400000
8535	400000
35717	400000
15517	400000
1424	400000
13147	400000
8866	400000
41678	400000
28666	400000
28267	400000
8448	400000
19996	400000
18260	400000
18182	400000
41164	400000
35193	400000
58209	400000
47242	400000
25255	400000
48634	400000
54998	400000
22147	400000
8445	400000
5403	400000
10118	400000
17054	400000
9902	400000
197451	400000
56038	400000
3261	400000
52579	400000
17012	400000
132680	400000
48620	400000
50204	400000
44735	400000
28576	400000
327991	400000
13807	400000
44416	400000
27919	400000
40526	400000
3754	400000
28554	400000
30838	400000
30818	400000
58941	400000
64220	400000
6307	400000
135262	400000
24703	400000
266167	400000
55182	400000
27925	400000
54827	400000
20347	400000
50129	400000
49374	400000
4657	398000
16302	394000
47481	392000
17924	390000
27747	390000
262476	390000
53037	390000
12709	390000
3320	384000
50643	380000
21413	380000
38333	380000
264215	380000
41206	380000
266931	380000
32286	378000
11666	374000
37417	374000
27589	373000
8308	372000
10098	371000
44843	371000
23498	370000
26496	370000
5391	370000
15085	370000
7600	370000
58243	370000
53240	370000
41018	370000
26446	370000
14340	368600
24751	367000
28649	367000
136557	364000
28330	363000
35745	361000
44684	360000
34610	360000
1241	360000
18278	360000
10158	360000
197888	360000
262731	360000
56444	360000
49824	360000
34305	360000
47872	360000
8674	358000
3300	357000
52696	355000
30041	350000
17922	350000
28229	350000
262760	350000
8968	350000
26120	350000
38987	350000
38107	340000
21232	340000
56396	340000
28191	340000
37693	340000
24324	340000
16570	340000
136784	340000
17583	340000
267484	340000
43729	340000
61323	340000
17665	339000
262865	339000
1828	335000
263421	334000
13000	331000
12859	330000
33011	330000
40029	330000
262664	330000
60169	330000
16110	330000
1239	326000
7475	321000
8487	320300
14361	320000
6677	320000
7782	320000
12310	320000
16700	320000
7311	320000
28665	320000
56258	320000
59384	320000
35761	320000
394497	320000
12847	320000
265399	320000
41194	320000
25019	320000
7385	320000
9605	320000
10003	318000
20121	315000
45352	313000
38327	313000
47422	313000
9264	312000
24916	310000
3701	310000
29009	310000
8399	310000
20773	310000
3262	310000
17547	310000
10029	310000
31463	310000
30539	310000
24277	310000
21488	310000
37678	310000
63516	310000
133403	310000
36873	310000
199319	310000
39251	310000
202409	310000
37697	310000
41552	309000
134697	308600
9749	305000
18283	304000
28125	304000
22691	302000
12654	301000
10835	301000
701	300000
2381	300000
237	300000
6695	300000
2529	300000
12306	300000
40511	300000
36944	300000
6473	300000
39605	300000
11403	300000
26163	300000
9008	300000
59900	300000
48918	300000
1406	300000
8530	300000
33083	300000
25148	300000
17534	300000
18268	300000
34056	300000
39545	300000
36012	300000
1422	300000
26677	300000
36280	300000
10302	300000
45031	300000
42000	300000
2614	300000
55569	300000
23786	300000
47708	300000
47264	300000
36222	300000
11142	300000
38651	300000
262403	300000
13825	300000
61374	300000
52752	300000
51409	300000
9993	300000
3128	300000
10578	300000
63270	300000
3252	300000
262485	300000
9834	300000
53078	300000
63290	300000
9029	300000
16851	300000
36734	300000
11550	300000
30028	300000
42981	300000
41508	300000
18747	300000
48956	300000
35434	300000
196729	300000
202103	300000
202196	300000
45269	300000
29107	300000
18255	300000
56931	300000
21808	300000
8819	300000
131937	300000
39507	300000
205139	300000
101	300000
44066	300000
376	300000
3257	298000
57866	296000
64315	296000
132215	295000
23930	294000
21777	291000
3302	290000
9957	290000
35805	290000
20459	290000
9997	290000
1659	290000
53152	290000
43656	290000
199503	290000
61157	290000
34120	290000
22697	290000
13786	290000
10010	290000
28201	288000
49290	282500
262847	282000
7713	281000
39899	280080
1836	280000
9246	280000
41420	280000
16735	280000
262505	280000
27955	280000
34058	280000
9457	280000
45011	280000
136907	280000
8540	280000
47195	279000
35575	277000
38758	274000
4780	273000
37613	273000
13896	273000
21409	270000
19318	270000
13370	270000
59536	270000
18450	270000
39444	270000
7162	270000
327901	270000
131912	270000
396356	270000
263616	270000
15598	270000
15763	266500
12693	262500
13009	260000
18200	260000
23089	260000
7671	260000
30950	260000
17882	260000
3225	260000
52751	260000
37892	260000
262343	260000
134139	260000
26133	260000
39551	260000
131934	260000
15377	260000
58057	258000
133120	257500
37358	256000
4818	250000
28166	250000
23783	250000
44788	250000
55329	250000
23114	250000
54329	250000
19189	250000
28370	250000
52908	250000
23704	250000
52468	250000
133930	250000
41275	250000
13122	249000
224	249000
262532	248832
202004	247000
132770	246000
61189	246000
266448	245000
42456	243600
52937	243000
37105	240000
22742	240000
12387	240000
40220	240000
16243	240000
56329	240000
262444	240000
10002	240000
23778	240000
55785	240000
22363	240000
59460	240000
199408	240000
1759	240000
56309	240000
35640	240000
6799	240000
37611	240000
60474	238900
42	238700
59699	238400
9297	238000
38861	238000
56308	237000
197727	235000
38322	232000
19889	231000
12350	230000
31727	230000
6663	230000
5541	230000
6679	230000
263055	230000
37150	230000
4557	230000
41096	230000
26613	230000
21367	230000
32233	230000
50050	230000
37468	230000
10021	228000
262732	228000
20910	228000
32217	228000
24709	227000
34803	226000
28258	224000
23105	224000
37254	223000
4770	221000
34245	220000
18150	220000
8544	220000
24852	220000
11835	220000
23314	220000
327698	220000
28145	220000
204053	220000
21559	220000
32505	220000
204222	220000
51060	220000
53147	220000
44646	220000
1280	219000
58307	219000
51706	218000
15399	216000
62040	215040
55720	214000
45437	213000
264493	213000
53115	212000
25818	211800
45629	211500
8343	211000
56828	211000
10490	210000
7752	210000
16586	210000
27008	210000
4844	210000
16371	210000
13243	210000
50821	210000
4628	210000
56030	210000
22772	210000
25460	210000
57353	210000
50272	210000
10094	210000
50629	210000
10019	210000
262516	210000
28978	210000
28349	210000
52689	210000
51018	210000
37515	210000
42504	210000
262441	210000
49102	210000
327984	210000
263880	210000
199723	210000
200889	210000
60191	210000
199250	210000
40317	210000
263998	210000
50083	210000
54198	210000
35709	210000
137280	210000
31898	210000
197113	208000
132255	207000
28605	206000
37028	205500
11377	204800
7610	203030
262854	203000
200539	203000
39184	202000
14537	201024
23678	201000
24183	201000
9245	201000
9435	201000
8607	200000
15422	200000
25441	200000
25309	200000
35028	200000
16150	200000
3605	200000
8897	200000
27552	200000
6315	200000
15366	200000
16713	200000
30914	200000
25761	200000
12312	200000
31477	200000
16082	200000
5467	200000
20161	200000
8732	200000
2544	200000
2044	200000
27924	200000
21221	200000
12969	200000
855	200000
34594	200000
8608	200000
13868	200000
35819	200000
36416	200000
8057	200000
48971	200000
8903	200000
17514	200000
1930	200000
32869	200000
8896	200000
11030	200000
50295	200000
34555	200000
18678	200000
15474	200000
9186	200000
49788	200000
17955	200000
59835	200000
34456	200000
394739	200000
7642	200000
8821	200000
55480	200000
47155	200000
10297	200000
15440	200000
21099	200000
62047	200000
5619	200000
35017	200000
50606	200000
10973	200000
13730	200000
1251	200000
23316	200000
19169	200000
14265	200000
51243	200000
18129	200000
43833	200000
46043	200000
393223	200000
3333	200000
18978	200000
60955	200000
12996	200000
20836	200000
22799	200000
28224	200000
28667	200000
11815	200000
8055	200000
28668	200000
15502	200000
7057	200000
37596	200000
26609	200000
12338	200000
62752	200000
61231	200000
32204	200000
393523	200000
62715	200000
36112	200000
263311	200000
53597	200000
54665	200000
26479	200000
57864	200000
44356	200000
26292	200000
199860	200000
12670	200000
197013	200000
10733	200000
13739	200000
11468	200000
6994	200000
31950	200000
54527	200000
11924	200000
262696	200000
11280	200000
17310	200000
24611	200000
6325	200000
63124	200000
20952	200000
28310	200000
20850	200000
14627	200000
46435	200000
33713	200000
263535	200000
17809	200000
4809	200000
41046	200000
23669	200000
59899	200000
9615	200000
202119	200000
24249	200000
58589	200000
25083	200000
44914	200000
37439	200000
134053	200000
20717	200000
20715	200000
200852	200000
38924	200000
9146	200000
22442	200000
12735	200000
54290	200000
29866	200000
11240	200000
18419	200000
6122	200000
13977	200000
47438	200000
262457	200000
265206	200000
35205	200000
56890	200000
62499	200000
27618	200000
41549	200000
32212	200000
48793	200000
27216	200000
263482	200000
17726	200000
24572	200000
202895	200000
15669	200000
264437	200000
56282	200000
61584	200000
51619	200000
198537	200000
41026	200000
11014	200000
200594	200000
198948	200000
197667	200000
24271	200000
198418	200000
28545	200000
47254	200000
58863	200000
55805	200000
34092	200000
60860	200000
43509	200000
198525	200000
52106	200000
51636	200000
206890	200000
41160	200000
204126	200000
48503	200000
50705	200000
51390	200000
5582	200000
50767	200000
43571	200000
133206	200000
202228	200000
37701	200000
37699	200000
62622	200000
43679	200000
135814	200000
21171	200000
395466	200000
13381	200000
58942	200000
58943	200000
63839	200000
63832	200000
64219	200000
64216	200000
64222	200000
395081	200000
58548	200000
395383	200000
394625	200000
24745	200000
198551	200000
15924	200000
37340	200000
3662	200000
203165	200000
39431	200000
206314	200000
2590	200000
35614	200000
53231	200000
6917	200000
61917	200000
28658	200000
3479	200000
134312	200000
39840	200000
39871	200000
45187	200000
198371	200000
394308	200000
15659	200000
131920	200000
34612	200000
8895	200000
40217	200000
4673	200000
56635	200000
57279	200000
35539	200000
55872	200000
201105	200000
7337	200000
61053	200000
264450	200000
56864	200000
31004	200000
18390	200000
17608	200000
17889	200000
39798	200000
198612	200000
54578	200000
62282	200000
25454	200000
267530	200000
37317	200000
15624	200000
393979	200000
33166	200000
264023	200000
36493	200000
32564	200000
7838	200000
135662	200000
34702	200000
137562	200000
262456	200000
48287	200000
31200	200000
132692	200000
27745	200000
60415	200000
26077	200000
131160	200000
133496	200000
20394	200000
59783	200000
5078	200000
29073	200000
33588	200000
3303	199900
34577	199500
53187	198000
327824	198000
58396	196000
6619	194000
9293	193000
61438	191700
20804	191000
266211	191000
262794	190320
30212	190000
22561	190000
22438	190000
12470	190000
17506	190000
262434	190000
10001	190000
290	190000
52531	190000
135739	190000
9694	190000
48452	190000
328278	190000
46276	190000
395561	189000
15576	186000
131744	185000
328146	185000
16839	184000
136119	184000
5564	183000
16211	183000
8763	182000
266341	181000
13536	180000
23700	180000
13360	180000
5056	180000
39090	180000
52962	180000
22085	180000
26827	180000
264543	180000
27364	180000
8387	180000
5518	180000
9946	180000
262676	180000
50153	180000
199585	180000
206548	180000
35237	180000
13329	180000
2682	180000
264270	180000
55943	180000
137912	180000
205881	180000
60893	180000
132528	180000
14593	180000
23540	180000
53171	179000
44654	178700
17356	176000
28130	175000
37157	175000
38623	174800
43607	174000
62455	173000
262594	173000
33763	172000
57169	172000
28359	172000
20960	171000
30972	170000
16245	170000
2857	170000
12360	170000
4851	170000
9416	170000
28250	170000
28309	170000
54540	170000
262983	170000
262699	170000
11708	170000
132323	170000
265130	170000
266409	170000
265496	170000
136838	170000
56318	170000
53156	170000
51048	170000
394073	170000
267590	170000
34934	168000
264005	166000
12676	164000
28131	164000
263544	164000
262548	164000
55581	163400
45931	161000
197133	160800
35916	160000
34106	160000
22652	160000
41572	160000
6739	160000
200043	160000
62523	160000
31115	160000
4581	160000
63859	160000
18274	160000
202120	160000
50073	160000
13767	160000
58713	160000
395332	160000
41691	160000
266444	160000
50698	160000
267624	160000
397095	160000
264150	160000
49624	160000
328437	160000
14061	160000
3238	160000
198792	160000
10084	160000
55666	159500
132453	159000
18059	156000
31257	154000
24535	153000
3462	153000
264052	152000
264460	152000
268331	151700
131745	151400
7784	150000
49835	150000
45356	150000
53196	150000
15054	150000
46455	150000
262715	150000
52930	150000
52940	150000
8680	150000
132934	150000
263321	150000
197588	150000
264582	150000
263347	150000
266131	150000
32798	150000
134220	150000
263271	150000
7381	150000
48422	150000
24955	150000
393891	147000
203658	146000
37700	146000
265061	146000
267201	146000
32299	145000
52439	145000
262293	145000
28134	144800
262409	144000
199434	143000
135060	142000
12455	142000
3856	141300
39792	140000
14793	140000
18077	140000
4058	140000
15497	140000
57119	140000
27887	140000
262744	140000
20771	140000
28591	140000
200052	140000
262765	140000
61871	140000
58708	140000
264359	140000
263516	140000
263982	140000
263427	140000
134033	140000
57249	140000
264517	140000
264367	140000
266498	140000
263625	140000
24186	140000
52766	140000
265359	140000
266156	140000
265019	140000
267075	140000
268221	140000
10947	140000
202414	140000
136518	140000
203942	140000
52007	140000
29588	140000
2526	140000
4652	140000
328170	140000
9795	140000
263779	140000
18676	140000
32415	140000
35619	139700
34087	139000
37273	138000
16374	138000
262365	138000
52662	137300
262761	137000
14380	137000
55862	136000
57463	136000
43142	136000
328242	134000
8220	134000
38511	133000
132476	132500
264397	132000
262725	131000
20634	130000
29686	130000
10594	130000
13002	130000
4775	130000
803	130000
24105	130000
14717	130000
6295	130000
38657	130000
20718	130000
39279	130000
52888	130000
15191	130000
28209	130000
59497	130000
262493	130000
199335	130000
262150	130000
52694	130000
59842	130000
263405	130000
14701	130000
263626	130000
72	130000
64255	130000
5118	130000
63928	130000
266468	130000
6718	130000
264344	130000
264223	130000
59964	130000
41693	130000
265886	130000
210	130000
197473	130000
44964	130000
136521	130000
39823	130000
131627	130000
137557	130000
133380	130000
199995	130000
210278	130000
27984	130000
264564	129000
25542	128000
21859	128000
39869	128000
12703	128000
38220	128000
12926	128000
17828	128000
46723	128000
50316	127050
51918	127000
15699	127000
263336	127000
45896	126000
38583	126000
61573	126000
7131	126000
55359	126000
51795	125000
263394	125000
264575	122048
42511	122000
61512	121800
1342	121600
34006	121100
37333	121000
198517	121000
263237	121000
132449	121000
196879	121000
28294	120720
43545	120600
262463	120360
5430	120000
6130	120000
41690	120000
17660	120000
20969	120000
7568	120000
10075	120000
4927	120000
20712	120000
43708	120000
34108	120000
8902	120000
33182	120000
19750	120000
58451	120000
34790	120000
8246	120000
21430	120000
49455	120000
57356	120000
14633	120000
58779	120000
58980	120000
262318	120000
198736	120000
263265	120000
28226	120000
14828	120000
263329	120000
36866	120000
199846	120000
35306	120000
197400	120000
264111	120000
5416	120000
7656	120000
24338	120000
52666	120000
263542	120000
133840	120000
57513	120000
25615	120000
2847	120000
7539	120000
39067	120000
61751	120000
8369	120000
262537	120000
202709	120000
396125	120000
328417	120000
133898	120000
47478	120000
46375	120000
266453	120000
6846	120000
44061	120000
61201	120000
4857	120000
17717	120000
13649	120000
60171	120000
3910	120000
23947	120000
28124	119000
265278	118000
137367	118000
200781	117000
49888	117000
34347	115000
13272	114000
44099	114000
12779	113000
37645	113000
48539	112640
327962	112640
327756	112640
45411	112000
267521	112000
23913	111000
58495	111000
55259	111000
9155	111000
8637	110720
9038	110300
327750	110240
2915	110000
2153	110000
16186	110000
4150	110000
286	110000
30827	110000
35244	110000
26785	110000
13354	110000
24167	110000
8788	110000
29611	110000
23171	110000
5631	110000
29141	110000
42093	110000
20764	110000
39637	110000
42612	110000
25151	110000
31167	110000
50572	110000
36149	110000
48850	110000
16175	110000
47408	110000
39904	110000
11233	110000
29834	110000
6777	110000
36817	110000
1126	110000
28287	110000
28277	110000
28284	110000
28132	110000
25447	110000
17625	110000
22177	110000
36907	110000
43406	110000
53889	110000
29462	110000
23550	110000
327745	110000
28110	110000
15008	110000
262454	110000
262288	110000
262481	110000
32867	110000
4678	110000
32338	110000
20904	110000
51055	110000
15280	110000
52438	110000
60610	110000
262388	110000
64044	110000
264268	110000
24651	110000
20412	110000
199803	110000
133421	110000
29522	110000
38197	110000
47551	110000
7540	110000
62943	110000
38714	110000
56949	110000
198151	110000
47252	110000
198389	110000
61709	110000
201290	110000
53211	110000
197592	110000
197747	110000
197262	110000
198401	110000
198040	110000
199754	110000
50550	110000
199978	110000
200176	110000
58689	110000
35007	110000
264562	110000
8280	110000
25509	110000
395400	110000
263396	110000
42490	110000
201081	110000
198380	110000
49409	110000
31726	110000
133616	110000
61588	110000
47626	110000
8194	110000
37720	110000
37675	110000
202454	110000
264138	110000
267289	110000
52772	110000
35176	110000
61012	110000
35612	110000
21485	109000
201054	109000
53587	109000
56449	109000
398131	108500
30851	108000
16178	108000
262706	108000
15447	108000
61094	108000
328216	108000
42947	108000
31708	107000
22556	107000
16206	107000
57731	107000
14576	107000
132894	107000
15188	107000
52866	106000
52660	106000
41202	106000
3908	106000
8752	105020
263584	105000
30813	105000
51948	105000
55766	105000
53195	104000
39351	104000
56246	103000
9244	103000
36923	103000
59288	103000
28183	102400
29918	102400
133001	102400
262691	102400
61686	102400
196695	102400
53107	102400
24043	102000
45280	102000
204805	102000
17306	101680
132976	101024
42669	101000
132857	101000
28169	101000
37619	101000
58299	101000
18351	101000
28154	101000
264811	101000
131296	100720
60261	100000
55429	100000
63311	100000
7091	100000
8560	100000
8190	100000
5605	100000
30176	100000
26347	100000
29748	100000
21947	100000
12008	100000
35985	100000
23686	100000
24121	100000
9989	100000
11537	100000
20080	100000
24931	100000
6623	100000
23260	100000
31736	100000
394070	100000
17645	100000
36683	100000
6423	100000
31400	100000
3512	100000
29208	100000
24642	100000
35843	100000
43683	100000
5539	100000
26792	100000
39598	100000
23265	100000
13041	100000
43284	100000
16814	100000
5577	100000
42227	100000
35332	100000
11051	100000
42184	100000
13692	100000
8744	100000
29562	100000
47172	100000
47841	100000
47215	100000
11995	100000
47344	100000
33737	100000
48943	100000
46484	100000
47490	100000
31252	100000
11664	100000
45668	100000
38478	100000
33139	100000
20985	100000
33796	100000
12316	100000
47143	100000
11071	100000
21250	100000
12188	100000
33470	100000
41601	100000
52892	100000
11922	100000
59895	100000
11798	100000
29404	100000
22546	100000
53131	100000
513	100000
46849	100000
22653	100000
14116	100000
45711	100000
8728	100000
13703	100000
44160	100000
53070	100000
29037	100000
49895	100000
46793	100000
16095	100000
19531	100000
40581	100000
51929	100000
6723	100000
23627	100000
13857	100000
21525	100000
24554	100000
19844	100000
10024	100000
262429	100000
41412	100000
25764	100000
6336	100000
12578	100000
600	100000
53175	100000
32613	100000
23816	100000
19782	100000
37235	100000
27947	100000
197377	100000
48500	100000
17246	100000
32365	100000
54154	100000
26167	100000
10653	100000
45634	100000
43852	100000
34270	100000
54652	100000
18229	100000
21412	100000
18199	100000
25780	100000
9584	100000
53306	100000
8823	100000
53100	100000
1120	100000
44858	100000
12033	100000
11242	100000
42239	100000
54376	100000
50673	100000
16724	100000
132267	100000
10102	100000
54327	100000
63060	100000
57187	100000
18400	100000
7849	100000
58656	100000
199339	100000
25273	100000
58010	100000
60717	100000
27026	100000
41281	100000
8245	100000
57068	100000
18049	100000
33604	100000
28153	100000
262777	100000
28306	100000
262903	100000
28571	100000
262780	100000
14571	100000
12536	100000
53080	100000
11475	100000
10996	100000
17685	100000
38043	100000
57029	100000
11081	100000
199364	100000
29485	100000
54929	100000
29933	100000
262333	100000
14103	100000
57193	100000
40700	100000
33606	100000
55923	100000
36444	100000
18516	100000
32421	100000
33515	100000
40413	100000
10993	100000
23274	100000
26288	100000
62915	100000
25653	100000
5664	100000
28366	100000
196844	100000
53143	100000
40676	100000
262704	100000
31877	100000
32479	100000
32100	100000
15267	100000
22921	100000
15108	100000
52251	100000
18094	100000
133534	100000
262620	100000
10886	100000
53221	100000
27833	100000
20207	100000
6368	100000
262724	100000
52558	100000
14463	100000
24730	100000
61951	100000
11414	100000
133579	100000
57963	100000
198203	100000
62469	100000
30466	100000
262989	100000
52846	100000
262377	100000
42775	100000
43317	100000
54002	100000
262402	100000
264531	100000
264492	100000
53224	100000
53122	100000
262675	100000
27768	100000
36445	100000
133420	100000
28163	100000
61950	100000
9022	100000
199256	100000
262667	100000
62183	100000
50148	100000
56301	100000
28066	100000
32710	100000
24278	100000
133873	100000
49063	100000
198477	100000
10481	100000
42845	100000
11976	100000
327893	100000
5690	100000
16832	100000
40028	100000
393965	100000
61244	100000
15433	100000
9999	100000
25068	100000
262256	100000
263587	100000
134363	100000
42567	100000
31769	100000
263668	100000
4043	100000
263789	100000
18616	100000
25003	100000
132167	100000
48642	100000
26271	100000
59	100000
819	100000
32277	100000
263822	100000
6561	100000
61942	100000
263569	100000
29244	100000
263797	100000
25165	100000
25227	100000
201602	100000
133959	100000
198785	100000
7687	100000
11174	100000
8714	100000
42334	100000
16130	100000
43391	100000
58815	100000
263363	100000
28270	100000
28308	100000
11279	100000
53407	100000
262413	100000
35998	100000
17429	100000
29788	100000
19082	100000
15102	100000
55270	100000
21632	100000
25248	100000
52726	100000
51164	100000
52363	100000
20559	100000
133590	100000
18683	100000
54661	100000
19689	100000
135246	100000
52794	100000
134809	100000
52519	100000
8008	100000
394437	100000
328400	100000
264016	100000
52878	100000
58762	100000
45684	100000
202831	100000
52989	100000
197524	100000
45775	100000
264961	100000
201782	100000
327952	100000
52981	100000
61836	100000
62818	100000
198235	100000
199494	100000
51394	100000
133652	100000
32165	100000
27895	100000
10299	100000
197615	100000
43733	100000
32743	100000
264768	100000
58965	100000
27951	100000
46692	100000
57608	100000
262186	100000
27272	100000
263674	100000
35760	100000
50533	100000
40731	100000
200414	100000
199551	100000
51337	100000
134012	100000
35891	100000
60098	100000
29974	100000
25472	100000
262791	100000
35491	100000
60884	100000
57033	100000
394141	100000
27382	100000
36008	100000
55957	100000
11109	100000
206758	100000
52195	100000
265065	100000
199226	100000
7004	100000
57478	100000
60534	100000
27964	100000
39716	100000
41966	100000
59862	100000
202220	100000
7806	100000
395573	100000
395768	100000
52153	100000
262766	100000
50411	100000
41319	100000
395470	100000
265303	100000
17077	100000
395578	100000
50017	100000
42667	100000
135292	100000
263702	100000
49565	100000
23423	100000
395880	100000
134674	100000
1101	100000
11178	100000
23307	100000
59060	100000
197672	100000
51648	100000
13838	100000
202050	100000
395719	100000
133952	100000
394740	100000
57219	100000
201026	100000
394676	100000
34296	100000
14832	100000
58906	100000
29614	100000
6503	100000
61826	100000
45265	100000
12687	100000
12690	100000
25385	100000
44692	100000
202169	100000
131915	100000
202761	100000
131916	100000
265101	100000
196749	100000
205811	100000
61521	100000
328064	100000
196865	100000
135278	100000
27553	100000
53591	100000
53189	100000
135011	100000
265478	100000
198604	100000
38627	100000
23419	100000
24251	100000
262643	100000
7514	100000
28032	100000
206299	100000
36515	100000
50270	100000
28114	100000
63772	100000
328036	100000
6712	100000
22908	100000
41138	100000
17303	100000
38851	100000
52542	100000
53454	100000
6752	100000
265436	100000
198496	100000
56972	100000
42812	100000
327790	100000
393455	100000
41480	100000
265021	100000
46155	100000
40545	100000
62632	100000
53338	100000
35518	100000
394146	100000
62406	100000
25190	100000
266995	100000
19465	100000
27286	100000
137250	100000
40773	100000
54483	100000
13415	100000
61943	100000
204789	100000
266420	100000
204821	100000
199421	100000
32389	100000
15011	100000
49020	100000
267196	100000
44979	100000
20874	100000
266977	100000
267452	100000
263985	100000
134739	100000
263523	100000
205100	100000
43848	100000
31236	100000
196776	100000
5760	100000
31445	100000
23777	100000
51790	100000
132890	100000
394140	100000
27660	100000
63131	100000
263461	100000
64233	100000
63774	100000
267428	100000
38949	100000
41006	100000
197155	100000
265999	100000
134895	100000
202006	100000
51920	100000
1226	100000
262662	100000
25637	100000
47723	100000
37897	100000
11077	100000
262970	100000
131273	100000
197294	100000
265032	100000
18024	100000
131933	100000
54086	100000
57424	100000
200185	100000
55140	100000
265086	100000
136769	100000
40339	100000
196819	100000
29091	100000
11635	100000
132491	100000
263250	100000
29689	100000
198426	100000
27255	100000
49457	100000
61462	100000
138147	100000
41033	100000
47095	100000
59371	100000
397116	100000
202281	100000
267587	100000
131895	100000
196714	100000
197146	100000
202805	100000
209835	100000
44358	100000
50794	100000
137575	100000
58171	100000
14860	100000
9136	100000
8803	100000
20618	100000
56655	100000
4694	100000
268819	100000
209116	100000
134369	100000
32440	100000
262595	100000
23059	100000
32703	100000
8757	100000
25459	99000
200668	99000
62597	98000
4589	98000
47275	97600
135697	97000
51263	96000
53172	96000
37451	96000
58376	96000
263154	95000
264127	95000
7500	94000
132137	93184
48559	93000
207073	93000
62275	93000
264598	92576
57151	92000
262259	92000
17483	92000
138064	92000
133934	91100
13657	91000
2685	91000
25466	91000
12042	91000
11123	91000
53349	91000
11195	91000
262230	91000
64475	91000
57613	91000
61478	91000
31617	91000
197091	90030
26914	90000
7303	90000
18530	90000
42005	90000
9137	90000
35470	90000
40300	90000
59940	90000
33725	90000
62239	90000
37276	90000
24309	90000
134055	90000
25961	90000
203629	90000
48716	90000
55507	90000
262316	90000
136026	90000
31857	90000
48408	90000
131914	90000
197902	90000
396503	90000
63343	90000
15426	90000
200478	90000
28319	90000
20846	90000
11751	90000
134359	90000
32067	90000
3145	90000
394449	90000
46950	90000
56373	90000
50554	90000
63298	90000
30168	90000
35795	90000
12459	90000
264679	90000
9976	90000
266608	90000
24532	90000
45298	90000
3223	90000
16030	90000
55803	90000
55674	89000
262394	89000
6648	88000
36143	88000
33302	88000
53102	88000
58821	88000
51944	86500
52858	86000
57896	86000
50472	85200
29608	85000
21267	85000
56099	85000
55814	85000
208477	84500
262733	84000
59945	84000
199496	84000
38769	84000
132771	84000
48011	84000
3549	84000
49349	83000
133324	83000
53246	83000
15772	83000
50618	83000
25482	82944
265147	82000
13549	82000
18615	82000
43500	81920
264425	81000
64223	81000
33480	80576
30740	80000
6405	80000
20495	80000
14609	80000
35833	80000
15743	80000
12684	80000
53589	80000
53130	80000
23106	80000
21880	80000
37154	80000
17997	80000
263990	80000
19310	80000
29465	80000
262692	80000
267095	80000
22324	80000
268267	80000
20919	80000
39337	80000
35940	80000
201447	80000
9910	80000
132808	80000
57073	80000
33044	80000
52760	80000
23808	80000
197522	80000
53052	80000
23618	80000
207972	80000
262964	80000
328388	80000
37020	80000
39065	80000
27901	80000
7065	80000
33873	80000
28178	80000
133385	80000
37199	80000
64476	80000
134705	80000
8647	80000
9790	80000
262352	79216
132146	79000
23871	78400
198910	78000
45305	78000
132931	77000
133658	77000
39192	77000
31800	76000
21709	76000
52685	76000
328327	76000
205081	75000
51784	74200
21069	74000
8723	74000
61287	74000
63028	74000
61211	74000
327794	74000
202020	74000
39806	74000
202566	74000
56286	74000
4007	73900
21724	73000
19117	73000
26531	73000
10204	73000
54225	73000
35074	73000
327826	73000
262474	73000
201838	73000
57121	73000
263793	73000
262610	73000
2602	72000
133676	72000
61666	71680
11062	71680
264404	71680
6738	71600
13054	70600
28219	70015
16265	70000
21392	70000
7521	70000
48268	70000
18209	70000
39138	70000
9621	70000
14877	70000
12941	70000
23465	70000
262420	70000
56910	70000
4540	70000
264360	70000
33808	70000
262979	70000
394530	70000
263314	70000
196968	70000
59444	70000
52686	70000
206499	70000
53199	70000
200064	70000
328145	70000
264294	70000
199330	70000
60890	70000
135607	70000
204861	70000
18407	70000
23379	70000
396040	70000
266430	70000
393434	70000
37545	70000
2588	70000
266152	70000
266961	70000
266144	70000
266721	70000
48438	70000
19186	70000
209813	70000
3132	70000
268133	70000
29900	70000
25837	70000
266968	70000
23775	70000
210264	70000
264398	70000
265294	70000
397544	70000
265892	70000
51520	70000
17197	70000
328480	70000
131896	70000
264210	70000
266192	70000
209208	70000
2675	70000
57276	70000
16342	70000
9952	70000
267348	70000
41327	70000
24429	70000
263009	70000
35425	70000
262808	70000
198440	69000
58940	69000
53066	69000
33920	68000
39543	68000
59214	68000
263445	68000
48728	67000
17978	67000
61730	66000
9652	66000
49028	66000
6798	66000
45194	65536
134881	65536
52977	65000
268952	65000
26838	64096
20811	64000
60690	64000
28037	64000
262494	64000
52643	64000
137166	63488
37786	63000
264524	63000
58477	63000
262901	63000
58868	63000
262819	62000
37294	62000
18886	61440
2134	61000
199659	61000
7606	61000
52661	60432
33130	60400
21396	60000
4764	60000
39591	60000
18779	60000
55879	60000
57928	60000
262750	60000
62874	60000
7048	60000
25375	60000
28352	60000
264228	60000
49638	60000
327950	60000
58650	60000
38541	60000
52968	60000
263483	60000
328065	60000
43760	60000
263961	60000
263411	60000
265429	60000
24173	60000
45118	60000
263647	60000
60051	60000
54574	60000
264491	60000
263531	60000
39335	60000
267399	60000
40244	60000
266263	60000
36813	60000
35913	60000
6696	60000
14726	60000
37653	60000
267593	60000
265954	60000
267360	60000
328517	60000
263852	60000
204006	60000
208431	60000
26484	60000
266927	60000
266480	60000
15391	60000
37110	60000
46475	60000
199362	60000
19045	60000
14288	60000
7941	60000
19306	60000
138840	60000
267055	60000
264939	60000
264998	60000
137373	60000
328538	60000
37453	60000
39902	60000
133339	60000
397806	60000
14824	60000
13194	60000
4693	60000
198605	60000
198726	60000
23805	60000
328365	60000
262488	59576
57723	59216
58820	59000
262417	59000
7005	58000
51945	57800
13680	57000
42004	57000
15211	57000
61570	57000
15734	57000
10881	56000
44980	56000
8943	56000
29014	56000
263649	56000
327992	55120
56229	55000
59953	55000
263591	55000
39479	55000
23756	54000
37195	54000
44953	53000
9313	53000
262828	53000
9201	53000
28890	53000
136696	53000
42692	53000
41913	52000
137331	52000
8368	52000
24157	52000
17439	51200
24521	51000
268323	51000
38809	51000
56381	50200
5459	50000
42455	50000
43100	50000
5524	50000
53563	50000
49909	50000
5396	50000
33748	50000
58587	50000
262721	50000
53008	50000
262673	50000
133854	50000
263801	50000
17426	50000
264577	50000
50231	50000
131607	50000
262268	50000
61006	50000
38442	50000
52339	50000
45349	50000
49296	50000
267280	50000
263947	50000
263840	50000
264017	50000
29802	50000
196954	50000
42705	50000
264186	50000
207054	50000
12796	50000
205813	50000
209328	50000
328536	50000
45278	50000
27979	50000
57844	50000
43060	50000
205473	50000
199524	50000
131322	50000
33843	49000
6643	49000
45769	49000
263661	49000
23860	49000
59165	49000
48072	48800
51290	48000
61888	48000
137142	48000
266347	48000
263442	47500
34011	47000
29668	47000
57877	47000
29551	46000
12597	46000
51681	46000
11647	46000
36914	46000
23951	46000
206184	45056
31595	45000
55219	45000
203421	45000
13150	45000
61582	45000
265484	45000
59156	45000
56665	44100
198781	44000
262539	44000
48424	44000
134316	44000
263270	44000
9381	44000
262591	44000
8612	44000
34135	43000
131755	43000
262822	43000
9785	43000
33452	43000
53097	42650
31078	42000
48292	42000
44123	42000
262464	42000
7020	42000
266713	42000
53050	42000
264514	42000
53237	41500
30071	41000
262893	41000
262346	41000
263833	41000
131758	41000
12773	41000
52475	40960
55653	40500
22534	40010
3213	40000
35706	40000
41692	40000
33079	40000
24047	40000
25061	40000
39301	40000
8664	40000
32880	40000
34171	40000
25295	40000
42303	40000
55518	40000
20722	40000
197000	40000
29545	40000
47622	40000
29680	40000
20365	40000
9280	40000
133075	40000
199947	40000
45498	40000
393513	40000
27940	40000
28009	40000
263076	40000
327813	40000
38565	40000
4508	40000
55521	40000
30798	40000
134732	40000
28257	40000
52932	40000
37342	40000
45686	40000
199610	40000
264765	40000
14522	40000
206342	40000
262509	40000
133613	40000
328156	40000
263196	40000
263776	40000
61822	40000
265656	40000
23815	40000
133410	40000
47203	40000
394302	40000
6059	40000
202596	40000
10279	40000
10099	40000
45361	40000
32621	40000
48128	40000
135010	40000
267522	40000
52639	40000
41985	40000
20657	40000
327738	40000
2731	40000
45705	40000
31202	40000
396501	40000
29357	40000
50475	40000
14979	40000
53764	40000
9891	40000
35137	40000
35847	40000
207353	40000
8435	40000
265135	40000
32097	40000
197301	40000
28265	40000
18881	40000
40328	40000
58678	40000
393670	40000
134014	40000
58659	40000
33771	40000
263151	40000
17253	40000
267513	40000
136522	40000
205099	40000
62856	40000
4647	40000
63920	40000
134090	40000
264415	39900
38896	39000
9326	39000
58392	39000
63862	39000
265426	38768
20640	38000
9658	38000
28279	38000
262862	38000
52444	38000
18422	38000
61134	37888
43019	37700
198857	37300
53142	37168
21513	37000
8677	37000
55555	37000
51646	37000
53708	37000
32160	37000
201106	37000
48727	37000
24536	37000
205344	37000
138816	37000
263089	36400
264552	36300
16253	36000
8301	36000
263774	36000
133838	36000
264925	35896
263478	35100
49405	35000
52765	35000
52973	35000
9830	35000
31250	34500
250	34000
38280	34000
45287	34000
17671	34000
28773	34000
52539	34000
132847	34000
33544	34000
7908	33000
49463	33000
262730	33000
55685	33000
203687	33000
203140	33000
37479	33000
136873	33000
28656	33000
136093	33000
59279	33000
327907	33000
42459	32500
30880	32000
5505	32000
51254	32000
38527	32000
47096	32000
56550	31500
21263	31100
17666	31000
22873	31000
31235	31000
45763	31000
262684	31000
61928	31000
200794	31000
136377	31000
59347	31000
45766	31000
53165	30900
262336	30720
328164	30720
265451	30720
45528	30720
133275	30720
12902	30000
15657	30000
2128	30000
33419	30000
15766	30000
37996	30000
41391	30000
8784	30000
25593	30000
8513	30000
13135	30000
8553	30000
20915	30000
37986	30000
39636	30000
13826	30000
27822	30000
43013	30000
34304	30000
18559	30000
4677	30000
51906	30000
55644	30000
39287	30000
43858	30000
37519	30000
197617	30000
54119	30000
38753	30000
45348	30000
46156	30000
11179	30000
53169	30000
52352	30000
27879	30000
28590	30000
53218	30000
38289	30000
24195	30000
47027	30000
53230	30000
549	30000
9519	30000
3067	30000
34768	30000
133720	30000
262993	30000
203086	30000
36868	30000
55256	30000
35313	30000
134622	30000
135484	30000
198091	30000
37482	30000
197447	30000
61968	30000
263251	30000
266177	30000
39816	30000
62227	30000
137410	30000
10022	30000
136302	30000
48067	30000
197204	30000
138570	30000
266972	30000
53356	30000
268548	30000
11272	30000
138576	30000
1916	30000
7516	30000
21277	30000
201102	30000
207199	30000
46595	30000
134618	30000
139225	30000
37680	30000
52951	30000
263518	30000
262900	30000
268749	30000
269462	30000
263067	30000
269499	30000
46023	30000
138839	30000
20001	30000
19035	30000
62712	30000
59276	30000
133803	30000
17995	30000
378	30000
36311	30000
210142	30000
33951	30000
57999	30000
265383	30000
265038	30000
16604	30000
19754	30000
16803	30000
267	30000
23486	30000
45754	30000
45804	30000
133296	30000
12883	30000
393573	30000
395471	30000
37783	30000
328395	30000
37682	30000
196755	30000
35699	30000
139970	30000
267815	30000
56264	30000
43533	30000
32261	30000
44291	30000
15960	30000
39029	30000
3737	30000
22591	30000
17378	30000
33445	30000
41088	30000
51088	30000
11383	30000
51395	30000
5662	30000
17707	30000
44513	30000
58715	30000
30259	30000
62240	30000
59112	30000
32425	30000
262868	30000
49690	30000
17113	30000
133315	30000
61805	30000
263049	30000
264331	30000
263124	30000
134293	30000
394994	30000
135193	30000
206125	30000
202766	30000
133680	30000
58430	30000
393420	30000
135098	30000
25853	30000
200738	30000
61873	30000
134715	30000
44030	30000
47043	30000
14642	30000
263258	30000
52201	30000
31430	30000
9374	30000
201214	30000
61186	30000
135126	30000
137079	30000
9268	30000
45177	30000
396071	30000
197692	29200
34119	29000
23074	29000
37090	29000
53139	29000
45707	29000
15589	28540
30132	28000
2595	28000
43890	28000
57633	28000
32563	28000
23628	28000
49787	28000
18103	28000
17482	28000
267554	28000
17920	27000
8545	27000
23661	27000
53088	27000
132220	27000
21140	27000
47680	27000
4434	26140
8565	26000
6851	26000
50837	26000
12143	26000
136373	26000
9129	26000
328351	26000
206478	26000
38147	26000
135582	26000
34624	25700
13237	25000
43323	25000
28657	25000
44431	25000
134021	25000
52911	25000
135526	25000
51569	25000
45288	25000
38310	24576
31126	24200
60602	24100
134375	24096
25943	24000
35695	24000
138296	24000
139967	24000
138100	24000
58500	24000
266346	23500
20621	23250
43942	23000
36731	23000
262952	23000
263308	23000
46886	23000
262902	23000
262374	23000
137352	23000
137121	23000
204196	23000
35655	22800
55832	22288
3561	22000
4777	22000
9104	22000
41090	22000
24028	22000
44295	22000
58404	22000
199660	22000
199150	22000
200428	22000
14551	22000
262770	22000
132004	22000
136841	22000
39505	22000
12491	22000
8486	22000
24204	21700
262792	21500
28065	21500
9153	21300
136632	21288
328160	21100
8554	21000
33845	21000
44514	21000
29286	21000
33125	21000
53116	21000
52965	21000
49605	21000
47727	21000
34683	21000
41153	21000
48504	21000
37656	21000
262557	21000
36965	21000
265972	21000
262453	21000
263378	21000
32437	21000
208751	21000
26451	21000
37980	21000
2593	21000
32244	21000
135425	21000
263739	20483
10704	20480
17754	20480
265141	20480
328032	20480
52300	20480
203885	20480
56507	20480
58408	20240
30447	20080
209218	20054
20799	20000
29452	20000
15290	20000
14280	20000
5409	20000
8195	20000
3224	20000
33811	20000
7829	20000
16467	20000
53459	20000
33082	20000
23712	20000
33072	20000
30129	20000
30134	20000
30128	20000
52243	20000
33558	20000
23711	20000
23709	20000
30962	20000
16842	20000
9710	20000
2863	20000
39104	20000
28001	20000
31383	20000
26228	20000
8222	20000
25152	20000
12634	20000
34997	20000
34021	20000
34781	20000
15782	20000
13284	20000
29083	20000
35156	20000
24973	20000
25976	20000
41960	20000
11190	20000
45037	20000
35584	20000
40015	20000
9583	20000
23752	20000
29846	20000
48484	20000
37652	20000
11796	20000
50032	20000
13722	20000
47836	20000
23829	20000
30295	20000
17961	20000
8587	20000
53424	20000
24753	20000
16523	20000
35719	20000
24951	20000
50244	20000
50763	20000
14232	20000
33835	20000
44902	20000
38437	20000
41289	20000
45816	20000
13157	20000
31662	20000
17088	20000
12775	20000
57315	20000
1304	20000
51896	20000
51483	20000
37312	20000
45932	20000
53727	20000
9123	20000
197422	20000
24029	20000
49604	20000
23949	20000
27665	20000
6660	20000
58560	20000
52462	20000
42204	20000
24518	20000
24550	20000
44608	20000
35799	20000
15072	20000
56990	20000
18206	20000
49300	20000
39783	20000
198423	20000
12290	20000
20555	20000
16168	20000
42400	20000
8789	20000
31328	20000
59410	20000
29263	20000
51406	20000
16174	20000
50737	20000
9328	20000
35834	20000
16191	20000
197653	20000
43190	20000
53698	20000
35180	20000
48972	20000
25093	20000
5602	20000
43252	20000
28757	20000
53494	20000
59620	20000
49360	20000
28239	20000
28141	20000
53140	20000
133023	20000
132837	20000
53869	20000
3324	20000
9165	20000
3220	20000
54643	20000
37628	20000
10133	20000
54523	20000
41847	20000
262500	20000
53861	20000
29881	20000
263499	20000
133389	20000
53178	20000
28615	20000
37775	20000
29583	20000
262933	20000
63034	20000
47228	20000
23673	20000
62537	20000
52431	20000
7772	20000
262737	20000
10617	20000
52323	20000
202042	20000
61924	20000
27865	20000
52877	20000
36898	20000
16162	20000
60899	20000
28216	20000
18046	20000
131584	20000
41059	20000
201791	20000
56182	20000
28327	20000
264470	20000
26563	20000
18393	20000
39072	20000
200700	20000
55427	20000
62502	20000
58627	20000
327939	20000
31459	20000
36909	20000
59933	20000
393874	20000
203851	20000
264590	20000
393350	20000
134295	20000
262645	20000
55699	20000
61397	20000
43558	20000
393662	20000
328023	20000
264723	20000
13006	20000
201990	20000
28323	20000
11399	20000
204019	20000
35585	20000
52079	20000
198416	20000
22518	20000
199410	20000
45561	20000
47627	20000
15190	20000
135543	20000
63529	20000
60458	20000
52967	20000
263070	20000
198391	20000
37324	20000
9893	20000
21774	20000
203741	20000
201754	20000
206894	20000
52009	20000
197418	20000
199413	20000
39107	20000
199338	20000
56783	20000
48742	20000
11046	20000
40752	20000
39560	20000
52101	20000
203548	20000
327751	20000
203230	20000
39729	20000
57221	20000
203223	20000
8550	20000
132734	20000
207101	20000
23169	20000
198591	20000
44974	20000
44503	20000
199451	20000
39566	20000
202971	20000
41882	20000
52909	20000
266630	20000
262195	20000
206373	20000
58894	20000
42180	20000
26198	20000
263675	20000
263728	20000
5401	20000
264815	20000
52680	20000
264923	20000
36640	20000
58927	20000
60430	20000
266400	20000
203261	20000
262518	20000
198891	20000
12630	20000
15035	20000
205296	20000
64234	20000
265806	20000
17537	20000
206442	20000
200480	20000
135869	20000
134856	20000
5500	20000
264518	20000
197645	20000
204536	20000
266866	20000
58146	20000
138174	20000
55679	20000
264996	20000
135843	20000
12565	20000
18350	20000
138009	20000
200278	20000
8393	20000
5406	20000
205442	20000
394151	20000
268126	20000
64115	20000
1640	20000
54506	20000
33164	20000
12857	20000
207588	20000
131960	20000
266059	20000
270299	20000
264596	20000
269208	20000
24299	20000
38081	20000
62819	20000
9751	20000
37356	20000
64313	20000
60816	20000
267278	20000
55003	20000
56668	20000
19551	20000
137001	20000
263155	20000
11767	20000
31042	20000
56528	20000
139734	20000
13681	20000
49192	20000
22941	20000
31452	20000
6515	20000
210323	20000
34718	20000
29785	20000
327849	20000
37529	20000
55002	20000
265974	20000
27688	20000
3242	20000
42064	20000
264570	20000
267032	20000
24008	20000
31169	20000
25374	20000
10103	20000
135223	20000
34655	20000
31122	20000
25091	20000
4721	20000
41349	20000
17939	20000
17604	20000
5583	20000
22302	20000
58882	20000
38195	20000
8660	20000
61174	20000
1351	20000
9607	20000
15738	20000
135753	20000
197140	20000
33922	20000
21211	20000
265962	20000
23838	20000
10083	20000
263589	19456
21101	19300
10135	19200
138211	19200
34486	19000
36217	19000
38235	19000
45839	19000
12502	19000
62838	19000
17069	19000
202867	19000
18840	19000
134707	19000
135301	19000
58460	19000
4765	18900
328423	18432
50467	18400
20832	18200
15594	18000
33077	18000
14390	18000
26788	18000
48920	18000
36943	18000
15692	18000
31543	18000
199283	18000
28207	18000
58910	18000
37002	18000
22080	18000
48685	18000
262296	18000
133660	18000
137851	18000
51023	18000
49088	18000
29424	18000
268503	18000
138995	18000
58482	18000
29838	18000
45184	18000
202322	17800
30999	17300
4608	17200
31715	17000
8038	17000
12835	17000
4666	17000
198184	17000
38506	17000
60134	17000
55652	17000
29104	17000
37576	17000
134325	17000
60670	17000
200438	17000
60917	17000
265699	17000
45937	17000
133971	17000
263283	17000
266470	16336
17374	16000
30123	16000
35223	16000
50683	16000
45725	16000
49792	16000
7717	16000
201877	16000
59185	16000
17473	16000
38200	16000
45706	16000
48846	16000
25590	16000
267088	16000
137246	16000
137295	16000
138359	16000
37347	16000
24132	16000
263869	16000
55247	16000
28244	16000
16685	16000
134009	16000
25471	15900
205388	15600
53112	15360
7522	15000
3599	15000
198093	15000
28073	15000
48712	15000
47850	15000
327922	15000
262889	15000
209400	15000
34569	15000
206404	15000
265158	15000
269060	15000
38524	15000
44141	14600
263480	14500
52869	14336
132923	14336
200983	14100
29215	14000
40528	14000
16876	14000
25572	14000
27916	14000
58406	14000
8491	14000
8859	14000
44314	14000
28165	14000
51514	14000
5017	14000
47169	14000
54042	14000
264130	14000
133881	14000
203640	14000
201508	14000
59954	14000
42228	14000
201333	14000
45650	14000
262755	14000
7628	14000
267102	14000
137080	14000
135232	14000
135419	14000
61929	14000
58750	14000
209261	14000
42300	14000
206640	14000
394914	14000
397524	14000
33791	14000
28292	14000
263393	13500
266374	13312
2484	13300
43599	13300
50620	13200
262811	13100
267588	13001
42476	13000
196689	13000
28707	13000
39310	13000
24523	13000
132774	13000
52625	13000
22750	13000
20928	13000
53197	13000
133797	13000
23696	13000
7597	13000
262788	13000
266028	13000
136885	13000
131775	13000
43369	13000
200392	13000
37627	13000
328237	13000
29446	13000
37109	13000
37053	13000
52458	12300
133664	12288
23541	12000
17444	12000
44583	12000
7631	12000
50858	12000
45950	12000
39318	12000
38477	12000
52550	12000
5692	12000
21351	12000
60157	12000
16039	12000
198271	12000
264009	12000
7489	12000
48374	12000
2606	12000
202918	12000
131303	12000
135465	12000
135423	12000
265030	12000
266044	12000
209086	12000
267117	12000
34936	12000
55670	12000
131717	12000
45312	12000
138829	12000
6881	12000
42353	12000
53018	12000
51580	12000
133593	12000
133718	11668
22989	11264
27789	11240
204264	11240
132901	11240
9092	11000
2500	11000
24557	11000
20917	11000
24077	11000
9497	11000
29246	11000
28859	11000
17435	11000
25473	11000
39600	11000
31576	11000
5071	11000
40739	11000
29513	11000
44334	11000
14500	11000
54415	11000
16218	11000
12975	11000
16363	11000
199248	11000
199396	11000
62336	11000
198334	11000
32614	11000
132919	11000
23774	11000
327943	11000
23666	11000
134929	11000
264295	11000
327700	11000
28139	11000
133173	11000
14259	11000
394330	11000
7578	11000
328051	11000
133648	11000
9448	11000
60725	11000
132458	11000
13226	10900
18104	10800
50796	10800
34458	10400
50857	10300
35184	10240
27345	10240
196640	10240
56209	10240
27932	10240
263128	10240
262753	10240
12305	10240
58969	10240
26068	10240
28438	10240
263917	10240
44084	10240
41522	10240
135253	10240
198216	10240
29245	10240
58725	10240
135861	10240
37030	10240
30988	10240
57079	10240
28639	10240
136330	10240
25328	10240
267121	10240
136533	10240
136480	10240
133967	10240
263459	10240
59816	10240
137627	10240
61895	10240
262743	10240
268568	10200
37650	10100
58683	10000
19817	10000
10255	10000
12059	10000
28877	10000
31216	10000
16559	10000
13101	10000
19752	10000
3043	10000
25975	10000
5462	10000
20704	10000
8804	10000
4837	10000
10848	10000
31661	10000
5418	10000
26627	10000
14833	10000
19214	10000
25286	10000
32105	10000
40193	10000
46199	10000
15149	10000
27318	10000
24049	10000
27320	10000
33073	10000
28054	10000
30130	10000
30131	10000
40475	10000
8495	10000
15773	10000
4319	10000
36824	10000
13246	10000
42366	10000
40068	10000
38181	10000
26972	10000
5568	10000
29488	10000
8596	10000
43436	10000
11830	10000
24989	10000
15935	10000
34960	10000
29655	10000
34554	10000
14585	10000
31641	10000
40495	10000
6903	10000
12968	10000
38321	10000
4795	10000
3248	10000
8092	10000
6900	10000
18392	10000
42585	10000
56065	10000
8648	10000
5726	10000
49190	10000
24586	10000
41644	10000
8391	10000
48519	10000
12348	10000
22781	10000
44259	10000
13871	10000
44765	10000
39915	10000
25795	10000
2515	10000
393225	10000
10745	10000
393220	10000
394018	10000
31972	10000
17579	10000
48885	10000
42416	10000
23308	10000
14866	10000
15857	10000
39449	10000
42760	10000
7296	10000
7595	10000
9167	10000
46195	10000
49492	10000
31474	10000
24796	10000
13214	10000
48514	10000
19528	10000
21336	10000
42605	10000
46656	10000
31147	10000
1133	10000
29243	10000
9266	10000
48315	10000
4280	10000
49854	10000
43782	10000
43911	10000
47328	10000
20569	10000
5683	10000
26088	10000
28196	10000
21864	10000
49820	10000
24321	10000
49983	10000
44219	10000
50066	10000
42973	10000
38948	10000
48284	10000
12541	10000
50087	10000
38149	10000
9026	10000
30162	10000
38544	10000
9877	10000
30583	10000
52841	10000
1850	10000
26546	10000
51040	10000
6850	10000
8950	10000
12347	10000
23779	10000
53582	10000
22300	10000
20501	10000
48528	10000
37113	10000
50370	10000
9003	10000
50292	10000
51224	10000
50719	10000
53093	10000
20633	10000
36052	10000
15388	10000
29297	10000
30640	10000
25139	10000
38199	10000
46064	10000
46235	10000
19842	10000
51218	10000
15301	10000
196621	10000
41628	10000
55915	10000
44009	10000
16217	10000
8330	10000
2470	10000
46309	10000
13573	10000
20738	10000
16866	10000
28192	10000
2108	10000
46231	10000
33005	10000
6834	10000
52102	10000
21911	10000
7753	10000
49232	10000
197764	10000
13746	10000
31564	10000
26918	10000
56848	10000
29152	10000
9931	10000
57124	10000
53837	10000
3401	10000
30998	10000
53948	10000
45144	10000
54046	10000
27464	10000
12757	10000
57423	10000
38278	10000
27541	10000
51823	10000
18588	10000
50387	10000
198239	10000
29553	10000
39470	10000
42841	10000
57202	10000
20924	10000
41872	10000
27626	10000
12540	10000
46215	10000
4224	10000
53389	10000
48362	10000
52328	10000
41811	10000
46664	10000
132111	10000
14746	10000
12327	10000
24582	10000
54444	10000
57381	10000
33361	10000
6086	10000
51050	10000
57516	10000
198570	10000
34510	10000
198818	10000
59560	10000
16004	10000
40999	10000
45945	10000
34233	10000
36959	10000
50372	10000
41695	10000
33854	10000
57228	10000
28654	10000
198492	10000
34942	10000
40850	10000
262787	10000
3633	10000
48297	10000
19233	10000
50468	10000
61215	10000
197219	10000
55350	10000
51886	10000
50206	10000
198288	10000
10654	10000
9208	10000
10367	10000
132435	10000
34868	10000
21461	10000
18638	10000
132730	10000
132536	10000
29998	10000
198554	10000
197736	10000
27193	10000
49902	10000
49505	10000
36958	10000
16737	10000
38781	10000
132426	10000
56833	10000
21360	10000
262680	10000
262757	10000
53235	10000
28640	10000
60532	10000
12362	10000
262839	10000
29231	10000
14558	10000
52896	10000
61337	10000
50968	10000
20338	10000
32738	10000
197589	10000
37079	10000
59554	10000
26320	10000
262501	10000
132876	10000
3842	10000
60362	10000
3250	10000
52836	10000
52944	10000
3186	10000
15691	10000
10431	10000
62929	10000
62182	10000
22919	10000
393316	10000
16798	10000
62947	10000
199706	10000
12650	10000
262492	10000
26689	10000
51744	10000
14613	10000
11045	10000
29606	10000
15398	10000
199937	10000
46873	10000
24290	10000
4270	10000
200163	10000
53901	10000
263062	10000
14829	10000
45680	10000
62588	10000
28152	10000
57007	10000
52275	10000
58792	10000
53022	10000
132933	10000
393431	10000
46110	10000
262805	10000
20681	10000
393470	10000
131291	10000
52465	10000
45496	10000
20686	10000
263337	10000
200187	10000
21478	10000
201764	10000
52317	10000
61470	10000
262189	10000
52420	10000
52498	10000
52824	10000
17673	10000
29844	10000
29305	10000
45910	10000
58436	10000
10670	10000
29897	10000
39373	10000
52380	10000
63128	10000
12236	10000
24226	10000
61816	10000
35949	10000
201962	10000
201505	10000
32432	10000
11514	10000
45884	10000
27790	10000
62782	10000
33781	10000
22402	10000
50710	10000
13064	10000
263460	10000
4594	10000
28026	10000
11114	10000
28364	10000
9355	10000
32678	10000
30691	10000
40966	10000
52736	10000
3669	10000
196670	10000
54039	10000
133678	10000
50597	10000
393717	10000
36273	10000
45133	10000
61026	10000
32397	10000
59102	10000
2607	10000
201506	10000
262871	10000
133936	10000
199188	10000
59370	10000
47608	10000
57660	10000
37177	10000
37181	10000
22748	10000
51728	10000
263432	10000
9559	10000
132848	10000
131475	10000
48588	10000
132917	10000
20448	10000
63383	10000
21832	10000
12276	10000
201222	10000
36483	10000
52490	10000
60116	10000
52401	10000
26312	10000
39391	10000
34916	10000
53173	10000
63450	10000
11986	10000
34450	10000
10925	10000
393945	10000
32546	10000
18986	10000
29355	10000
26414	10000
63863	10000
19381	10000
30076	10000
30919	10000
134355	10000
394010	10000
11301	10000
53154	10000
198095	10000
28670	10000
264101	10000
9916	10000
25081	10000
200780	10000
6082	10000
133344	10000
53191	10000
46047	10000
28941	10000
52795	10000
39764	10000
262229	10000
32764	10000
11948	10000
48294	10000
12696	10000
44994	10000
64200	10000
200759	10000
394356	10000
132142	10000
49524	10000
52399	10000
263126	10000
201206	10000
327894	10000
198342	10000
16652	10000
3624	10000
57141	10000
18534	10000
37629	10000
7530	10000
53164	10000
52631	10000
42555	10000
15154	10000
17832	10000
262878	10000
198313	10000
201020	10000
202030	10000
30247	10000
62363	10000
131602	10000
25581	10000
47814	10000
11342	10000
28317	10000
49855	10000
263395	10000
48461	10000
37399	10000
33623	10000
18650	10000
39532	10000
262607	10000
262650	10000
263818	10000
41721	10000
63126	10000
265159	10000
34723	10000
262949	10000
135036	10000
23352	10000
21889	10000
52348	10000
12929	10000
394514	10000
264062	10000
52381	10000
50333	10000
198913	10000
262149	10000
57961	10000
60435	10000
52999	10000
203112	10000
28635	10000
63421	10000
37634	10000
196949	10000
202054	10000
27734	10000
27884	10000
131603	10000
53233	10000
21919	10000
262585	10000
51551	10000
52702	10000
135247	10000
43578	10000
264704	10000
55043	10000
264116	10000
8542	10000
262378	10000
204028	10000
20193	10000
56190	10000
203591	10000
30892	10000
20015	10000
135192	10000
28118	10000
3061	10000
262614	10000
327960	10000
30986	10000
26968	10000
17014	10000
199888	10000
198269	10000
31394	10000
202744	10000
327859	10000
33772	10000
200001	10000
201986	10000
23641	10000
197186	10000
3165	10000
32334	10000
131911	10000
64415	10000
27733	10000
202921	10000
199517	10000
199645	10000
49761	10000
32337	10000
52601	10000
196969	10000
200142	10000
12102	10000
31479	10000
263768	10000
327821	10000
207195	10000
199550	10000
198430	10000
201049	10000
199787	10000
20714	10000
26343	10000
198909	10000
50515	10000
204121	10000
202994	10000
52455	10000
8458	10000
201068	10000
264191	10000
11844	10000
207028	10000
133130	10000
62373	10000
131274	10000
200577	10000
9648	10000
197046	10000
201953	10000
263873	10000
393907	10000
135793	10000
61487	10000
198072	10000
202177	10000
26317	10000
52290	10000
62560	10000
264527	10000
59686	10000
14211	10000
199842	10000
132535	10000
35047	10000
206999	10000
395152	10000
199981	10000
265639	10000
264797	10000
199201	10000
14845	10000
7270	10000
262685	10000
133232	10000
196928	10000
15765	10000
207156	10000
199790	10000
40165	10000
264152	10000
42717	10000
56745	10000
18568	10000
50016	10000
264785	10000
61864	10000
199468	10000
38805	10000
29571	10000
31510	10000
24743	10000
265672	10000
37103	10000
263897	10000
266210	10000
136300	10000
52596	10000
37623	10000
262167	10000
46401	10000
328125	10000
327900	10000
52716	10000
136417	10000
56441	10000
263235	10000
28103	10000
206720	10000
59670	10000
266610	10000
262786	10000
262452	10000
134366	10000
136552	10000
10778	10000
28160	10000
36730	10000
37055	10000
265041	10000
134319	10000
264282	10000
7663	10000
32806	10000
52327	10000
52372	10000
30900	10000
265771	10000
206108	10000
263968	10000
10217	10000
27935	10000
133007	10000
263120	10000
267507	10000
264230	10000
265995	10000
52236	10000
37027	10000
131483	10000
263384	10000
264471	10000
52349	10000
263228	10000
52413	10000
263190	10000
16350	10000
24806	10000
5385	10000
27259	10000
265760	10000
265729	10000
57508	10000
265952	10000
201950	10000
328232	10000
136323	10000
25563	10000
61527	10000
43009	10000
135639	10000
132097	10000
51484	10000
18021	10000
200799	10000
19147	10000
197518	10000
395612	10000
395627	10000
47989	10000
205260	10000
132722	10000
265871	10000
15757	10000
200960	10000
42325	10000
263248	10000
136764	10000
263713	10000
263963	10000
37616	10000
263572	10000
5397	10000
327941	10000
131446	10000
43154	10000
137144	10000
266657	10000
131248	10000
31914	10000
203146	10000
63998	10000
60752	10000
59572	10000
134736	10000
52169	10000
134305	10000
135801	10000
198330	10000
60314	10000
265016	10000
24620	10000
60082	10000
267294	10000
266926	10000
16827	10000
204086	10000
204558	10000
203255	10000
205389	10000
198279	10000
132836	10000
64477	10000
204346	10000
202488	10000
21388	10000
46506	10000
61242	10000
59986	10000
48487	10000
134264	10000
132974	10000
136713	10000
328275	10000
205535	10000
268222	10000
45954	10000
263698	10000
28050	10000
28748	10000
265209	10000
197529	10000
136287	10000
263606	10000
18875	10000
3268	10000
328339	10000
37916	10000
396914	10000
202086	10000
133915	10000
328346	10000
23676	10000
266840	10000
264297	10000
23038	10000
37281	10000
200736	10000
132046	10000
136668	10000
25557	10000
263732	10000
63945	10000
396951	10000
394650	10000
396960	10000
61633	10000
266835	10000
137236	10000
31277	10000
37999	10000
56140	10000
209874	10000
394366	10000
58239	10000
25946	10000
48027	10000
57136	10000
266640	10000
60945	10000
34549	10000
397715	10000
22798	10000
133817	10000
61064	10000
64300	10000
39923	10000
209752	10000
139075	10000
12365	10000
34762	10000
55352	10000
262772	10000
262387	10000
134326	10000
262612	10000
263495	10000
35280	10000
61056	10000
265188	10000
133372	10000
393490	10000
56583	10000
262470	10000
267242	10000
269075	10000
135760	10000
394581	10000
262898	10000
266298	10000
29129	10000
207310	10000
42156	10000
140362	10000
270436	10000
328633	10000
56472	10000
207274	10000
268546	10000
328598	10000
1410	10000
47116	10000
61602	10000
26388	10000
13951	10000
30622	10000
266853	10000
204526	10000
3214	10000
12586	10000
13618	10000
15808	10000
271	10000
19969	10000
29154	10000
8793	10000
198408	10000
23688	10000
327930	10000
133100	10000
20205	10000
133968	10000
132031	10000
50782	10000
134858	10000
19711	10000
328176	10000
3580	10000
45355	10000
134937	10000
38067	10000
43513	10000
328204	10000
328341	10000
138041	10000
268430	10000
60371	10000
52637	10000
53086	10000
266225	10000
11661	10000
49004	10000
20473	10000
29479	10000
58666	10000
132330	10000
135328	10000
17766	10000
136972	10000
40449	10000
137199	10000
45637	10000
137900	10000
133187	10000
20984	9900
9872	9900
328144	9700
33554	9600
7496	9300
22355	9300
135180	9216
135850	9216
135792	9216
137608	9216
53096	9200
9051	9100
266092	9100
23713	9000
13878	9000
42755	9000
34419	9000
28855	9000
21315	9000
31251	9000
199121	9000
52640	9000
29438	9000
198738	9000
203679	9000
17996	9000
27877	9000
41201	9000
57118	9000
200753	9000
20677	9000
52532	9000
63320	9000
18918	9000
25467	9000
51191	9000
395378	9000
265983	9000
263084	9000
40861	9000
205191	9000
20218	9000
26038	9000
137042	9000
262818	9000
206048	9000
328167	9000
206483	9000
202519	9000
63069	9000
328152	9000
132160	9000
136670	9000
209678	9000
210144	9000
18647	9000
17716	9000
396472	9000
136749	9000
30730	9000
19523	9000
267746	9000
15414	9000
131644	9000
208976	9000
135383	9000
208188	9000
263019	9000
134643	9000
136131	9000
135468	9000
59155	9000
24530	9000
139425	9000
139947	9000
61600	9000
39905	9000
327733	9000
202829	9000
132562	8192
58438	8192
134278	8192
267540	8192
262727	8180
136338	8096
39469	8000
23708	8000
33074	8000
27322	8000
26790	8000
24469	8000
19875	8000
10929	8000
14651	8000
25689	8000
8916	8000
15562	8000
48291	8000
52789	8000
135754	8000
49695	8000
30261	8000
199863	8000
132515	8000
45294	8000
393280	8000
17445	8000
47529	8000
132988	8000
262338	8000
265644	8000
48276	8000
38595	8000
134663	8000
28189	8000
61749	8000
133638	8000
267573	8000
131609	8000
328110	8000
52952	8000
47884	8000
205819	8000
62445	8000
263645	8000
327743	8000
134152	8000
268490	8000
138195	8000
37130	8000
13837	8000
52503	8000
137824	8000
132641	8000
54037	8000
39671	8000
61221	8000
138847	8000
209287	8000
265056	8000
135763	8000
133808	8000
34225	8000
33078	8000
33597	8000
38915	8000
51313	8000
134078	8000
18931	8000
202053	8000
39233	8000
264992	8000
138686	7700
208970	7700
266300	7500
38456	7300
267649	7200
38457	7168
264290	7168
134883	7168
134035	7168
135854	7168
131215	7168
263374	7168
135202	7168
58405	7168
135184	7072
37357	7072
202384	7030
12414	7000
27848	7000
27319	7000
21013	7000
43407	7000
50234	7000
51446	7000
55799	7000
134391	7000
134399	7000
134395	7000
134396	7000
18210	7000
58620	7000
134390	7000
50809	7000
56260	7000
56233	7000
13926	7000
34274	7000
28056	7000
37674	7000
200077	7000
40809	7000
26156	7000
50607	7000
52769	7000
262957	7000
37455	7000
133487	7000
52938	7000
135028	7000
43503	7000
37704	7000
43126	7000
37429	7000
38742	7000
200608	7000
136358	7000
136990	7000
45170	7000
328119	7000
267282	7000
45587	7000
266803	7000
133354	7000
328287	7000
131314	7000
210234	7000
48825	7000
38004	7000
200590	7000
39855	7000
205844	7000
24076	7000
136908	7000
14224	7000
37695	7000
197686	7000
201553	7000
39126	7000
63981	7000
15739	7000
35711	7000
52786	7000
209408	7000
36394	7000
60930	7000
200147	7000
23938	7000
267859	7000
266715	7000
37777	7000
34235	7000
12976	7000
134178	7000
37266	7000
134946	7000
33081	6700
265238	6600
52884	6500
263401	6500
48626	6200
139641	6180
262756	6144
264238	6144
132540	6072
53106	6048
30122	6000
30133	6000
49432	6000
1798	6000
41357	6000
33522	6000
22431	6000
52419	6000
201353	6000
28307	6000
19807	6000
264311	6000
206506	6000
12732	6000
205381	6000
204981	6000
135000	6000
202313	6000
266494	6000
266149	6000
24691	6000
6233	6000
203649	6000
33582	6000
37428	6000
209673	6000
207146	6000
50377	6000
43065	6000
46939	6000
328476	6000
137178	6000
268809	6000
328223	6000
132445	6000
199976	6000
327906	6000
29169	6000
31611	6000
207622	6000
266140	6000
267620	6000
131749	6000
17538	6000
59139	6000
137363	6000
24527	6000
138838	6000
58474	6000
133352	6000
58485	6000
38148	6000
38783	6000
45701	6000
136861	6000
135464	6000
138131	6000
60810	6000
59613	6000
207618	6000
29636	6000
20766	6000
44134	6000
30803	6000
28846	6000
41497	6000
56511	6000
202032	6000
30933	6000
327909	6000
262644	6000
266344	6000
264580	6000
52547	6000
24446	6000
197197	6000
50903	6000
59164	6000
135780	6000
139226	6000
11845	6000
24206	5800
24594	5600
264752	5600
265715	5500
268619	5500
265865	5300
44977	5200
27754	5120
38712	5024
6102	5000
12759	5000
34362	5000
19468	5000
131310	5000
34407	5000
28801	5000
28187	5000
262561	5000
262695	5000
31222	5000
61902	5000
393626	5000
52722	5000
52669	5000
60501	5000
11910	5000
52813	5000
51786	5000
57254	5000
202627	5000
134832	5000
198374	5000
262466	5000
264708	5000
35489	5000
265027	5000
264022	5000
264795	5000
133615	5000
23667	5000
262711	5000
267219	5000
135597	5000
52326	5000
135841	5000
135055	5000
33569	5000
200191	5000
205168	5000
61802	5000
138627	5000
9145	5000
6505	5000
208097	5000
266020	5000
21056	4700
268060	4550
53192	4530
265409	4500
262231	4500
266260	4500
37638	4400
137069	4300
200303	4300
52681	4200
61785	4200
201494	4200
136230	4096
393807	4096
134922	4096
5560	4000
2854	4000
198290	4000
37098	4000
49933	4000
263978	4000
62100	4000
42183	4000
266365	4000
131247	4000
25516	4000
23923	4000
201695	4000
134933	4000
57166	4000
43338	4000
29097	4000
206945	4000
268525	4000
268144	4000
134863	4000
31960	4000
36865	4000
135415	4000
131636	4000
26709	4000
7727	4000
135719	4000
135218	4000
30272	4000
6373	4000
138143	4000
52436	4000
59766	4000
268710	4000
34019	4000
23342	4000
3130	4000
27781	4000
39145	4000
46609	4000
14333	4000
39583	4000
52344	4000
264262	4000
38515	4000
133651	4000
135848	4000
136255	4000
2042	4000
24243	4000
262527	3750
197890	3600
47522	3600
204994	3600
56791	3500
28589	3500
262307	3500
267326	3500
55680	3480
207401	3300
24005	3300
47748	3200
24232	3200
53209	3200
264555	3150
132268	3100
37186	3100
7532	3072
42235	3072
205086	3072
138115	3072
27659	3072
58898	3072
134605	3072
131442	3072
132559	3072
53127	3072
135226	3072
13917	3000
47138	3000
35053	3000
16210	3000
29140	3000
6853	3000
1880	3000
53114	3000
53166	3000
61319	3000
263356	3000
264754	3000
209263	3000
267654	3000
138988	3000
398202	3000
202347	3000
139329	3000
43928	3000
133089	3000
267386	3000
266598	3000
135480	3000
24207	3000
138130	3000
137378	3000
24212	3000
138887	3000
38776	3000
38150	3000
139605	3000
63874	3000
137316	3000
139446	3000
56239	3000
139972	3000
139909	3000
201714	3000
139956	3000
135323	3000
55789	3000
135234	3000
28602	3000
396841	3000
52356	3000
138876	3000
138745	3000
139528	3000
269258	3000
60304	3000
30286	3000
43518	3000
209152	3000
47442	3000
207549	3000
138365	3000
23679	3000
38143	3000
49781	3000
139431	3000
45296	3000
131773	3000
58401	3000
138119	3000
138079	3000
136088	3000
137358	3000
138276	3000
8201	3000
24541	3000
12826	3000
29449	3000
41495	3000
8820	3000
47617	3000
18221	3000
41471	3000
35260	3000
36687	3000
45500	3000
26253	3000
55761	3000
47297	3000
38757	3000
11624	3000
55658	3000
132646	3000
199516	3000
17561	3000
263536	3000
28328	3000
15672	3000
197922	3000
19116	3000
37363	3000
204005	3000
263555	3000
61913	3000
327850	3000
22549	3000
134877	3000
131459	3000
134259	3000
328033	3000
59432	3000
263043	3000
54721	3000
327814	3000
48105	3000
263143	3000
262887	3000
57695	3000
52923	3000
394102	3000
265959	3000
59368	3000
42774	3000
60975	3000
136370	3000
136708	3000
35135	3000
327817	3000
61092	3000
134204	3000
135269	3000
204982	3000
45630	3000
136642	3000
267263	3000
6083	2800
263548	2800
48252	2700
49653	2500
137935	2500
207866	2500
266280	2400
43853	2400
61203	2300
27024	2250
48126	2200
17890	2200
54210	2100
58475	2100
34800	2100
27967	2048
52688	2048
9115	2008
29876	2000
36184	2000
23710	2000
24048	2000
21476	2000
12381	2000
29259	2000
18227	2000
55865	2000
40034	2000
39931	2000
197551	2000
63829	2000
35551	2000
51349	2000
48310	2000
47628	2000
17400	2000
263290	2000
42310	2000
263893	2000
133501	2000
264608	2000
60718	2000
24880	2000
45956	2000
39010	2000
137937	2000
267126	2000
266896	2000
37698	2000
52387	2000
209530	2000
21659	2000
209291	2000
134522	2000
31673	2000
268523	2000
266545	2000
270383	2000
265297	2000
52477	2000
63882	2000
196922	2000
50311	2000
208817	2000
328543	2000
137159	2000
263720	2000
135964	2000
263762	2000
37708	2000
139833	2000
209109	2000
41666	2000
34927	2000
207317	2000
207654	2000
327720	2000
139978	2000
14295	2000
18520	2000
132448	2000
38771	2000
53046	2000
58731	2000
138910	2000
24953	2000
30126	2000
6775	2000
41393	2000
42473	2000
3595	2000
27413	2000
59414	2000
197669	2000
20406	2000
23201	2000
56203	2000
24492	2000
29170	2000
133536	2000
38496	2000
52936	2000
50677	2000
262713	2000
327761	2000
135876	2000
37302	2000
52373	2000
205964	2000
328262	2000
204671	2000
33932	2000
42181	2000
17806	2000
138536	2000
206235	2000
61218	2000
139702	2000
45926	2000
18117	2000
12577	1900
35579	1900
37223	1900
51159	1900
198721	1900
206782	1900
45220	1800
17895	1800
9189	1800
263755	1800
24129	1700
24892	1600
42587	1600
6066	1550
28262	1500
262416	1500
53185	1500
54728	1500
24220	1500
18052	1400
197038	1400
9341	1350
43573	1300
266475	1200
204909	1200
266133	1200
15401	1200
139249	1124
11271	1100
13049	1100
55420	1100
138632	1100
131668	1100
266355	1100
209555	1100
209022	1100
134563	1100
52920	1050
267427	1024
133989	1024
23893	1024
55806	1024
18230	1024
30889	1000
23310	1000
34746	1000
33472	1000
15436	1000
25752	1000
30141	1000
41037	1000
20507	1000
41399	1000
1982	1000
8481	1000
25504	1000
29430	1000
14970	1000
34764	1000
13105	1000
34144	1000
21840	1000
44212	1000
28929	1000
23677	1000
20081	1000
9290	1000
15716	1000
31555	1000
20483	1000
31653	1000
33211	1000
42937	1000
45425	1000
24238	1000
49867	1000
3661	1000
4641	1000
14166	1000
47302	1000
17501	1000
196967	1000
28182	1000
36275	1000
46373	1000
197439	1000
2597	1000
196763	1000
32586	1000
26106	1000
12431	1000
45444	1000
48913	1000
13591	1000
10015	1000
57821	1000
18149	1000
38190	1000
35399	1000
61044	1000
24006	1000
47762	1000
31319	1000
18612	1000
36315	1000
173	1000
27983	1000
133444	1000
12822	1000
11008	1000
59752	1000
199547	1000
8310	1000
132645	1000
8922	1000
56109	1000
24347	1000
59919	1000
17970	1000
263928	1000
37120	1000
56204	1000
50623	1000
133072	1000
25491	1000
48847	1000
11947	1000
35001	1000
49640	1000
24634	1000
21201	1000
393629	1000
205610	1000
262266	1000
131996	1000
38217	1000
57089	1000
37190	1000
62230	1000
267673	1000
202806	1000
204662	1000
17689	1000
264650	1000
34527	1000
12556	1000
207491	1000
6735	1000
60391	1000
52545	1000
52998	1000
58145	1000
7562	1000
266571	1000
268280	1000
30362	1000
267732	1000
37622	1000
39070	1000
36827	1000
267830	1000
269040	1000
267062	1000
21058	1000
267833	1000
16921	1000
328518	1000
53057	1000
269432	1000
49752	1000
51001	1000
63027	1000
133809	1000
207770	1000
136244	1000
207439	1000
45424	1000
131091	1000
139021	1000
22425	1000
269091	1000
206215	1000
205920	1000
269875	1000
139449	1000
213377	1000
268268	1000
36198	1000
23855	1000
139628	1000
213342	1000
41051	1000
134917	1000
62321	1000
135225	1000
35568	1000
138663	1000
36936	1000
268821	1000
57782	1000
328441	1000
4618	1000
20932	1000
24050	1000
33071	1000
34505	1000
7469	1000
17824	1000
15177	1000
37159	1000
47692	1000
31402	1000
28198	1000
27693	1000
202194	1000
53061	1000
26753	1000
132679	1000
133043	1000
17469	1000
199230	1000
327908	1000
45951	1000
262568	1000
17416	1000
25435	1000
53094	1000
132372	1000
41651	1000
136451	1000
41139	1000
48507	1000
134265	1000
133311	1000
39650	1000
204708	1000
136175	1000
328255	1000
205614	1000
205718	1000
37395	1000
328043	1000
136982	1000
137273	1000
203976	1000
32030	1000
57581	1000
204633	1000
328229	1000
206262	1000
135190	1000
137016	1000
202328	1000
34553	1000
327796	1000
209626	1000
4842	1000
24124	1000
208848	1000
204326	1000
138056	1000
51972	1000
209385	1000
35090	900
39615	900
38887	900
31680	900
25433	900
6734	900
42492	900
12854	900
52186	900
17747	900
328107	900
52051	900
203040	900
204185	900
265890	900
5377	900
21246	900
10678	800
36388	800
9327	800
19089	800
16347	800
34578	800
133318	800
46045	800
264382	800
266687	800
268539	800
204188	800
37472	800
264602	800
267520	800
4558	736
5764	700
29471	700
29590	700
39180	700
24632	700
45054	700
52828	700
28303	700
137936	700
267801	700
27806	700
32398	700
48344	600
264756	600
44207	600
263486	600
327822	600
203968	600
28211	600
265356	600
267083	560
29006	500
262716	500
265702	500
59340	500
328522	500
62166	500
201146	500
208063	500
9601	500
37192	450
31055	400
205927	400
61903	400
28215	400
18719	400
48821	400
39196	400
9892	400
8338	400
53216	400
36889	400
265464	400
268713	300
36369	300
207454	300
328585	300
207394	300
209645	300
24776	300
24381	300
35821	300
30528	300
5111	300
56662	300
132022	300
58578	300
132882	300
327775	300
132376	300
133309	300
134232	300
132531	240
2499	200
327981	200
44024	200
204438	200
13287	200
37286	200
140219	200
51778	200
47902	200
21158	200
16242	200
131477	200
8661	200
206610	200
57757	200
203615	160
16503	120
15434	100
50088	100
13357	100
393853	100
37224	100
140244	100
213386	100
10557	100
135206	100
27744	100
202301	100
213253	100
55784	100
209833	100
9229	100
20291	100
56911	100
33983	100
38592	100
138023	100
202479	100
205523	100
266551	100
35145	100
327781	100
15469	80
37044	80
36997	80
61417	70
39271	60
37209	56
55822	50
43660	50
213330	50
132003	40
54049	20
269163	20
37062	16
263855	12
37133	10
269104	10
21693	10
52423	8
137653	3
13594	3
13273	3
270320	1
6762	0
32787	0
2519	0
31133	0
26193	0
8015	0
17222	0
60497	0
21339	0
8470	0
51324	0
21083	0
327692	0
4755	0
6895	0
327976	0
56196	0
15932	0
57724	0
200125	0
41841	0
56575	0
198529	0
44124	0
196883	0
37424	0
6300	0
198035	0
197318	0
38942	0
42935	0
20530	0
198187	0
48694	0
43171	0
50095	0
200602	0
35199	0
200750	0
197181	0
3169	0
199510	0
44784	0
197345	0
22541	0
200089	0
52031	0
55714	0
43495	0
198007	0
48629	0
41833	0
62328	0
197697	0
199774	0
203937	0
203742	0
35787	0
206910	0
51863	0
197809	0
41379	0
42374	0
197099	0
42852	0
60755	0
29070	0
61154	0
202936	0
197295	0
198709	0
198424	0
198906	0
199265	0
197572	0
203505	0
203306	0
59611	0
198214	0
206489	0
10355	0
263097	0
57890	0
203765	0
199005	0
51101	0
62201	0
197375	0
199381	0
60219	0
196979	0
395478	0
56983	0
57665	0
3352	0
198766	0
201531	0
197437	0
201001	0
51960	0
199341	0
51068	0
265692	0
262690	0
206762	0
37087	0
52414	0
3582	0
59776	0
201332	0
264857	0
57945	0
197766	0
203157	0
33494	0
135895	0
49633	0
264853	0
10803	0
133859	0
206736	0
205073	0
21030	0
52664	0
62184	0
3249	0
206406	0
263699	0
264013	0
199473	0
132556	0
36707	0
205384	0
57332	0
198493	0
56324	0
57701	0
202626	0
57101	0
203582	0
136857	0
197837	0
136336	0
41044	0
50916	0
198081	0
37345	0
19091	0
28468	0
41297	0
203667	0
138222	0
31230	0
327753	0
60265	0
209854	0
24064	0
202434	0
328111	0
268801	0
396300	0
47237	0
206460	0
137597	0
136994	0
328401	0
52473	0
27017	0
10361	0
131954	0
49941	0
12833	0
60119	0
52544	0
199138	0
58158	0
32082	0
37550	0
27993	0
395326	0
209451	0
207306	0
43824	0
134331	0
207834	0
269826	0
328055	0
51185	0
265777	0
205897	0
207071	0
18997	0
56523	0
59598	0
204479	0
24257	0
38207	0
206479	0
135031	0
2486	0
33333	0
47950	0
17048	0
210283	0
50321	0
51262	0
63830	0
26930	0
43653	0
