32934	280160000
714	251300000
16509	249210000
8075	175630000
13335	151680000
54113	115530000
20940	108871000
22822	83410000
16276	66610000
6939	50958000
46489	49740000
17676	46820000
6805	36820000
33891	34900000
7342	30600000
3209	28840000
31334	28080000
39386	25486000
2516	24078000
3356	22156000
6461	20830000
64049	19580000
9498	19530000
2497	19420000
328058	18000000
19679	16720000
29990	16620000
4230	16340000
8447	16200000
28604	15820000
2119	15670000
49544	14446000
9002	14318000
20115	14100000
6667	13694000
25506	13630000
12389	13470000
2856	12650000
1136	12600000
5650	12560000
63293	12430000
15169	12360000
8966	12250000
2635	12120000
2518	12110000
3216	12032000
4181	11849000
8473	11090000
2914	11080000
4637	11017000
226	10980000
38022	10800000
1267	10741800
41095	10304000
5607	10260000
15133	10130000
17511	10010000
6730	9946000
6830	9850010
12552	9760000
9009	9470000
5578	9240000
55391	9240000
5400	9125000
21320	9015000
265950	8913000
8359	8868000
12874	8360000
270346	8000000
20485	7990000
2527	7950000
6774	7782000
2514	7730000
25933	7602000
36459	7570000
5410	7560000
57344	7560000
36408	7452000
34756	7200000
328045	7200000
15435	7160000
6327	7088000
12989	7060000
2686	7038000
16086	7000000
29314	6970000
56478	6860000
2818	6810000
2907	6804000
5089	6780000
12189	6778000
680	6760000
2603	6660000
61832	6647060
52320	6560000
38634	6500000
22356	6484000
4760	6480000
13285	6390000
58453	6380000
1103	6342000
15557	6310000
6079	6300000
1547	6172000
7843	6170000
16591	6150000
45899	6110000
37447	6006000
28663	5949000
12713	5900000
11164	5820000
15305	5810000
15412	5766000
5645	5730000
9304	5560000
13030	5530000
32098	5528000
47541	5490000
38082	5456000
1273	5400000
18734	5400000
23620	5400000
61955	5340020
12322	5170000
15704	5160000
132164	5156000
52580	5086000
35228	5040000
4556	5040000
11260	5010000
6509	4714000
13768	4628000
46786	4580000
6507	4560000
3292	4520000
24785	4500000
9121	4380000
23393	4338000
11404	4320000
37100	4274000
9534	4170000
3265	4140000
36692	4122300
20880	4120000
24203	4110000
25192	4039000
9824	4020000
327693	3970000
786	3960000
30722	3960000
12083	3920000
42708	3910000
1257	3900600
23520	3900000
62041	3900000
5588	3840000
12430	3820000
812	3810000
2711	3800000
2510	3800000
29535	3800000
39651	3793000
668	3780000
14413	3724000
40356	3720000
19151	3690000
202276	3680000
27381	3640000
7575	3636000
5432	3600000
8717	3600000
6661	3600000
262206	3600000
15962	3600000
11888	3600000
9318	3582000
16637	3560000
38091	3440000
3630	3420000
137872	3400000
5378	3320000
20504	3240000
15802	3240000
4800	3214000
18403	3210000
12479	3160000
13445	3157000
55818	3139800
34224	3135000
28368	3135000
4739	3120000
9680	3080000
23576	3060000
35320	3050000
23563	3020000
12714	3003000
50384	2970000
26615	2920000
43531	2918000
7155	2900000
264144	2900000
42525	2898000
8529	2888000
9269	2875000
6057	2870000
5713	2860210
34984	2860000
205216	2860000
7195	2810000
47377	2800000
13037	2790000
53180	2790000
37271	2786000
8426	2772000
11232	2770000
59605	2728000
1741	2700000
13760	2700000
37662	2700000
3255	2640000
30600	2640000
5413	2596000
7738	2538000
12849	2520000
132203	2520000
23184	2510000
8657	2490000
30517	2470000
2851	2460000
47764	2430000
22646	2430000
31500	2376000
702	2356800
109	2341000
12200	2340000
7029	2340000
23881	2340000
40788	2340000
4766	2320000
17072	2320000
31027	2300000
52941	2280000
4134	2270000
3327	2264000
38895	2250000
9050	2240000
9505	2238000
197595	2220000
3741	2215300
15542	2200000
4648	2200000
262503	2190000
46450	2180000
6128	2180000
3491	2174000
2828	2160000
58073	2160000
393565	2160000
62887	2110000
18081	2100000
2116	2098000
38880	2088000
28343	2079000
13489	2070000
200981	2060000
30081	2050000
7545	2046000
31655	2040000
34867	2040000
6768	2040000
28580	2014000
47582	2000000
139023	2000000
47605	1998000
4761	1996000
48237	1992500
38622	1990000
4713	1980000
293	1980000
28126	1980000
11269	1980000
6614	1960000
9930	1950000
28146	1940000
14630	1938000
23473	1937000
396253	1936000
14282	1923000
2852	1920000
13170	1908000
36089	1890000
50304	1850000
10474	1836000
40428	1800000
3601	1800000
33362	1800000
58682	1800000
34218	1800000
197790	1800000
49378	1800000
101	1800000
21245	1790000
29119	1780000
17451	1763000
4685	1760000
55900	1760000
25180	1756000
2906	1750000
17639	1731000
196925	1720000
15600	1710000
132825	1700000
64050	1700000
15224	1692000
7795	1680000
30094	1674000
28260	1670000
30844	1664000
14868	1651500
62955	1650000
9231	1640000
6697	1630000
39326	1625000
9723	1620000
16904	1620000
10143	1620000
39608	1620000
2559	1620000
31939	1610000
24748	1600000
43727	1590000
262355	1587000
137922	1580000
4773	1560000
263903	1560000
24115	1556000
38883	1547000
11686	1530000
61449	1530000
23404	1530000
262287	1520020
44050	1518000
8455	1510000
52925	1510000
267056	1510000
6866	1500000
35753	1500000
53013	1500000
20943	1500000
6465	1500000
202425	1500000
18705	1490000
52840	1490000
21976	1490000
52871	1490000
262740	1490000
53766	1482000
35407	1480000
30781	1479000
10026	1475840
28158	1471000
200455	1470000
263327	1462000
5009	1460000
263073	1460000
61400	1460000
9605	1460000
17559	1458000
22689	1454400
2110	1440000
39202	1440000
33915	1440000
10030	1440000
766	1440000
62	1440000
54183	1440000
54312	1440000
19009	1440000
27715	1440000
63221	1440000
201641	1440000
26415	1440000
59027	1440000
36062	1440000
8781	1421000
9116	1420000
28338	1400000
53162	1392000
5603	1380000
54133	1380000
12353	1370000
62904	1370000
27475	1370000
27471	1368000
9354	1358000
18106	1357000
7552	1350000
33132	1350000
2860	1340000
7473	1330000
6908	1322000
9595	1320000
263297	1320000
58507	1314000
25358	1313000
2611	1300000
28598	1300000
26801	1290000
6412	1288000
18121	1280000
3786	1280000
53158	1270000
200020	1267000
852	1260000
29550	1260000
577	1260000
7992	1260000
24940	1260000
13124	1260000
25512	1260000
38790	1260000
8095	1260000
4651	1250000
4258	1240000
43332	1240000
262659	1238000
8220	1236000
703	1230200
33438	1220000
26162	1212000
43205	1200000
209222	1200000
7418	1200000
49477	1200000
21574	1194000
136106	1191000
8632	1188000
25885	1180000
7679	1170000
2687	1161000
45780	1161000
23148	1160000
24033	1160000
5483	1160000
30990	1160000
28716	1158000
266470	1153928
23889	1144000
12731	1125000
9500	1120000
39832	1120000
36924	1119000
44053	1116400
42000	1110000
12956	1105000
9924	1102500
21385	1101600
262848	1099000
45158	1095000
6407	1094000
15830	1085000
48919	1082000
2152	1081600
21502	1080000
9070	1080000
29695	1080000
43646	1080000
21321	1080000
32184	1080000
38819	1080000
45204	1080000
6848	1080000
49685	1080000
7415	1080000
6471	1080000
137831	1080000
1680	1070000
38858	1070000
6922	1070000
39912	1068000
35213	1061000
132132	1060000
4788	1056500
262773	1056000
17709	1040000
28171	1040000
12392	1040000
41798	1040000
37168	1038000
11758	1020000
41998	1020000
5769	1010000
6181	1010000
262729	1010000
262428	1010000
264668	1008000
8462	1000000
37153	1000000
59930	1000000
49374	1000000
35432	998000
9031	996000
43561	989000
138132	981000
12871	980000
9365	980000
51500	980000
5511	970000
9342	966000
15502	960000
263665	960000
46	960000
52005	960000
262807	951500
7862	947000
23693	940000
13189	933000
7670	930000
17941	930000
265937	930000
10310	920000
28624	920000
49158	920000
11979	920000
13193	918000
26803	918000
9902	918000
31272	904800
25899	900000
13249	900000
133612	900000
7632	900000
34700	900000
42830	900000
197482	900000
19324	900000
35362	900000
327987	900000
266989	900000
50473	900000
51069	900000
62044	900000
262778	894000
137	887000
9729	884000
12129	880000
36040	880000
13576	880000
719	880000
17885	880000
22616	880000
8452	870000
28331	870000
19108	860000
263080	860000
27988	850000
34244	844000
61102	840000
31898	840000
53184	830960
58601	830000
37282	828000
36236	825000
15419	820000
10036	820000
11814	818000
23498	810000
15085	810000
14026	810000
262468	810000
7049	810000
559	800000
4787	800000
30838	800000
265399	800000
20347	800000
50129	800000
59783	800000
58530	792000
14969	791000
327991	790000
62668	790000
206819	783000
26554	780000
9667	780000
131917	780000
45558	780000
49824	780000
58580	773000
52551	772650
43668	770000
136743	770000
210278	770000
22724	761000
30419	760000
39642	760000
51852	760000
63242	760000
24130	756000
12678	756000
38466	752000
21371	750000
53065	748000
19165	747000
12041	746000
28202	742000
132296	740000
3267	739800
6067	738000
15958	738000
36937	735000
9044	734000
6447	733900
9650	732000
8365	720000
29422	720000
11096	720000
17819	720000
25577	720000
39102	720000
36351	720000
39704	720000
20845	720000
60339	720000
31242	720000
8535	720000
15517	720000
1424	720000
13147	720000
8866	720000
41678	720000
17924	720000
28666	720000
28267	720000
8448	720000
19996	720000
18260	720000
41164	720000
35193	720000
58209	720000
47242	720000
25255	720000
48634	720000
54998	720000
22147	720000
8445	720000
5403	720000
10118	720000
17054	720000
262664	720000
197451	720000
56038	720000
3261	720000
17012	720000
132680	720000
48620	720000
50204	720000
44735	720000
28576	720000
11550	720000
13807	720000
27919	720000
40526	720000
3754	720000
28554	720000
30818	720000
6307	720000
135262	720000
266167	720000
55182	720000
27925	720000
34305	720000
1828	719000
52579	718000
16302	715500
47422	713000
27524	710000
4657	710000
25668	710000
27747	710000
262476	710000
12709	710000
24703	710000
266931	710000
3320	702000
53037	700000
58941	700000
64220	700000
264215	700000
47481	700000
54827	700000
267469	700000
14492	696000
20144	696000
28649	691000
38333	690000
263616	690000
4635	682000
16735	680000
21413	680000
10158	680000
56444	680000
55002	680000
28330	678000
8308	676000
11666	676000
27589	676000
37417	675000
32286	674000
48166	671000
5391	670000
18278	670000
50643	670000
24751	670000
58243	670000
267484	670000
3300	668000
44843	666000
18182	660000
52696	660000
202023	660000
53240	660000
262731	660000
41206	660000
26446	660000
41018	658000
45638	656000
14340	653400
17665	652500
10098	651800
26496	650000
30041	650000
1241	650000
34610	648000
197888	648000
262760	646000
64315	646000
35717	640000
63290	640000
17922	638000
8968	638000
8674	634000
28229	630000
17583	630000
38987	626000
7782	620000
56396	620000
28191	620000
136784	620000
9299	615000
24324	612000
16570	612000
40029	610000
7600	606000
263421	604000
38107	600000
21232	600000
30950	600000
60169	600000
44416	600000
59776	600000
25019	600000
43729	600000
32440	600000
44066	600000
47872	600000
13000	598000
134697	594900
12859	594000
22691	594000
33011	594000
28125	592000
37678	591000
37693	590000
1239	589000
24916	580000
29009	580000
20773	580000
16700	580000
28665	580000
24277	580000
21488	580000
16110	580000
41194	580000
41552	578500
14361	578000
8487	576400
12310	576000
7311	576000
56258	576000
35761	576000
10003	573000
20121	570000
26120	570000
9264	568000
10029	566000
45352	563400
35745	563000
6677	560000
44684	560000
262865	560000
133403	560000
12847	560000
262847	559000
1836	558000
3701	558000
8399	558000
3262	558000
17547	558000
31463	558000
199319	558000
136557	557000
63516	550000
52468	550000
45011	550000
21808	550000
9749	549000
30539	548000
18283	548000
11142	548000
20459	548000
38327	546000
12654	541800
10835	541800
701	540000
2381	540000
237	540000
6695	540000
2529	540000
12306	540000
40511	540000
36944	540000
39605	540000
11403	540000
26163	540000
9008	540000
48918	540000
1406	540000
8530	540000
33083	540000
25148	540000
18268	540000
34056	540000
39545	540000
36012	540000
26677	540000
36280	540000
10302	540000
2614	540000
55569	540000
23786	540000
47708	540000
47264	540000
36222	540000
57866	540000
35805	540000
38651	540000
262403	540000
13825	540000
61374	540000
52752	540000
51409	540000
262434	540000
9993	540000
3128	540000
10578	540000
63270	540000
3252	540000
262485	540000
9834	540000
53078	540000
9029	540000
16851	540000
36734	540000
36873	540000
30028	540000
42981	540000
41508	540000
18747	540000
48956	540000
35434	540000
196729	540000
202103	540000
202196	540000
29107	540000
18255	540000
56931	540000
39251	540000
8819	540000
131937	540000
39507	540000
205139	540000
15598	540000
23930	538000
21777	531000
21409	530000
1422	530000
394497	530000
396356	530000
9957	528000
37613	523000
41420	520000
59384	520000
9997	520000
327901	520000
53152	520000
34120	520000
45269	520000
8540	520000
15377	520000
37697	520000
7475	513600
13122	512000
23089	510000
18450	510000
132215	509000
199503	508000
27955	504000
4780	502000
22742	500000
7671	500000
43656	500000
39551	500000
131934	500000
26077	500000
131160	500000
267590	500000
133496	500000
20394	500000
10010	500000
3302	498000
9246	498000
262505	498000
49290	497500
3257	497000
35575	495000
133120	492500
13896	491000
39444	490000
28370	490000
224	490000
9457	490000
38758	482000
39899	480200
19318	480000
59900	480000
17534	480000
59536	480000
40581	480000
18200	480000
45031	480000
263055	480000
134139	480000
34058	480000
131912	480000
202409	480000
136907	480000
7385	480000
17717	480000
7713	472000
262444	470000
37892	470000
50050	470000
13009	468000
3225	468000
28166	466000
266448	465000
37358	463000
56308	461000
52751	460000
262343	460000
26133	460000
55329	456000
6473	450000
12693	450000
4818	450000
23783	450000
44788	450000
23114	450000
54329	450000
19189	450000
53080	450000
132770	450000
1659	450000
59460	450000
61157	450000
35640	450000
197727	447000
9297	446000
133930	446000
61189	442000
12387	440000
40220	440000
11835	440000
17882	440000
23314	440000
10002	440000
23778	440000
4557	440000
21559	440000
1759	440000
137280	440000
41275	440000
41096	436000
262532	435200
52937	434500
59699	434400
47195	434000
22363	432000
31727	430000
23704	430000
21367	430000
32233	430000
42	429200
60474	427700
15763	426500
19889	425000
32217	423000
58057	421000
13370	420000
6679	420000
32505	420000
199995	420000
37468	420000
6663	417000
58307	417000
38322	416000
12350	414000
37150	414000
201054	414000
26613	414000
16839	413000
132255	413000
7162	410000
53147	410000
199408	410000
13786	410000
42456	409000
20910	409000
34803	408000
24709	406000
11014	405000
56828	404000
37254	403000
37105	400000
5541	400000
56329	400000
54665	400000
52689	400000
42504	400000
263880	400000
40317	400000
22697	400000
262595	400000
23059	400000
376	400000
37611	400000
4770	398000
34245	396000
24852	396000
327698	396000
204053	396000
204222	396000
51060	396000
44646	396000
28258	394000
15399	390000
10094	390000
50629	390000
16243	390000
55785	390000
40217	390000
53115	388000
62040	387072
23105	387000
262732	386000
327984	386000
50083	386000
55720	385000
25818	381100
202004	381000
18150	380000
8544	380000
15440	380000
26479	380000
24572	380000
35614	380000
35709	380000
10490	378000
7752	378000
16586	378000
27008	378000
4844	378000
16371	378000
13243	378000
4628	378000
22772	378000
25460	378000
57353	378000
50272	378000
262516	378000
28978	378000
262441	378000
49102	378000
199723	378000
200889	378000
60191	378000
38861	378000
51018	375000
197113	373000
28605	372000
8343	371000
200539	371000
56030	370000
28349	370000
37515	370000
28145	370000
9146	370000
199250	370000
37028	369900
10021	368000
263482	366500
7610	365440
262854	365000
24183	364000
9293	363000
12996	363000
28201	363000
53187	363000
39184	362000
266211	362000
9435	362000
58396	362000
9245	361600
23678	361000
55805	361000
8607	360000
15422	360000
25441	360000
25309	360000
35028	360000
3605	360000
8897	360000
27552	360000
6315	360000
15366	360000
16713	360000
30914	360000
25761	360000
12312	360000
31477	360000
16082	360000
5467	360000
20161	360000
8732	360000
2544	360000
2044	360000
21221	360000
12969	360000
855	360000
34594	360000
8608	360000
13868	360000
35819	360000
36416	360000
8057	360000
48971	360000
8903	360000
17514	360000
1930	360000
32869	360000
8896	360000
11030	360000
50295	360000
34555	360000
18678	360000
15474	360000
9186	360000
49788	360000
17955	360000
59835	360000
34456	360000
394739	360000
7642	360000
8821	360000
55480	360000
47155	360000
10297	360000
21099	360000
62047	360000
5619	360000
35017	360000
50606	360000
10973	360000
13730	360000
1251	360000
23316	360000
19169	360000
14265	360000
51243	360000
18129	360000
43833	360000
46043	360000
393223	360000
3333	360000
18978	360000
60955	360000
20836	360000
22799	360000
28224	360000
28667	360000
11815	360000
8055	360000
28668	360000
7057	360000
37596	360000
26609	360000
12338	360000
62752	360000
61231	360000
32204	360000
393523	360000
62715	360000
36112	360000
263311	360000
53597	360000
57864	360000
44356	360000
26292	360000
199860	360000
12670	360000
197013	360000
10733	360000
13739	360000
11468	360000
6994	360000
31950	360000
54527	360000
11924	360000
262696	360000
11280	360000
17310	360000
24611	360000
6325	360000
63124	360000
20952	360000
28310	360000
20850	360000
14627	360000
46435	360000
33713	360000
263535	360000
4809	360000
41046	360000
23669	360000
9615	360000
10001	360000
202119	360000
24249	360000
58589	360000
25083	360000
44914	360000
37439	360000
134053	360000
20717	360000
20715	360000
200852	360000
38924	360000
22442	360000
12735	360000
54290	360000
29866	360000
11240	360000
18419	360000
6122	360000
13977	360000
47438	360000
262457	360000
35205	360000
56890	360000
62499	360000
27618	360000
41549	360000
32212	360000
48793	360000
27216	360000
17726	360000
202895	360000
15669	360000
264437	360000
56282	360000
61584	360000
51619	360000
198537	360000
41026	360000
200594	360000
198948	360000
197667	360000
24271	360000
198418	360000
28545	360000
47254	360000
58863	360000
34092	360000
60860	360000
43509	360000
198525	360000
52106	360000
51636	360000
206890	360000
41160	360000
204126	360000
48503	360000
50705	360000
51390	360000
5582	360000
50767	360000
43571	360000
133206	360000
202228	360000
62622	360000
43679	360000
135814	360000
21171	360000
395466	360000
13381	360000
58942	360000
58943	360000
63839	360000
63832	360000
64219	360000
64222	360000
58548	360000
395383	360000
394625	360000
24745	360000
198551	360000
15924	360000
3662	360000
203165	360000
206548	360000
39431	360000
206314	360000
2590	360000
53231	360000
6917	360000
61917	360000
28658	360000
3479	360000
134312	360000
39840	360000
39871	360000
45187	360000
198371	360000
394308	360000
15659	360000
34612	360000
263998	360000
4673	360000
56635	360000
57279	360000
35539	360000
55872	360000
201105	360000
7337	360000
61053	360000
264450	360000
56864	360000
31004	360000
18390	360000
17608	360000
17889	360000
39798	360000
198612	360000
54578	360000
62282	360000
25454	360000
267530	360000
15624	360000
393979	360000
33166	360000
264023	360000
36493	360000
32564	360000
7838	360000
135662	360000
34702	360000
54198	360000
137562	360000
262456	360000
48287	360000
31200	360000
132692	360000
27745	360000
60415	360000
56309	360000
262794	358160
27924	358000
22438	355000
34577	354500
28130	354000
6619	352000
52908	350000
52531	350000
9694	350000
328278	350000
20804	342000
37699	342000
267201	342000
266341	341000
13536	340000
17506	340000
59899	340000
27364	340000
265206	340000
265130	340000
37701	340000
64216	340000
395081	340000
48452	340000
13329	340000
2682	340000
46276	340000
328437	340000
32261	340000
61323	340000
131744	336000
53171	334000
264493	334000
61438	333300
50821	330000
13360	330000
10019	330000
15054	330000
264543	330000
9946	330000
135739	330000
328146	330000
37317	330000
132528	330000
44061	330000
263009	330000
33763	329000
1280	329000
9416	328000
51706	328000
16211	326500
8763	324000
136119	324000
43607	324000
57169	321000
16150	320000
17356	320000
22561	320000
4581	320000
136838	320000
8895	320000
51048	320000
266444	320000
55943	320000
137912	320000
205881	320000
14593	320000
23540	320000
27901	320000
3238	320000
6799	320000
264556	320000
44654	319400
55581	317700
12470	317000
28359	316000
5564	315000
2857	315000
37157	315000
62455	315000
23700	310000
20771	310000
262699	310000
290	310000
5518	310000
50153	310000
199585	310000
50073	310000
264270	310000
397095	310000
38623	309900
327824	308000
11377	307200
4851	306000
263544	306000
262594	306000
262293	305000
45437	304000
52662	301700
55666	301500
30212	300000
5056	300000
26827	300000
262150	300000
45356	300000
17809	300000
11708	300000
264005	300000
266409	300000
18274	300000
202120	300000
37340	300000
131920	300000
58713	300000
56318	300000
53156	300000
394073	300000
60893	300000
264150	300000
49624	300000
32703	300000
5078	300000
29073	300000
33588	300000
47147	300000
13999	300000
28250	298000
262548	297000
131745	296500
395561	294000
132146	294000
34087	292000
31257	292000
45931	291800
16245	290000
22652	290000
28309	290000
31115	290000
52940	290000
132323	290000
265496	290000
264367	290000
267624	290000
12676	288000
200043	288000
63859	288000
203658	288000
28131	286000
53196	285000
132453	284000
24535	283000
393891	282000
45629	282000
30972	280000
35916	280000
39090	280000
52962	280000
22085	280000
262983	280000
8387	280000
262676	280000
263427	280000
266468	280000
263347	280000
13767	280000
35237	280000
134220	280000
52007	280000
29588	280000
2526	280000
4652	280000
9136	280000
6846	280000
61201	280000
198792	280000
15576	279000
135060	277000
199434	274000
264460	273600
34934	273000
328170	273000
264052	272000
262365	272000
268331	272000
43142	272000
20960	271000
7784	270000
49835	270000
54540	270000
52694	270000
262715	270000
52930	270000
263321	270000
197588	270000
264582	270000
266131	270000
32798	270000
398131	270000
7381	270000
48422	270000
4857	270000
265061	268000
262409	267000
18059	264000
132476	262400
41202	262000
197133	261300
32299	261000
14380	261000
267521	261000
28294	260960
34106	260000
12360	260000
41572	260000
6739	260000
28591	260000
262765	260000
62523	260000
264111	260000
395332	260000
41691	260000
268221	260000
50698	260000
9795	260000
137367	258000
38511	257000
35619	256400
3856	256050
262537	256000
39792	252000
57119	252000
16374	252000
37700	252000
24186	252000
28209	251000
61573	250500
27887	250000
57463	250000
262493	250000
199335	250000
61871	250000
264359	250000
8680	250000
132934	250000
264223	250000
59964	250000
41693	250000
131627	250000
14860	250000
266453	250000
28134	249600
266498	249000
39869	248000
37273	247000
12455	246000
55862	244000
263237	244000
25542	243000
12703	243000
12926	243000
56246	243000
51918	242000
198517	242000
133840	242000
202414	242000
72	241000
10594	240000
24105	240000
38657	240000
20718	240000
15497	240000
262744	240000
15191	240000
200052	240000
58708	240000
263626	240000
263516	240000
263982	240000
64255	240000
134033	240000
57249	240000
265886	240000
52766	240000
210	240000
265359	240000
267075	240000
10947	240000
136518	240000
263779	240000
18676	240000
32415	240000
27984	240000
209116	240000
13649	240000
3910	240000
3462	238000
59842	237000
52888	235000
263405	235000
264564	235000
8752	234040
20634	234000
4775	234000
14717	234000
14701	234000
5118	234000
63928	234000
197473	234000
44964	234000
39823	234000
38583	231000
37645	231000
196879	231000
262463	230480
29686	230000
803	230000
6295	230000
14828	230000
264344	230000
25615	230000
7539	230000
35176	230000
8647	230000
38220	229000
17828	229000
15699	228000
39279	228000
264397	228000
263445	228000
328242	228000
7131	227000
45896	226000
262318	226000
263394	226000
5416	226000
50572	225000
51795	225000
37333	225000
43406	225000
46723	225000
56449	224000
58376	224000
21859	223000
1342	222800
264575	222048
42511	222000
9038	221200
262761	221000
14793	220000
10075	220000
18077	220000
4058	220000
28284	220000
25447	220000
59497	220000
22177	220000
15280	220000
46455	220000
62943	220000
53211	220000
35007	220000
264517	220000
6718	220000
44692	220000
263625	220000
61588	220000
266156	220000
265019	220000
61751	220000
136521	220000
137557	220000
267289	220000
133380	220000
203942	220000
328417	220000
133898	220000
47478	220000
35612	220000
263542	219000
33182	218000
36149	218000
263329	218000
24338	218000
34006	217980
43545	217000
52666	217000
5430	216000
6130	216000
17660	216000
20969	216000
4927	216000
43708	216000
34108	216000
8902	216000
58451	216000
34790	216000
21430	216000
49455	216000
57356	216000
58779	216000
58980	216000
198736	216000
263265	216000
199846	216000
61709	216000
35306	216000
197400	216000
265278	216000
7656	216000
57513	216000
2847	216000
39067	216000
8246	214000
28124	212000
200781	212000
132449	212000
3908	212000
50316	211750
132976	211024
49888	210600
197091	210070
7568	210000
28277	210000
28153	210000
58965	210000
17077	210000
263702	210000
46155	210000
202709	210000
55359	210000
9976	210000
52772	210000
266608	210000
45298	210000
61602	210000
13002	208000
34347	207000
32867	207000
8280	207000
13272	206000
20764	206000
52439	206000
14633	205000
51263	204000
263336	204000
61512	203400
48539	202752
327962	202752
327756	202752
44099	202000
23913	202000
58495	202000
14537	201024
45411	201000
3303	200200
13354	200000
20712	200000
196968	200000
36866	200000
10299	200000
201081	200000
265032	200000
265086	200000
8369	200000
55259	200000
56373	200000
396125	200000
46375	200000
205473	200000
60171	200000
24955	200000
8757	200000
39572	200000
204805	199000
42947	199000
2915	198000
2153	198000
16186	198000
4150	198000
286	198000
30827	198000
35244	198000
26785	198000
24167	198000
8788	198000
29611	198000
23171	198000
5631	198000
29141	198000
39637	198000
42612	198000
25151	198000
31167	198000
48850	198000
16175	198000
47408	198000
39904	198000
11233	198000
6777	198000
36817	198000
1126	198000
28132	198000
17625	198000
36907	198000
53889	198000
29462	198000
23550	198000
327745	198000
28110	198000
15008	198000
262454	198000
262288	198000
262481	198000
4678	198000
32338	198000
20904	198000
51055	198000
60610	198000
262388	198000
64044	198000
24651	198000
20412	198000
199803	198000
133421	198000
29522	198000
38197	198000
47551	198000
7540	198000
38714	198000
56949	198000
198151	198000
47252	198000
198389	198000
201290	198000
197592	198000
197747	198000
197262	198000
198401	198000
198040	198000
199754	198000
50550	198000
199978	198000
200176	198000
25509	198000
263396	198000
42490	198000
198380	198000
49409	198000
31726	198000
133616	198000
47626	198000
8194	198000
37720	198000
37675	198000
202454	198000
264138	198000
28287	197000
262725	197000
9280	196000
21485	196000
28226	196000
52438	195000
9244	195000
12779	194000
30851	194000
53587	194000
207073	194000
15188	194000
262706	193000
61094	193000
328216	193000
132894	192600
16206	192000
52660	192000
31708	191000
22556	191000
57731	191000
14576	191000
9155	191000
55429	190000
16814	190000
19750	190000
52866	190000
262903	190000
39351	190000
262675	190000
15433	190000
133590	190000
40731	190000
58689	190000
15011	190000
63774	190000
137575	190000
207972	190000
24532	190000
328388	190000
263584	189000
30813	189000
51948	189000
42093	188000
37619	188000
264268	188000
29834	187000
53195	187000
59288	187000
264598	186960
18229	186000
45280	186000
36923	186000
263154	185000
55766	185000
28169	184900
28183	184320
29918	184320
61686	184320
196695	184320
53107	184320
24043	184000
37276	184000
53102	184000
18351	184000
53246	183000
17306	182640
132857	182000
58299	182000
28154	182000
62597	182000
41327	182000
29608	181800
42669	181800
8637	181440
131296	180960
60261	180000
63311	180000
7091	180000
8560	180000
8190	180000
5605	180000
30176	180000
26347	180000
29748	180000
21947	180000
12008	180000
35985	180000
23686	180000
24121	180000
9989	180000
11537	180000
20080	180000
24931	180000
6623	180000
23260	180000
31736	180000
17645	180000
36683	180000
6423	180000
31400	180000
3512	180000
29208	180000
24642	180000
35843	180000
43683	180000
5539	180000
26792	180000
39598	180000
23265	180000
13041	180000
43284	180000
5577	180000
42227	180000
35332	180000
11051	180000
42184	180000
13692	180000
8744	180000
29562	180000
47172	180000
47841	180000
47215	180000
11995	180000
47344	180000
33737	180000
48943	180000
46484	180000
47490	180000
11664	180000
45668	180000
38478	180000
33139	180000
20985	180000
33796	180000
12316	180000
47143	180000
11071	180000
21250	180000
12188	180000
33470	180000
41601	180000
52892	180000
11922	180000
59895	180000
11798	180000
29404	180000
22546	180000
53131	180000
513	180000
46849	180000
22653	180000
14116	180000
45711	180000
8728	180000
44160	180000
53070	180000
29037	180000
46793	180000
16095	180000
19531	180000
51929	180000
6723	180000
23627	180000
13857	180000
21525	180000
24554	180000
19844	180000
10024	180000
41412	180000
25764	180000
6336	180000
12578	180000
600	180000
53175	180000
32613	180000
23816	180000
19782	180000
27947	180000
197377	180000
48500	180000
17246	180000
32365	180000
54154	180000
26167	180000
10653	180000
45634	180000
43852	180000
34270	180000
54652	180000
21412	180000
18199	180000
25780	180000
9584	180000
53306	180000
8823	180000
53100	180000
1120	180000
44858	180000
12033	180000
11242	180000
42239	180000
54376	180000
50673	180000
48559	180000
16724	180000
132267	180000
10102	180000
54327	180000
63060	180000
57187	180000
18400	180000
7849	180000
58656	180000
199339	180000
25273	180000
58010	180000
60717	180000
27026	180000
41281	180000
8245	180000
57068	180000
18049	180000
33604	180000
262777	180000
28306	180000
28571	180000
262780	180000
14571	180000
12536	180000
11475	180000
10996	180000
17685	180000
38043	180000
57029	180000
11081	180000
199364	180000
29485	180000
54929	180000
29933	180000
262333	180000
14103	180000
57193	180000
40700	180000
33606	180000
55923	180000
36444	180000
18516	180000
32421	180000
33515	180000
40413	180000
10993	180000
23274	180000
26288	180000
62915	180000
25653	180000
5664	180000
28366	180000
196844	180000
40676	180000
262704	180000
31877	180000
32100	180000
15267	180000
22921	180000
15108	180000
52251	180000
18094	180000
133534	180000
262620	180000
10886	180000
53221	180000
27833	180000
20207	180000
6368	180000
262724	180000
52558	180000
14463	180000
24730	180000
61951	180000
11414	180000
133579	180000
57963	180000
198203	180000
62469	180000
30466	180000
262989	180000
52846	180000
262377	180000
42775	180000
43317	180000
54002	180000
262402	180000
264531	180000
264492	180000
53224	180000
53122	180000
27768	180000
36445	180000
133420	180000
28163	180000
61950	180000
9022	180000
199256	180000
262667	180000
62183	180000
50148	180000
56301	180000
28066	180000
32710	180000
24278	180000
133873	180000
49063	180000
198477	180000
10481	180000
42845	180000
11976	180000
327893	180000
5690	180000
16832	180000
40028	180000
393965	180000
61244	180000
9999	180000
25068	180000
262256	180000
134363	180000
42567	180000
31769	180000
263668	180000
4043	180000
263789	180000
18616	180000
25003	180000
132167	180000
48642	180000
26271	180000
59	180000
819	180000
32277	180000
263822	180000
61942	180000
263569	180000
29244	180000
263797	180000
25165	180000
25227	180000
201602	180000
133959	180000
198785	180000
7687	180000
11174	180000
8714	180000
42334	180000
16130	180000
43391	180000
58815	180000
263363	180000
28270	180000
28308	180000
11279	180000
53407	180000
262413	180000
35998	180000
17429	180000
29788	180000
19082	180000
15102	180000
55270	180000
21632	180000
25248	180000
52726	180000
51164	180000
52363	180000
20559	180000
18683	180000
54661	180000
19689	180000
135246	180000
52794	180000
134809	180000
52519	180000
8008	180000
394437	180000
328400	180000
264016	180000
52878	180000
58762	180000
45684	180000
202831	180000
52989	180000
197524	180000
45775	180000
264961	180000
201782	180000
327952	180000
52981	180000
62818	180000
198235	180000
199494	180000
51394	180000
133652	180000
32165	180000
27895	180000
197615	180000
43733	180000
264768	180000
27951	180000
46692	180000
57608	180000
262186	180000
27272	180000
263674	180000
35760	180000
50533	180000
200414	180000
199551	180000
51337	180000
134012	180000
35891	180000
60098	180000
29974	180000
25472	180000
262791	180000
35491	180000
60884	180000
57033	180000
394141	180000
27382	180000
36008	180000
55957	180000
11109	180000
206758	180000
52195	180000
199226	180000
7004	180000
57478	180000
60534	180000
27964	180000
39716	180000
41966	180000
59862	180000
202220	180000
7806	180000
395768	180000
264811	180000
52153	180000
262766	180000
50411	180000
41319	180000
395470	180000
265303	180000
395578	180000
50017	180000
42667	180000
135292	180000
49565	180000
23423	180000
395880	180000
134674	180000
1101	180000
11178	180000
23307	180000
59060	180000
197672	180000
51648	180000
13838	180000
202050	180000
264562	180000
395719	180000
133952	180000
394740	180000
57219	180000
201026	180000
394676	180000
34296	180000
14832	180000
58906	180000
29614	180000
6503	180000
61826	180000
45265	180000
12687	180000
12690	180000
25385	180000
202169	180000
131915	180000
202761	180000
131916	180000
265101	180000
196749	180000
205811	180000
61521	180000
328064	180000
196865	180000
135278	180000
27553	180000
53591	180000
53189	180000
135011	180000
265478	180000
198604	180000
38627	180000
23419	180000
24251	180000
262643	180000
7514	180000
28032	180000
206299	180000
36515	180000
50270	180000
28114	180000
63772	180000
328036	180000
6712	180000
22908	180000
41138	180000
17303	180000
38851	180000
52542	180000
53454	180000
6752	180000
265436	180000
198496	180000
56972	180000
42812	180000
327790	180000
393455	180000
41480	180000
265021	180000
40545	180000
62632	180000
53338	180000
35518	180000
394146	180000
62406	180000
25190	180000
266995	180000
19465	180000
27286	180000
137250	180000
40773	180000
54483	180000
13415	180000
204789	180000
266420	180000
204821	180000
199421	180000
32389	180000
49020	180000
267196	180000
44979	180000
20874	180000
266977	180000
267452	180000
263985	180000
134739	180000
263523	180000
205100	180000
43848	180000
31236	180000
196776	180000
5760	180000
31445	180000
23777	180000
51790	180000
132890	180000
394140	180000
27660	180000
63131	180000
263461	180000
64233	180000
267428	180000
38949	180000
41006	180000
197155	180000
265999	180000
134895	180000
202006	180000
51920	180000
1226	180000
262662	180000
25637	180000
47723	180000
37897	180000
11077	180000
262970	180000
131273	180000
197294	180000
18024	180000
131933	180000
54086	180000
57424	180000
200185	180000
55140	180000
136769	180000
40339	180000
196819	180000
29091	180000
11635	180000
132491	180000
263250	180000
29689	180000
198426	180000
27255	180000
49457	180000
61462	180000
138147	180000
41033	180000
47095	180000
59371	180000
397116	180000
202281	180000
267587	180000
131895	180000
196714	180000
197146	180000
209835	180000
44358	180000
50794	180000
263271	180000
8803	180000
20618	180000
56655	180000
268819	180000
134369	180000
16030	180000
61012	180000
23947	180000
15447	179000
45305	179000
327750	178432
49895	178000
262721	178000
200668	176000
395400	176000
58821	176000
51784	175300
201838	174000
23871	171200
13657	171000
2685	171000
11123	171000
53349	171000
262259	171000
31252	170000
35470	170000
13703	170000
37235	170000
53143	170000
263587	170000
6561	170000
203629	170000
48716	170000
265065	170000
197902	170000
63343	170000
264127	170000
61943	170000
15426	170000
200478	170000
134359	170000
32067	170000
46950	170000
50554	170000
63298	170000
30168	170000
35795	170000
25374	170000
7500	169000
53172	169000
16178	168000
37451	167000
62275	166000
202805	166000
138064	166000
132137	165888
53052	165000
262352	164836
199496	164000
262691	163840
17483	163000
25466	162000
12042	162000
11195	162000
61287	162000
262230	162000
63028	162000
61211	162000
133324	162000
327950	162000
57613	162000
61478	162000
31617	162000
41690	160000
57151	160000
32479	160000
24309	160000
61836	160000
32743	160000
262316	160000
136026	160000
48408	160000
20846	160000
3145	160000
12459	160000
264679	160000
14061	160000
262964	160000
37020	160000
39065	160000
3223	160000
8435	160000
265135	160000
7065	160000
37199	160000
64476	160000
10084	160000
268205	160000
47275	158600
262429	158000
57896	158000
6648	157000
133001	156620
4007	156300
64475	156000
38769	156000
55674	155400
48011	155000
25459	154000
56099	154000
49349	153000
13549	153000
18615	153000
64223	151000
135697	151000
6405	150000
394070	150000
19310	150000
395573	150000
9910	150000
132808	150000
57073	150000
33044	150000
52760	150000
23808	150000
197522	150000
23618	150000
35847	150000
13194	150000
28178	150000
45194	149808
25482	148480
57723	148336
12684	148000
40300	148000
33725	148000
21267	147000
58477	147000
53130	145000
262394	145000
263432	145000
263990	145000
33480	144768
14609	144000
35833	144000
21724	144000
21880	144000
35074	144000
202020	144000
57121	144000
9652	144000
35940	144000
137166	143360
36143	143000
33302	143000
11062	142400
21709	142000
58816	142000
51945	141300
133934	141100
51944	141000
26914	140000
7303	140000
18530	140000
42005	140000
9137	140000
42004	140000
39138	140000
14877	140000
53589	140000
59940	140000
62239	140000
52685	140000
4540	140000
52858	140000
134055	140000
25961	140000
58650	140000
55507	140000
31857	140000
328145	140000
199330	140000
60890	140000
131914	140000
396503	140000
28319	140000
11751	140000
37545	140000
394449	140000
19186	140000
3132	140000
23775	140000
210264	140000
264398	140000
14726	140000
14288	140000
138840	140000
264998	140000
137373	140000
328538	140000
39902	140000
397806	140000
33873	140000
133385	140000
134705	140000
202566	139000
55814	138000
31800	136800
205081	136000
21069	135000
8723	135000
262673	135000
327794	135000
263793	135000
198910	134000
43500	133120
10204	133000
6738	132800
264552	132600
48728	132000
262733	132000
133658	132000
59945	132000
30740	130000
20495	130000
15743	130000
18209	130000
9621	130000
23106	130000
262420	130000
17997	130000
39806	130000
29465	130000
262692	130000
267095	130000
22324	130000
60051	130000
268267	130000
20919	130000
39337	130000
265294	130000
397544	130000
265892	130000
328517	130000
133339	130000
328365	130000
58820	128000
37154	128000
55219	128000
267055	128000
264524	127000
10881	126000
19117	126000
26531	126000
54225	126000
39543	126000
61730	126000
327826	126000
262417	126000
265147	126000
133676	126000
262474	126000
56286	126000
262610	126000
132771	126000
266152	126000
262901	126000
59214	124000
23860	124000
394530	124000
61666	122880
264404	122880
264425	122000
262819	122000
7606	122000
13054	121200
33920	121000
132931	121000
39192	121000
49028	121000
45766	121000
208477	120700
28219	120030
16265	120000
5524	120000
2602	120000
23465	120000
17978	120000
56910	120000
263314	120000
59444	120000
328065	120000
264294	120000
135607	120000
18407	120000
23379	120000
396040	120000
266430	120000
393434	120000
2588	120000
266961	120000
266144	120000
266721	120000
201447	120000
268133	120000
29900	120000
25837	120000
266968	120000
51520	120000
17197	120000
328480	120000
131896	120000
266192	120000
209208	120000
2675	120000
57276	120000
16342	120000
9952	120000
267348	120000
58171	120000
7941	120000
19306	120000
55653	120000
37453	120000
44291	120000
14824	120000
4693	120000
55803	120000
198726	120000
134881	119808
61570	118000
52977	117000
60690	117000
268503	117000
58940	116000
52944	116000
7521	115000
264491	115000
328327	115000
50618	114000
15772	113000
18779	112000
268952	112000
263531	111500
21392	110000
4764	110000
48268	110000
12941	110000
2134	110000
264360	110000
33808	110000
262979	110000
263483	110000
206499	110000
53199	110000
200064	110000
263961	110000
204861	110000
39335	110000
48438	110000
40244	110000
209813	110000
35913	110000
37653	110000
267593	110000
263852	110000
204006	110000
208431	110000
6798	110000
26484	110000
266927	110000
266480	110000
15391	110000
43060	110000
35425	110000
199659	109800
7048	109000
268323	109000
37786	109000
52661	108576
8943	108400
26838	108192
20640	108000
21396	108000
33843	108000
20811	108000
57928	108000
262862	108000
263649	108000
264228	108000
49638	108000
38541	108000
28037	108000
262494	108000
43760	108000
52643	108000
266263	108000
37294	108000
44980	106000
264415	105800
263801	105000
39479	105000
264939	105000
24157	104000
7005	103000
262488	102768
18886	102400
9313	102000
198440	102000
9201	102000
15734	102000
13680	101000
45769	101000
33130	100800
48072	100300
50472	100200
22534	100010
39591	100000
55879	100000
262750	100000
62874	100000
25375	100000
28352	100000
52968	100000
52686	100000
265429	100000
24173	100000
45118	100000
267399	100000
36813	100000
6696	100000
264210	100000
265954	100000
267360	100000
37110	100000
46475	100000
199362	100000
19045	100000
45361	100000
32621	100000
4694	100000
52639	100000
41985	100000
20657	100000
327738	100000
9891	100000
35137	100000
207353	100000
398415	100000
327992	99216
29668	99000
56229	99000
59953	99000
263591	99000
57877	99000
59156	99000
9830	99000
33748	98000
53066	98000
37195	98000
33452	98000
263647	98000
42692	98000
4589	98000
136696	97000
43100	96000
262828	96000
262591	96000
24521	95000
23756	95000
131755	95000
58868	95000
15211	94000
61888	94000
59165	94000
263661	93000
51681	93000
44953	92000
263442	92000
262822	92000
38896	92000
203421	91000
9326	91000
58392	91000
206184	90112
5459	90000
29551	90000
42455	90000
53563	90000
49909	90000
5396	90000
53008	90000
17426	90000
11647	90000
36914	90000
264577	90000
50231	90000
131607	90000
61582	90000
61006	90000
38442	90000
52339	90000
45349	90000
49296	90000
267280	90000
263947	90000
263840	90000
137142	90000
196954	90000
42705	90000
262900	90000
264186	90000
63862	90000
207054	90000
12796	90000
205813	90000
209328	90000
328536	90000
45278	90000
45705	90000
27979	90000
57844	90000
262808	90000
131322	90000
56654	90000
28890	89000
265484	89000
56665	88200
29014	88000
203140	88000
328351	88000
12491	88000
132876	87000
6643	86000
51290	85000
262539	84500
13150	84000
134316	84000
18422	84000
266347	84000
138816	84000
133838	84000
26451	84000
37980	84000
8368	84000
3549	84000
61134	83968
9658	83000
200794	82500
12597	82000
12773	82000
17439	81920
53142	81264
21513	81000
8677	81000
31595	81000
52444	81000
201106	81000
48727	81000
24536	81000
137331	81000
37529	81000
31250	80500
58587	80000
262464	80000
134732	80000
52765	80000
199610	80000
264765	80000
262268	80000
54574	80000
394302	80000
6059	80000
202596	80000
10279	80000
10099	80000
48128	80000
24429	80000
135010	80000
138100	80000
2731	80000
31202	80000
29357	80000
50475	80000
14979	80000
53764	80000
265974	80000
27688	80000
3242	80000
328633	80000
42064	80000
264570	80000
267032	80000
24008	80000
31169	80000
198605	80000
199524	80000
58715	80000
28265	80000
23805	80000
58678	80000
33771	80000
263151	80000
267513	80000
205099	80000
9790	80000
201119	80000
48424	79200
9785	79000
198781	78000
262346	78000
34135	77400
53097	77200
29169	77000
136093	77000
59279	77000
198857	76900
38809	76500
48292	76000
33544	76000
327907	76000
44123	75600
31078	75500
42459	75000
262893	75000
199517	75000
263196	75000
28656	75000
53237	74700
263478	74600
43019	74300
53169	74000
52539	74000
131758	74000
267554	74000
52475	73728
60602	73200
266713	73000
30071	72800
3213	72000
34119	72000
41692	72000
33079	72000
24047	72000
25061	72000
16842	72000
39301	72000
8664	72000
32880	72000
34171	72000
25295	72000
42303	72000
55518	72000
20722	72000
197000	72000
55555	72000
29545	72000
47622	72000
29680	72000
20365	72000
133075	72000
199947	72000
27940	72000
28009	72000
263076	72000
327813	72000
53708	72000
38565	72000
4508	72000
55521	72000
30798	72000
28257	72000
32160	72000
263833	72000
37342	72000
45686	72000
263774	72000
203687	72000
14522	72000
206342	72000
262509	72000
328156	72000
263776	72000
61822	72000
265656	72000
23815	72000
264514	72000
59276	72000
328164	71680
265451	71680
59347	71000
263089	70700
34011	70000
262684	70000
263411	70000
53050	70000
47680	70000
47203	70000
11272	70000
138576	70000
29802	70000
1916	70000
7516	70000
21277	70000
201102	70000
207199	70000
134618	70000
37680	70000
52951	70000
263518	70000
268749	70000
269462	70000
269499	70000
46023	70000
139967	70000
138839	70000
20001	70000
19035	70000
62712	70000
133803	70000
17995	70000
33951	70000
265383	70000
16604	70000
19754	70000
16803	70000
23486	70000
45754	70000
45804	70000
396501	70000
393573	70000
196755	70000
139970	70000
56264	70000
135760	70000
32097	70000
197301	70000
18881	70000
40328	70000
393670	70000
134014	70000
58659	70000
4647	70000
45763	69000
393513	69000
136873	69000
23951	69000
265426	68248
41913	68000
263270	68000
23661	67000
35706	66000
262902	66000
37479	66000
8612	66000
51646	65000
52973	65000
268525	65000
135582	65000
38280	64000
7020	64000
52932	64000
132847	64000
135419	64000
38147	64000
47096	64000
49405	63000
23628	63000
262374	63000
49787	63000
264923	63000
16253	62000
11179	62000
17671	62000
262557	62000
30999	61600
264925	61192
250	61000
262730	61000
205344	61000
206478	61000
14551	60800
7908	60000
28279	60000
133854	60000
45287	60000
61928	60000
53356	60000
264017	60000
46595	60000
139225	60000
265158	60000
263067	60000
378	60000
36311	60000
210142	60000
57999	60000
265038	60000
267	60000
133296	60000
395471	60000
37783	60000
328395	60000
37682	60000
35699	60000
267815	60000
43533	60000
15960	60000
10103	60000
41088	60000
51088	60000
51395	60000
5662	60000
44513	60000
30259	60000
61805	60000
263124	60000
135193	60000
206125	60000
393420	60000
135098	60000
200738	60000
134715	60000
47043	60000
136522	60000
14642	60000
263258	60000
52201	60000
31430	60000
19969	60000
9374	60000
62856	60000
137079	60000
133070	60000
60316	60000
206067	60000
56971	60000
31273	60000
49463	59400
51569	59000
38753	58000
5505	58000
55685	58000
30880	57600
51254	57600
45707	57000
58482	57000
262792	56500
37996	56000
8301	56000
10022	56000
28292	56000
22873	55800
31235	55800
16191	55800
27865	55800
53165	55400
262336	55296
263589	55296
17666	55000
23074	55000
39505	55000
10135	54700
12902	54000
15657	54000
2128	54000
33419	54000
15766	54000
41391	54000
8784	54000
25593	54000
8513	54000
8553	54000
20915	54000
37986	54000
39636	54000
13826	54000
27822	54000
43013	54000
34304	54000
18559	54000
4677	54000
51906	54000
55644	54000
39287	54000
6660	54000
12502	54000
43858	54000
37519	54000
197617	54000
54119	54000
45348	54000
46156	54000
62838	54000
52352	54000
27879	54000
28590	54000
17069	54000
53218	54000
38289	54000
24195	54000
47027	54000
549	54000
9519	54000
34768	54000
133720	54000
262993	54000
203086	54000
36868	54000
35313	54000
28323	54000
18840	54000
134622	54000
135484	54000
198091	54000
37482	54000
197447	54000
134707	54000
61968	54000
263251	54000
266177	54000
266630	54000
39816	54000
62227	54000
136302	54000
48067	54000
197204	54000
138296	54000
58460	54000
29838	54000
37090	53000
53139	53000
3067	53000
208751	53000
11046	52000
136377	52000
32437	52000
19551	52000
38527	52000
15589	51912
45528	51200
133275	51200
50837	51000
57633	51000
132220	51000
18103	51000
137410	51000
263283	51000
197692	50400
56381	50400
4434	50220
53230	50000
55256	50000
201754	50000
133613	50000
203261	50000
133410	50000
394151	50000
266972	50000
268548	50000
1640	50000
54506	50000
33164	50000
12857	50000
207588	50000
131960	50000
267522	50000
266059	50000
270299	50000
264596	50000
269208	50000
24299	50000
38081	50000
62819	50000
9751	50000
37356	50000
64313	50000
60816	50000
267278	50000
55003	50000
56668	50000
137001	50000
263155	50000
11767	50000
31042	50000
56528	50000
139734	50000
13681	50000
49192	50000
22941	50000
31452	50000
6515	50000
34718	50000
29785	50000
328598	50000
39029	50000
22591	50000
17378	50000
33445	50000
11383	50000
17707	50000
59112	50000
262868	50000
17113	50000
133315	50000
263049	50000
264331	50000
61873	50000
17253	50000
61186	50000
135126	50000
28142	50000
270600	50000
2595	49000
43890	48000
32563	48000
133389	48000
53088	48000
136373	48000
17482	48000
265141	47104
55832	46672
20621	46500
34624	46100
8545	46000
28773	46000
9129	46000
56550	45500
8565	45400
13237	45000
13135	45000
53093	45000
43323	45000
28657	45000
131584	45000
135526	45000
201214	45000
30132	44000
6851	44000
44431	44000
12143	44000
264723	44000
262770	44000
45288	44000
394330	44000
9381	44000
263308	43000
137352	43000
204196	43000
266346	42500
17920	42000
43942	42000
36731	42000
46886	42000
136841	42000
328160	41100
35585	41000
21140	41000
14259	41000
38310	40960
61895	40960
24204	40300
262756	40240
13357	40160
58404	40000
12975	40000
45498	40000
48504	40000
37656	40000
134021	40000
266400	40000
138570	40000
268126	40000
12883	40000
34762	40000
55352	40000
262772	40000
262387	40000
327849	40000
134326	40000
262612	40000
263495	40000
35280	40000
61056	40000
265188	40000
133372	40000
393490	40000
56583	40000
262470	40000
267242	40000
269075	40000
394581	40000
262898	40000
266298	40000
207310	40000
42156	40000
270436	40000
56472	40000
207274	40000
268546	40000
1410	40000
47116	40000
26388	40000
13951	40000
30622	40000
266853	40000
3737	40000
62240	40000
32425	40000
49690	40000
134293	40000
394994	40000
202766	40000
133680	40000
58430	40000
25853	40000
44030	40000
25091	40000
17939	40000
38195	40000
8660	40000
61174	40000
63920	40000
134090	40000
50154	40000
206141	40000
213065	40000
200070	40000
264969	40000
138263	40000
206389	40000
60113	40000
61020	40000
9104	39600
41090	39600
24028	39600
44295	39600
199660	39600
199150	39600
31126	39360
4777	39000
52965	39000
25943	39000
35695	39000
265972	39000
262453	39000
59155	39000
58500	39000
28065	38700
263378	38500
9153	38200
134375	38192
49605	38000
262952	38000
47727	38000
262645	38000
52911	38000
264518	38000
8554	37800
33845	37800
29286	37800
53116	37800
41153	37800
34683	37500
33522	37000
200428	37000
263739	36868
10704	36864
17754	36864
328032	36864
203885	36864
56507	36864
21101	36600
58408	36432
136632	36384
20799	36000
29452	36000
5409	36000
8195	36000
3224	36000
33811	36000
23712	36000
52243	36000
23711	36000
30962	36000
9710	36000
2863	36000
39104	36000
28001	36000
31383	36000
26228	36000
25152	36000
12634	36000
34997	36000
34021	36000
34781	36000
15782	36000
13284	36000
44514	36000
29083	36000
35156	36000
24973	36000
41960	36000
45037	36000
35584	36000
40015	36000
9583	36000
23752	36000
29846	36000
48484	36000
37652	36000
11796	36000
50032	36000
13722	36000
47836	36000
23829	36000
17961	36000
8587	36000
53424	36000
24753	36000
16523	36000
35719	36000
24951	36000
50244	36000
50763	36000
14232	36000
33835	36000
44902	36000
38437	36000
41289	36000
45816	36000
13157	36000
31662	36000
17088	36000
12775	36000
57315	36000
1304	36000
51896	36000
51483	36000
37312	36000
45932	36000
53727	36000
9123	36000
197422	36000
24029	36000
49604	36000
23949	36000
27665	36000
58560	36000
52462	36000
42204	36000
24518	36000
24550	36000
44608	36000
35799	36000
15072	36000
56990	36000
18206	36000
49300	36000
39783	36000
198423	36000
12290	36000
20555	36000
16168	36000
42400	36000
8789	36000
31328	36000
59410	36000
59560	36000
29263	36000
51406	36000
16174	36000
50737	36000
9328	36000
35834	36000
197653	36000
43190	36000
53698	36000
35180	36000
48972	36000
25093	36000
5602	36000
43252	36000
28757	36000
53494	36000
59620	36000
28239	36000
28141	36000
53140	36000
133023	36000
132837	36000
53869	36000
3324	36000
9165	36000
3220	36000
37628	36000
10133	36000
54523	36000
262500	36000
53861	36000
29881	36000
263499	36000
53178	36000
28615	36000
37775	36000
29583	36000
262933	36000
63034	36000
47228	36000
23673	36000
62537	36000
52431	36000
7772	36000
262737	36000
10617	36000
52323	36000
202042	36000
61924	36000
52877	36000
36898	36000
16162	36000
60899	36000
28216	36000
18046	36000
41059	36000
201791	36000
56182	36000
28327	36000
264470	36000
26563	36000
18393	36000
39072	36000
200700	36000
55427	36000
58627	36000
327939	36000
31459	36000
36909	36000
59933	36000
49855	36000
393874	36000
203851	36000
264590	36000
393350	36000
134295	36000
55699	36000
61397	36000
43558	36000
393662	36000
328023	36000
13006	36000
327960	36000
201990	36000
11399	36000
204019	36000
52079	36000
198416	36000
22518	36000
199410	36000
45561	36000
47627	36000
15190	36000
135543	36000
63529	36000
60458	36000
52967	36000
263070	36000
198391	36000
37324	36000
9893	36000
21774	36000
203741	36000
206894	36000
52009	36000
197418	36000
199413	36000
36965	36000
39107	36000
199338	36000
56783	36000
48742	36000
40752	36000
39560	36000
52101	36000
203548	36000
327751	36000
203230	36000
39729	36000
57221	36000
203223	36000
8550	36000
132734	36000
207101	36000
265639	36000
23169	36000
198591	36000
44974	36000
44503	36000
199451	36000
39566	36000
202971	36000
41882	36000
52909	36000
262195	36000
206373	36000
58894	36000
42180	36000
26198	36000
263675	36000
263728	36000
5401	36000
264815	36000
52680	36000
36640	36000
135301	36000
58927	36000
60430	36000
262518	36000
198891	36000
12630	36000
15035	36000
205296	36000
64234	36000
265806	36000
17537	36000
206442	36000
200480	36000
135869	36000
134856	36000
5500	36000
197645	36000
204536	36000
266866	36000
58146	36000
138174	36000
55679	36000
264996	36000
135843	36000
12565	36000
18350	36000
138009	36000
200278	36000
8393	36000
5406	36000
205442	36000
34549	36000
14280	35000
34486	35000
7829	35000
16467	35000
3561	35000
25976	35000
11190	35000
30295	35000
45839	35000
54643	35000
396472	35000
209400	35000
34569	35000
38524	35000
328423	34816
35655	34300
20832	34200
15290	34000
199283	34000
49360	34000
55652	34000
52938	34000
132004	34000
137851	34000
266598	34000
30129	33000
33125	33000
37002	33000
48685	33000
49088	33000
138995	33000
8486	33000
36217	32800
31543	32800
52300	32768
198721	32400
4765	32250
8038	32000
38235	32000
45725	32000
59185	32000
62502	32000
134325	32000
60670	32000
202867	32000
60917	32000
262296	32000
45706	32000
29424	32000
28244	32000
17538	32000
16685	32000
202322	31500
138211	31300
21263	31100
23709	31000
14390	31000
26788	31000
28207	31000
58910	31000
205388	31000
137121	31000
137295	31000
209218	30942
48920	30800
30447	30150
53459	30000
33082	30000
33072	30000
30134	30000
30128	30000
33558	30000
8222	30000
12835	30000
15692	30000
198184	30000
41847	30000
38506	30000
60134	30000
29104	30000
22080	30000
200438	30000
133660	30000
265699	30000
267088	30000
137246	30000
45937	30000
133971	30000
24132	30000
263869	30000
55247	30000
64115	30000
269060	30000
210323	30000
45184	30000
135223	30000
34655	30000
41349	30000
17604	30000
5583	30000
22302	30000
58882	30000
1351	30000
9607	30000
135753	30000
197140	30000
33922	30000
21211	30000
38067	30000
265962	30000
9268	30000
45177	30000
396071	30000
7979	30000
19661	30000
205891	30000
136800	30000
204810	30000
208457	30000
205790	30000
14327	30000
28234	30000
263891	30000
22128	30000
266275	30000
30174	30000
37908	30000
13728	30000
38571	30000
136515	30000
50469	30000
263346	30000
1441	30000
137945	30000
266130	30000
398454	30000
138428	30000
52424	30000
263218	30000
264637	30000
266925	30000
50467	29900
31715	29000
4666	29000
7597	29000
48846	29000
138359	29000
37347	29000
55670	29000
17374	28800
7717	28400
25471	28200
15594	28000
33077	28000
36943	28000
44314	28000
37576	28000
59954	28000
51023	28000
42300	28000
206640	28000
131717	28000
45312	28000
138829	28000
17473	27600
262889	27500
7522	27000
51514	27000
28073	27000
38200	27000
48712	27000
47850	27000
327922	27000
206404	27000
267062	26500
44141	26200
267588	26002
30123	26000
8491	26000
35223	26000
50683	26000
49792	26000
7628	26000
25590	26000
136885	26000
137080	26000
139909	26000
198093	25800
42476	25000
29215	25000
50620	25000
24523	25000
20928	25000
54042	25000
133797	25000
23696	25000
201333	25000
43369	25000
263480	25000
200392	25000
37109	25000
133817	25000
61064	25000
55789	25000
4608	24900
52869	24576
200983	24100
40528	24000
16876	24000
27916	24000
3599	24000
132774	24000
22750	24000
47169	24000
264130	24000
133881	24000
203640	24000
201508	24000
45650	24000
262788	24000
262755	24000
267102	24000
209261	24000
394914	24000
37627	24000
397524	24000
33791	24000
37622	24000
6881	24000
133593	24000
2484	23900
266374	23552
262811	23400
28707	23000
52625	23000
5692	23000
60157	23000
53197	23000
264009	23000
135465	23000
266028	23000
131775	23000
209086	23000
29446	23000
268568	22800
132923	22528
27789	22432
25572	22000
28859	22000
8859	22000
196689	22000
28165	22000
39318	22000
5017	22000
54415	22000
201877	22000
327943	22000
42228	22000
202918	22000
131303	22000
264295	22000
263713	22000
136287	22000
61929	22000
58750	22000
267117	22000
34936	22000
63027	22000
135425	22000
7631	21800
23541	21600
44583	21600
50858	21600
45950	21600
38477	21600
21351	21600
198271	21600
48374	21600
135423	21600
39310	21000
262501	21000
263393	21000
135247	21000
2606	21000
264297	21000
263019	21000
134643	21000
136131	21000
135468	21000
24530	21000
139425	21000
139947	21000
61600	21000
53018	21000
2593	21000
32244	21000
263586	21000
16363	20700
17996	20700
43599	20500
22989	20480
133664	20480
53112	20480
210218	20480
140269	20480
204264	20232
132901	20232
24557	20000
24077	20000
58406	20000
9497	20000
17444	20000
40739	20000
52550	20000
132919	20000
16039	20000
7489	20000
265030	20000
266044	20000
28139	20000
140362	20000
204526	20000
31122	20000
13618	20000
4721	20000
29154	20000
198408	20000
133100	20000
20205	20000
15738	20000
132031	20000
50782	20000
134858	20000
19711	20000
43513	20000
138041	20000
52637	20000
23838	20000
40449	20000
10083	20000
133187	20000
21837	20000
16684	20000
46700	20000
11038	20000
48273	20000
25182	20000
51095	20000
198102	20000
45974	20000
23856	20000
266454	20000
263617	20000
52706	20000
51155	20000
18187	20000
328699	20000
328547	20000
11744	20000
265344	20000
199758	20000
16654	20000
207489	20000
133317	20000
138754	20000
200023	20000
209421	20000
42861	20000
52286	20000
265684	20000
28049	20000
56858	20000
198967	20000
268862	20000
9092	19800
2500	19800
20917	19800
29246	19800
17435	19800
39600	19800
31576	19800
29513	19800
44334	19800
14500	19800
16218	19800
199248	19800
199396	19800
62336	19800
198334	19800
32614	19800
23774	19800
23666	19800
327700	19800
133173	19800
52458	19600
52896	19500
13226	19400
18104	19300
50796	19300
25473	19000
5071	19000
45144	19000
134929	19000
267573	19000
135232	19000
328275	19000
30272	19000
7578	19000
134009	19000
50857	18500
35184	18432
27345	18432
196640	18432
56209	18432
27932	18432
263128	18432
262753	18432
12305	18432
58969	18432
26068	18432
28438	18432
263917	18432
44084	18432
41522	18432
135253	18432
198216	18432
29245	18432
135861	18432
37030	18432
30988	18432
57079	18432
28639	18432
136330	18432
25328	18432
267121	18432
136533	18432
136480	18432
133967	18432
263459	18432
137627	18432
328144	18300
133718	18264
37650	18180
58683	18000
19817	18000
10255	18000
12059	18000
28877	18000
31216	18000
16559	18000
13101	18000
19752	18000
3043	18000
25975	18000
5462	18000
20704	18000
8804	18000
4837	18000
10848	18000
31661	18000
5418	18000
26627	18000
14833	18000
25286	18000
46199	18000
15149	18000
30131	18000
40475	18000
8495	18000
15773	18000
4319	18000
36824	18000
13246	18000
42366	18000
40068	18000
38181	18000
5568	18000
8596	18000
43436	18000
11830	18000
24989	18000
15935	18000
34960	18000
29655	18000
34554	18000
14585	18000
31641	18000
40495	18000
38321	18000
4795	18000
3248	18000
8092	18000
18392	18000
42585	18000
56065	18000
8648	18000
5726	18000
49190	18000
24586	18000
41644	18000
8391	18000
48519	18000
12348	18000
22781	18000
44259	18000
13871	18000
44765	18000
39915	18000
393225	18000
10745	18000
393220	18000
394018	18000
17579	18000
48885	18000
42416	18000
23308	18000
14866	18000
39449	18000
42760	18000
7296	18000
9167	18000
46195	18000
49492	18000
31474	18000
24796	18000
13214	18000
48514	18000
19528	18000
21336	18000
42605	18000
46656	18000
31147	18000
1133	18000
29243	18000
9266	18000
48315	18000
49854	18000
43782	18000
43911	18000
47328	18000
20569	18000
5683	18000
26088	18000
28196	18000
21864	18000
49820	18000
24321	18000
49983	18000
44219	18000
50066	18000
42973	18000
38948	18000
48284	18000
12541	18000
50087	18000
38149	18000
9026	18000
30162	18000
38544	18000
9877	18000
30583	18000
52841	18000
1850	18000
26546	18000
51040	18000
6850	18000
8950	18000
12347	18000
23779	18000
53582	18000
22300	18000
20501	18000
48528	18000
37113	18000
50370	18000
9003	18000
50292	18000
51224	18000
50719	18000
20633	18000
36052	18000
15388	18000
30640	18000
25139	18000
38199	18000
46064	18000
46235	18000
19842	18000
51218	18000
15301	18000
196621	18000
41628	18000
55915	18000
44009	18000
16217	18000
8330	18000
2470	18000
46309	18000
13573	18000
20738	18000
16866	18000
28192	18000
2108	18000
46231	18000
6834	18000
52102	18000
7753	18000
49232	18000
197764	18000
13746	18000
31564	18000
26918	18000
56848	18000
29152	18000
9931	18000
57124	18000
53837	18000
3401	18000
30998	18000
53948	18000
54046	18000
27464	18000
12757	18000
57423	18000
38278	18000
27541	18000
51823	18000
18588	18000
50387	18000
198239	18000
29553	18000
39470	18000
42841	18000
57202	18000
20924	18000
41872	18000
27626	18000
12540	18000
46215	18000
4224	18000
53389	18000
48362	18000
52328	18000
41811	18000
46664	18000
132111	18000
14746	18000
12327	18000
24582	18000
54444	18000
57381	18000
33361	18000
6086	18000
51050	18000
57516	18000
198570	18000
34510	18000
198818	18000
16004	18000
40999	18000
45945	18000
34233	18000
36959	18000
50372	18000
41695	18000
33854	18000
57228	18000
28654	18000
198492	18000
34942	18000
40850	18000
262787	18000
48297	18000
19233	18000
50468	18000
61215	18000
197219	18000
55350	18000
51886	18000
50206	18000
198288	18000
10654	18000
10367	18000
132435	18000
34868	18000
21461	18000
18638	18000
132730	18000
132536	18000
29998	18000
198554	18000
197736	18000
27193	18000
49902	18000
49505	18000
36958	18000
16737	18000
38781	18000
132426	18000
56833	18000
21360	18000
262680	18000
262757	18000
53235	18000
28640	18000
60532	18000
12362	18000
262839	18000
29231	18000
14558	18000
61337	18000
50968	18000
20338	18000
32738	18000
197589	18000
37079	18000
59554	18000
26320	18000
3842	18000
60362	18000
3250	18000
52836	18000
3186	18000
15691	18000
10431	18000
62929	18000
62182	18000
22919	18000
393316	18000
16798	18000
62947	18000
199706	18000
12650	18000
262492	18000
26689	18000
51744	18000
14613	18000
11045	18000
29606	18000
15398	18000
199937	18000
46873	18000
24290	18000
4270	18000
200163	18000
53901	18000
263062	18000
14829	18000
45680	18000
62588	18000
28152	18000
57007	18000
52275	18000
58792	18000
53022	18000
132933	18000
393431	18000
46110	18000
262805	18000
20681	18000
131291	18000
52465	18000
45496	18000
20686	18000
263337	18000
200187	18000
21478	18000
201764	18000
52317	18000
61470	18000
262189	18000
52420	18000
52498	18000
52824	18000
17673	18000
29844	18000
29305	18000
45910	18000
58436	18000
10670	18000
29897	18000
39373	18000
52380	18000
63128	18000
12236	18000
24226	18000
35949	18000
201962	18000
201505	18000
32432	18000
11514	18000
45884	18000
27790	18000
62782	18000
33781	18000
22402	18000
13064	18000
4594	18000
28026	18000
11114	18000
9355	18000
32678	18000
30691	18000
40966	18000
52736	18000
3669	18000
196670	18000
54039	18000
133678	18000
50597	18000
393717	18000
36273	18000
45133	18000
61026	18000
32397	18000
59102	18000
2607	18000
201506	18000
262871	18000
133936	18000
199188	18000
59370	18000
47608	18000
57660	18000
37177	18000
37181	18000
22748	18000
51728	18000
9559	18000
132848	18000
131475	18000
48588	18000
132917	18000
20448	18000
63383	18000
21832	18000
12276	18000
201222	18000
36483	18000
52490	18000
60116	18000
52401	18000
26312	18000
39391	18000
34916	18000
53173	18000
63450	18000
11986	18000
34450	18000
10925	18000
393945	18000
32546	18000
18986	18000
29355	18000
26414	18000
63863	18000
19381	18000
30076	18000
30919	18000
134355	18000
394010	18000
11301	18000
53154	18000
198095	18000
28670	18000
264101	18000
9916	18000
25081	18000
6082	18000
133344	18000
53191	18000
46047	18000
28941	18000
52795	18000
39764	18000
262229	18000
32764	18000
11948	18000
48294	18000
12696	18000
44994	18000
64200	18000
200759	18000
394356	18000
132142	18000
49524	18000
52399	18000
263126	18000
201206	18000
327894	18000
198342	18000
16652	18000
3624	18000
57141	18000
18534	18000
37629	18000
7530	18000
53164	18000
52631	18000
42555	18000
15154	18000
17832	18000
262878	18000
198313	18000
201020	18000
202030	18000
30247	18000
62363	18000
131602	18000
25581	18000
47814	18000
11342	18000
28317	18000
263395	18000
48461	18000
37399	18000
33623	18000
18650	18000
39532	18000
262607	18000
262650	18000
263818	18000
41721	18000
63126	18000
265159	18000
34723	18000
262949	18000
135036	18000
23352	18000
21889	18000
52348	18000
12929	18000
394514	18000
264062	18000
52381	18000
50333	18000
198913	18000
262149	18000
57961	18000
52999	18000
203112	18000
28635	18000
63421	18000
37634	18000
196949	18000
202054	18000
27734	18000
27884	18000
131603	18000
53233	18000
21919	18000
262585	18000
51551	18000
52702	18000
43578	18000
264704	18000
55043	18000
264116	18000
8542	18000
262378	18000
204028	18000
20193	18000
56190	18000
203591	18000
30892	18000
20015	18000
135192	18000
28118	18000
3061	18000
262614	18000
30986	18000
17014	18000
199888	18000
198269	18000
31394	18000
202744	18000
327859	18000
33772	18000
200001	18000
201986	18000
23641	18000
197186	18000
3165	18000
32334	18000
131911	18000
64415	18000
27733	18000
202921	18000
199645	18000
49761	18000
32337	18000
52601	18000
196969	18000
200142	18000
12102	18000
31479	18000
263768	18000
327821	18000
207195	18000
199550	18000
198430	18000
201049	18000
199787	18000
20714	18000
26343	18000
198909	18000
50515	18000
204121	18000
202994	18000
52455	18000
8458	18000
201068	18000
264191	18000
11844	18000
207028	18000
133130	18000
62373	18000
131274	18000
200577	18000
9648	18000
197046	18000
201953	18000
263873	18000
393907	18000
61487	18000
198072	18000
202177	18000
26317	18000
52290	18000
62560	18000
264527	18000
59686	18000
14211	18000
199842	18000
132535	18000
35047	18000
206999	18000
395152	18000
199981	18000
264797	18000
199201	18000
14845	18000
7270	18000
262685	18000
133232	18000
196928	18000
15765	18000
207156	18000
199790	18000
40165	18000
264152	18000
42717	18000
56745	18000
50016	18000
264785	18000
61864	18000
199468	18000
38805	18000
29571	18000
31510	18000
24743	18000
265672	18000
37103	18000
263897	18000
266210	18000
136300	18000
52596	18000
37623	18000
262167	18000
46401	18000
328125	18000
327900	18000
52716	18000
136417	18000
56441	18000
263235	18000
28103	18000
206720	18000
59670	18000
266610	18000
262786	18000
262452	18000
134366	18000
136552	18000
10778	18000
28160	18000
36730	18000
37055	18000
265041	18000
134319	18000
264282	18000
7663	18000
32806	18000
52327	18000
52372	18000
30900	18000
265771	18000
206108	18000
263968	18000
10217	18000
27935	18000
133007	18000
263120	18000
267507	18000
264230	18000
265995	18000
52236	18000
37027	18000
131483	18000
263384	18000
264471	18000
52349	18000
263228	18000
52413	18000
263190	18000
16350	18000
24806	18000
5385	18000
27259	18000
265760	18000
265729	18000
57508	18000
265952	18000
201950	18000
328232	18000
136323	18000
25563	18000
61527	18000
43009	18000
135639	18000
132097	18000
51484	18000
18021	18000
200799	18000
19147	18000
197518	18000
395612	18000
395627	18000
47989	18000
205260	18000
132722	18000
265871	18000
15757	18000
200960	18000
42325	18000
263248	18000
136764	18000
263963	18000
37616	18000
5397	18000
327941	18000
131446	18000
43154	18000
137144	18000
266657	18000
131248	18000
31914	18000
203146	18000
63998	18000
60752	18000
59572	18000
134736	18000
52169	18000
134305	18000
135801	18000
198330	18000
60314	18000
265016	18000
24620	18000
60082	18000
267294	18000
266926	18000
16827	18000
204086	18000
204558	18000
203255	18000
205389	18000
198279	18000
132836	18000
64477	18000
204346	18000
202488	18000
21388	18000
46506	18000
61242	18000
59986	18000
48487	18000
134264	18000
132974	18000
136713	18000
205535	18000
268222	18000
45954	18000
263698	18000
28050	18000
28748	18000
265209	18000
197529	18000
18875	18000
3268	18000
328339	18000
37916	18000
396914	18000
202086	18000
133915	18000
328346	18000
266840	18000
23038	18000
37281	18000
200736	18000
132046	18000
136668	18000
25557	18000
263732	18000
63945	18000
396951	18000
394650	18000
396960	18000
266835	18000
137236	18000
31277	18000
37999	18000
56140	18000
209874	18000
394366	18000
58239	18000
25946	18000
48027	18000
57136	18000
266640	18000
328237	18000
397715	18000
22798	18000
209752	18000
139075	18000
39905	18000
2515	17800
37357	17168
32105	17000
40193	17000
26972	17000
42755	17000
6900	17000
25795	17000
31972	17000
4280	17000
21315	17000
3633	17000
31251	17000
203679	17000
393470	17000
61816	17000
50710	17000
263460	17000
60435	17000
26968	17000
135793	17000
18568	17000
265983	17000
40861	17000
20218	17000
206048	17000
328167	17000
202519	17000
63069	17000
132160	17000
136670	17000
209678	17000
210144	17000
17716	17000
136749	17000
30730	17000
19523	17000
267746	17000
138847	17000
208188	17000
51313	17000
34458	16900
25467	16800
58725	16384
134278	16312
262727	16300
212895	16300
199121	16200
27877	16200
9051	16200
19214	16000
27318	16000
12968	16000
15857	16000
28364	16000
51191	16000
205191	16000
263572	16000
137042	16000
263606	16000
23676	16000
206483	16000
61633	16000
328152	16000
18647	16000
15414	16000
209287	16000
265056	16000
133808	16000
52436	16000
59766	16000
29129	16000
268710	16000
33078	16000
42353	16000
33597	16000
51580	16000
18931	16000
33554	15600
266092	15600
7496	15500
22355	15500
20984	15400
9872	15400
136338	15192
53106	15192
24049	15000
27320	15000
33073	15000
28054	15000
30130	15000
29488	15000
6903	15000
7595	15000
29297	15000
33005	15000
21911	15000
15562	15000
9208	15000
30261	15000
200780	15000
47529	15000
52532	15000
38595	15000
263401	15000
134152	15000
138195	15000
37130	15000
13837	15000
52503	15000
137824	15000
132641	15000
54037	15000
39671	15000
61221	15000
267620	15000
136861	15000
60810	15000
202829	15000
264992	15000
134998	15000
13878	14500
61749	14400
135180	14336
135850	14336
135792	14336
137608	14336
138686	14300
23713	14000
34419	14000
28855	14000
52640	14000
29438	14000
198738	14000
41201	14000
57118	14000
200753	14000
20677	14000
63320	14000
135028	14000
43503	14000
37704	14000
18918	14000
395378	14000
263084	14000
26038	14000
262818	14000
210234	14000
48825	14000
38004	14000
39855	14000
14224	14000
197686	14000
39126	14000
131644	14000
31611	14000
266140	14000
131749	14000
59139	14000
137363	14000
24527	14000
138838	14000
58474	14000
133352	14000
58485	14000
38148	14000
38783	14000
135464	14000
59613	14000
139833	14000
267326	14000
34225	14000
38915	14000
134078	14000
202053	14000
39233	14000
37053	14000
23708	13800
265238	13600
265865	13400
132562	13312
131215	13312
58438	13312
135202	13312
208970	13200
202384	13050
39469	13000
33074	13000
27322	13000
26790	13000
24469	13000
19875	13000
10929	13000
14651	13000
25689	13000
8916	13000
48291	13000
52789	13000
135754	13000
49695	13000
199863	13000
132515	13000
45294	13000
393280	13000
17445	13000
132988	13000
262338	13000
265644	13000
48276	13000
37429	13000
38742	13000
134663	13000
28189	13000
266300	13000
133638	13000
23667	13000
131609	13000
328110	13000
267282	13000
47884	13000
205819	13000
62445	13000
263645	13000
327743	13000
268490	13000
24076	13000
37695	13000
201553	13000
63981	13000
15739	13000
35711	13000
52786	13000
134178	13000
45701	13000
134946	13000
52952	12800
38456	12600
28056	12600
200077	12600
136990	12600
9145	12500
264290	12288
134883	12288
134035	12288
135854	12288
131442	12288
58405	12288
264238	12288
53096	12200
132540	12144
135184	12096
12414	12000
21013	12000
43407	12000
51446	12000
55799	12000
134391	12000
134399	12000
134395	12000
134396	12000
134390	12000
37674	12000
50607	12000
262957	12000
133487	12000
200608	12000
45170	12000
328119	12000
266803	12000
328287	12000
136908	12000
209408	12000
60930	12000
200147	12000
23938	12000
267859	12000
266715	12000
37777	12000
34235	12000
12976	12000
267649	12000
135383	12000
207622	12000
61802	12000
138131	12000
135763	12000
207618	12000
29636	12000
20766	12000
28846	12000
56511	12000
202032	12000
327733	12000
262644	12000
266344	12000
52547	12000
53086	12000
11845	12000
52884	11500
268619	11500
38457	11264
263374	11264
27848	11000
27319	11000
50234	11000
18210	11000
58620	11000
50809	11000
56260	11000
56233	11000
13926	11000
34274	11000
40809	11000
26156	11000
201353	11000
52769	11000
37455	11000
19807	11000
43126	11000
12732	11000
136358	11000
45587	11000
133354	11000
131314	11000
200590	11000
37428	11000
209673	11000
207146	11000
208976	11000
50377	11000
43065	11000
46939	11000
328476	11000
137178	11000
328051	11000
133648	11000
9448	11000
60725	11000
132458	11000
265450	11000
135756	11000
48626	10950
52419	10800
262231	10500
264752	10400
267540	10240
59816	10240
262743	10240
268013	10240
30122	10000
30133	10000
49432	10000
1798	10000
41357	10000
22431	10000
28307	10000
264311	10000
204981	10000
267219	10000
266149	10000
24691	10000
6233	10000
205844	10000
203649	10000
33582	10000
268809	10000
328223	10000
132445	10000
199976	10000
327906	10000
60945	10000
268144	10000
24207	10000
135234	10000
64300	10000
39923	10000
12365	10000
38771	10000
30803	10000
41497	10000
30933	10000
327909	10000
264580	10000
24446	10000
3214	10000
12586	10000
15808	10000
271	10000
8793	10000
23688	10000
327930	10000
133968	10000
328176	10000
3580	10000
45355	10000
134937	10000
328204	10000
328341	10000
268430	10000
60371	10000
266225	10000
11661	10000
49004	10000
20473	10000
29479	10000
58666	10000
132330	10000
135328	10000
17766	10000
136972	10000
137199	10000
45637	10000
137900	10000
15164	10000
264308	10000
54035	10000
54600	10000
21454	10000
267567	10000
267144	10000
262665	10000
262480	10000
267623	10000
61923	10000
269366	10000
269369	10000
267120	10000
265483	10000
33387	10000
328315	10000
265272	10000
267611	10000
52322	10000
263775	10000
265757	10000
21050	10000
31177	10000
267828	10000
16740	10000
35202	10000
269659	10000
265715	9900
24206	9800
27754	9216
33081	9100
24594	9100
213252	9100
6102	9000
12759	9000
21056	9000
34362	9000
19468	9000
131310	9000
34407	9000
28801	9000
28187	9000
262561	9000
262695	9000
31222	9000
61902	9000
393626	9000
52722	9000
60501	9000
11910	9000
52813	9000
57254	9000
202627	9000
134832	9000
198374	9000
262466	9000
206506	9000
264708	9000
35489	9000
265027	9000
264022	9000
264795	9000
133615	9000
205381	9000
135000	9000
262711	9000
202313	9000
52326	9000
135841	9000
36394	9000
33569	9000
200191	9000
205168	9000
138627	9000
138876	9000
6505	9000
208097	9000
138276	9000
37266	9000
197197	9000
50903	9000
59164	9000
135780	9000
270586	9000
63868	9000
38778	9000
58640	9000
263684	9000
55680	8960
37638	8800
137069	8600
52669	8500
268060	8450
139641	8240
136230	8192
27967	8192
134922	8192
38712	8096
51786	8000
266494	8000
135597	8000
135055	8000
43338	8000
29097	8000
206945	8000
137378	8000
134863	8000
31960	8000
36865	8000
135415	8000
131636	8000
26709	8000
7727	8000
135719	8000
135218	8000
6373	8000
138143	8000
132448	8000
27781	8000
39145	8000
44134	8000
264262	8000
24243	8000
53192	7550
201494	7300
5560	7200
2854	7200
198290	7200
61785	7200
263978	7200
266365	7200
44977	7200
263755	7200
204994	7200
42235	7168
205086	7168
138115	7168
27659	7168
134605	7168
393807	7168
9875	7168
49933	7000
265409	7000
23923	7000
201695	7000
202347	7000
139329	7000
43928	7000
133089	7000
267386	7000
135480	7000
138130	7000
24212	7000
138887	7000
139605	7000
63874	7000
137316	7000
139446	7000
139972	7000
135323	7000
28602	7000
396841	7000
138745	7000
269258	7000
60304	7000
30286	7000
43518	7000
47442	7000
207549	7000
23679	7000
38143	7000
49781	7000
139431	7000
45296	7000
131773	7000
58401	7000
138119	7000
136088	7000
137358	7000
30362	7000
34019	7000
23342	7000
3130	7000
46609	7000
14333	7000
39583	7000
52344	7000
38515	7000
133651	7000
135848	7000
136255	7000
52681	6900
207401	6600
37098	6500
62100	6500
42183	6500
53209	6400
56791	6300
262527	6250
47522	6200
132268	6200
7532	6144
58898	6144
135226	6144
37076	6144
27976	6144
262307	6000
209263	6000
398202	6000
38776	6000
56239	6000
201714	6000
139956	6000
52356	6000
139528	6000
209152	6000
138365	6000
138079	6000
16921	6000
8820	6000
18221	6000
36687	6000
45500	6000
47297	6000
38757	6000
55658	6000
132646	6000
199516	6000
17561	6000
263536	6000
15672	6000
204005	6000
61913	6000
134877	6000
263043	6000
394102	6000
265959	6000
266260	6000
2042	6000
135269	6000
45630	6000
136642	6000
139226	6000
267263	6000
133799	6000
18112	6000
139958	6000
28080	6000
26106	5600
266280	5600
28589	5500
48126	5500
24005	5500
264555	5450
12577	5400
13917	5400
47138	5400
35053	5400
16210	5400
29140	5400
1880	5400
37223	5400
51159	5400
53114	5400
53166	5400
61319	5400
263356	5400
264754	5400
47748	5200
53127	5120
24232	5000
197890	5000
131247	5000
25516	5000
134933	5000
57166	5000
138988	5000
31673	5000
268523	5000
270383	5000
265297	5000
52477	5000
63882	5000
196922	5000
50311	5000
208817	5000
328543	5000
137159	5000
263720	5000
135964	5000
263762	5000
37708	5000
209109	5000
41666	5000
34927	5000
207317	5000
327720	5000
139978	5000
14295	5000
18520	5000
139628	5000
8201	5000
29449	5000
47617	5000
41471	5000
35260	5000
26253	5000
55761	5000
11624	5000
19116	5000
37363	5000
263555	5000
327850	5000
22549	5000
134259	5000
328033	5000
327814	5000
263143	5000
57695	5000
52923	5000
59368	5000
42774	5000
60975	5000
136370	5000
35135	5000
327817	5000
266020	5000
205675	5000
62595	5000
6083	4900
48252	4900
6853	4800
200303	4600
49653	4500
393629	4500
139249	4496
131668	4400
27024	4250
58475	4200
267427	4096
132559	4096
52688	4096
267654	4000
134522	4000
6735	4000
60391	4000
52998	4000
58145	4000
266571	4000
268280	4000
267732	4000
39070	4000
36827	4000
267830	4000
269040	4000
21058	4000
267833	4000
328518	4000
53057	4000
269432	4000
49752	4000
51001	4000
133809	4000
207770	4000
136244	4000
207439	4000
45424	4000
131091	4000
139021	4000
22425	4000
269091	4000
206215	4000
205920	4000
269875	4000
139449	4000
268268	4000
23855	4000
213342	4000
41051	4000
134917	4000
62321	4000
135225	4000
35568	4000
138663	4000
36936	4000
268821	4000
24541	4000
12826	4000
41495	4000
53046	4000
28328	4000
197922	4000
131459	4000
59432	4000
54721	4000
48105	4000
262887	4000
136708	4000
138910	4000
30126	4000
56203	4000
133536	4000
38496	4000
52936	4000
328262	4000
206235	4000
61218	4000
63867	4000
57468	4000
137457	4000
134262	4000
18002	4000
61203	3900
137935	3800
29876	3600
36184	3600
23710	3600
24048	3600
21476	3600
12381	3600
29259	3600
18227	3600
55865	3600
54210	3600
40034	3600
39931	3600
63829	3600
35551	3600
51349	3600
48310	3600
47628	3600
263290	3600
263893	3600
133501	3600
264608	3600
60718	3600
24880	3600
45956	3600
39010	3600
266896	3600
52387	3600
43853	3600
263548	3500
262416	3500
197551	3400
209530	3400
206782	3400
209291	3300
17890	3300
210025	3300
267126	3250
17400	3200
42587	3200
35579	3100
17895	3100
37186	3100
9115	3015
42310	3000
137937	3000
21659	3000
266545	3000
38150	3000
207654	3000
213377	3000
54728	3000
57782	3000
4618	3000
6775	3000
42473	3000
3595	3000
27413	3000
59414	3000
24492	3000
50677	3000
262713	3000
61092	3000
135876	3000
134204	3000
52373	3000
205614	3000
205964	3000
204671	3000
33932	3000
42181	3000
204982	3000
209626	3000
11017	3000
137995	3000
207335	3000
132708	3000
398335	3000
269535	3000
268091	3000
140407	3000
138866	3000
138117	3000
48428	3000
46032	3000
135746	3000
138279	3000
62997	3000
11805	3000
135298	3000
213126	3000
138837	3000
139952	3000
264242	3000
269762	3000
24129	2900
45220	2800
9189	2800
6066	2790
28262	2700
18052	2600
24892	2600
53185	2500
207866	2500
197038	2400
21158	2400
15401	2400
209022	2400
262911	2400
34800	2100
134331	2048
133989	2048
55806	2048
136842	2048
136722	2048
266475	2000
204909	2000
37698	2000
5377	2000
52545	2000
7562	2000
266133	2000
58731	2000
20932	2000
24953	2000
7469	2000
17824	2000
41393	2000
15177	2000
37159	2000
47692	2000
197669	2000
20406	2000
27693	2000
23201	2000
202194	2000
132679	2000
133043	2000
29170	2000
17416	2000
25435	2000
327761	2000
37302	2000
136451	2000
133311	2000
204708	2000
136175	2000
205718	2000
137273	2000
57581	2000
135190	2000
137016	2000
17806	2000
138536	2000
34553	2000
4842	2000
24124	2000
208848	2000
204326	2000
138056	2000
139702	2000
45926	2000
18117	2000
209100	2000
269478	2000
267584	2000
398570	2000
47875	2000
136835	2000
63494	2000
37491	2000
29030	2000
138317	2000
61678	2000
201376	2000
27876	2000
138860	2000
61762	2000
133334	2000
138769	2000
139533	2000
138762	2000
133000	2000
29000	2000
213031	2000
37067	2000
38031	2000
47253	2000
48966	2000
15975	2000
51737	2000
29310	2000
197350	2000
42013	2000
51440	2000
42314	2000
12754	2000
269872	2000
11139	2000
14694	2000
268707	2000
45722	2000
33080	2000
13049	1980
55420	1980
266355	1900
30889	1800
23310	1800
11271	1800
34746	1800
33472	1800
15436	1800
25752	1800
30141	1800
41037	1800
20507	1800
41399	1800
1982	1800
8481	1800
25504	1800
29430	1800
14970	1800
34764	1800
13105	1800
34144	1800
21840	1800
44212	1800
28929	1800
23677	1800
20081	1800
9290	1800
15716	1800
31555	1800
20483	1800
33211	1800
42937	1800
45425	1800
24238	1800
49867	1800
3661	1800
4641	1800
14166	1800
47302	1800
17501	1800
196967	1800
28182	1800
36275	1800
46373	1800
197439	1800
2597	1800
196763	1800
32586	1800
12431	1800
45444	1800
48913	1800
13591	1800
10015	1800
57821	1800
18149	1800
38190	1800
35399	1800
61044	1800
24006	1800
47762	1800
31319	1800
18612	1800
36315	1800
173	1800
27983	1800
133444	1800
12822	1800
11008	1800
59752	1800
8310	1800
132645	1800
8922	1800
56109	1800
24347	1800
59919	1800
17970	1800
263928	1800
37120	1800
56204	1800
50623	1800
25491	1800
48847	1800
11947	1800
35001	1800
49640	1800
24634	1800
21201	1800
205610	1800
262266	1800
131996	1800
38217	1800
57089	1800
37190	1800
62230	1800
267673	1800
202806	1800
266687	1800
17689	1800
264650	1800
34527	1800
12556	1800
9341	1800
35090	1700
39615	1700
31680	1700
25433	1700
42492	1700
12854	1700
52186	1700
17747	1700
199547	1700
203040	1700
265890	1700
52920	1650
31653	1600
133072	1600
328107	1600
204662	1600
204188	1600
37472	1600
264602	1600
16347	1500
268539	1500
53061	1500
24220	1500
269987	1500
38887	1400
6734	1400
52051	1400
204185	1400
267801	1400
27806	1400
138632	1400
10678	1300
36388	1300
9327	1300
19089	1300
34578	1300
133318	1300
46045	1300
264382	1300
43573	1300
4558	1248
29590	1200
24632	1200
52828	1200
137936	1200
32398	1200
327822	1200
267520	1200
5764	1100
29471	1100
39180	1100
45054	1100
28303	1100
209555	1100
134563	1100
264756	1080
23893	1024
18230	1024
52573	1024
24508	1024
48344	1000
44207	1000
28215	1000
207491	1000
36198	1000
28211	1000
265356	1000
328441	1000
24050	1000
33071	1000
34505	1000
31402	1000
28198	1000
26753	1000
17469	1000
199230	1000
327908	1000
45951	1000
262568	1000
53094	1000
132372	1000
41651	1000
41139	1000
48507	1000
134265	1000
39650	1000
328255	1000
37395	1000
328043	1000
136982	1000
203976	1000
32030	1000
204633	1000
328229	1000
206262	1000
202328	1000
327796	1000
51972	1000
209385	1000
31649	1000
61748	1000
61652	1000
265497	1000
268647	1000
132669	1000
328582	1000
12186	1000
132198	1000
138886	1000
60592	1000
203287	1000
271053	1000
264513	1000
131645	1000
23013	1000
55695	1000
264787	1000
264656	1000
134875	1000
140144	1000
212799	1000
50869	1000
24457	1000
24470	1000
136054	1000
140476	1000
12161	1000
202959	1000
208590	1000
213033	1000
267083	980
29006	900
262716	900
265702	900
201146	900
208063	900
21246	900
37192	810
59340	800
205927	800
61903	800
18719	800
48821	800
47902	800
8338	800
263486	800
203968	800
62166	750
31055	720
207454	700
328585	700
213253	700
39196	700
9892	700
53216	700
328522	600
268713	600
207394	600
209645	600
24381	600
30528	600
5111	600
327775	600
133309	600
134232	600
36889	600
132642	550
44024	500
13287	500
37286	500
36369	500
140219	500
51778	500
55784	500
35821	500
56662	500
132022	500
58578	500
132882	500
132376	500
9601	500
132531	480
140244	400
213386	400
10557	400
135206	400
27744	400
24776	400
265464	400
2499	360
327981	360
204438	300
16242	300
131477	300
206610	300
205523	300
266551	300
58818	300
47251	300
213105	300
269923	300
203615	260
140840	250
213330	200
9229	200
56911	200
8661	200
202479	200
57757	200
35145	200
327781	200
269023	200
139741	200
63886	200
133832	200
269534	200
16503	195
15434	180
50088	180
393853	180
37224	180
20291	150
61417	140
15469	130
37044	130
36997	130
140731	130
39271	100
202301	100
209833	100
33983	100
38592	100
138023	100
135395	100
213262	100
213092	100
37209	91
43660	90
269163	80
132003	72
55822	66
213284	60
269104	40
21693	40
54049	36
37062	26
137653	25
263855	21
40592	20
37133	18
52423	15
13273	5
270320	4
13594	4
264902	4
6762	0
32787	0
2519	0
31133	0
26193	0
8015	0
17222	0
60497	0
21339	0
8470	0
51324	0
21083	0
327692	0
4755	0
6895	0
327976	0
56196	0
15932	0
57724	0
200125	0
41841	0
56575	0
198529	0
44124	0
196883	0
37424	0
6300	0
198035	0
197318	0
38942	0
42935	0
20530	0
198187	0
48694	0
43171	0
50095	0
200602	0
35199	0
200750	0
197181	0
3169	0
199510	0
44784	0
197345	0
22541	0
200089	0
52031	0
55714	0
43495	0
198007	0
48629	0
41833	0
62328	0
197697	0
199774	0
203937	0
203742	0
35787	0
206910	0
51863	0
197809	0
41379	0
42374	0
197099	0
42852	0
60755	0
29070	0
61154	0
202936	0
197295	0
198709	0
198424	0
198906	0
199265	0
197572	0
203505	0
203306	0
59611	0
198214	0
206489	0
10355	0
263097	0
57890	0
203765	0
199005	0
51101	0
62201	0
197375	0
199381	0
60219	0
196979	0
395478	0
56983	0
57665	0
3352	0
198766	0
201531	0
197437	0
201001	0
51960	0
199341	0
51068	0
265692	0
262690	0
206762	0
37087	0
52414	0
3582	0
201332	0
264857	0
57945	0
197766	0
203157	0
33494	0
135895	0
49633	0
264853	0
10803	0
133859	0
206736	0
205073	0
21030	0
52664	0
62184	0
3249	0
206406	0
263699	0
264013	0
199473	0
132556	0
36707	0
205384	0
57332	0
198493	0
56324	0
57701	0
202626	0
57101	0
203582	0
136857	0
197837	0
136336	0
41044	0
50916	0
198081	0
37345	0
19091	0
28468	0
41297	0
203667	0
138222	0
31230	0
327753	0
60265	0
209854	0
24064	0
202434	0
328111	0
268801	0
396300	0
47237	0
206460	0
137597	0
136994	0
328401	0
52473	0
27017	0
10361	0
131954	0
49941	0
12833	0
60119	0
52544	0
199138	0
58158	0
32082	0
37550	0
27993	0
395326	0
209451	0
207306	0
43824	0
207834	0
269826	0
328055	0
51185	0
265777	0
205897	0
207071	0
18997	0
56523	0
59598	0
204479	0
24257	0
38207	0
206479	0
135031	0
2486	0
33333	0
47950	0
17048	0
210283	0
50321	0
51262	0
63830	0
26930	0
43653	0
197071	0
33108	0
196959	0
265098	0
37148	0
264568	0
207852	0
39533	0
51407	0
60357	0
24961	0
