32934	62190000
714	56920000
16509	56170000
8075	41430000
13335	33720000
54113	27170000
20940	23392000
22822	19140000
16276	15110000
6939	11147000
46489	10900000
25506	10870000
17676	10440000
6805	8240000
33891	8040000
3209	6920000
7342	6800000
31334	6240000
39386	5810000
2516	5684000
3356	5222000
6461	4699000
2497	4480000
64049	4480000
9498	4400000
328058	4000000
19679	3700000
4230	3680000
8447	3600000
29990	3560000
49544	3532000
2119	3480000
28604	3470000
6667	3362000
9002	3284000
20115	3270000
12389	3130000
2856	2950000
63293	2920000
2518	2910000
5650	2860000
1136	2800000
2635	2730000
8966	2718000
3216	2716000
4181	2624000
12552	2530000
8473	2490000
2914	2480000
4637	2472000
226	2440000
1267	2410400
38022	2400000
15133	2360000
41095	2332000
55391	2310000
5607	2280000
15169	2270000
6730	2261000
17511	2240000
6830	2210000
5578	2140000
21320	2121000
9009	2060000
5400	2054000
8359	2024000
265950	2002000
37447	2002000
270346	2000000
6774	1897000
2527	1890000
57344	1880000
12874	1870000
36459	1800000
2514	1760000
20485	1740000
15435	1720000
16086	1720000
5410	1680000
36408	1672000
61832	1654020
12989	1640000
25933	1640000
52320	1640000
16591	1620000
29314	1610000
34756	1600000
328045	1600000
12189	1583000
6327	1574000
2686	1564000
5089	1540000
680	1530000
22356	1512000
56478	1510000
2907	1501000
2818	1500000
15557	1480000
2603	1480000
1103	1464000
7843	1450000
15305	1450000
4760	1440000
58453	1430000
6079	1420000
13285	1420000
5645	1420000
12713	1400000
38634	1400000
28663	1387000
1547	1378000
11164	1370000
7195	1370000
45899	1360000
32098	1304000
15412	1288000
13030	1240000
9304	1232000
38082	1228000
12322	1220000
47541	1220000
15704	1210000
1273	1200000
18734	1200000
61955	1200000
23620	1200000
35228	1120000
4556	1120000
13768	1095000
6509	1052000
12430	1040000
132164	1036000
6507	1020000
52580	1004000
9121	1000000
11260	1000000
24785	1000000
46786	990000
202276	980000
9534	970000
37100	969000
23393	964000
3292	960000
11404	960000
36692	928000
25192	924000
3265	920000
23520	920000
20880	920000
327693	912000
24203	910000
62041	900000
2711	890000
42708	890000
786	880000
9824	880000
30722	880000
9318	871000
1257	860100
5588	840000
668	840000
29535	840000
264144	840000
14413	832000
12083	830000
19151	830000
16637	830000
8717	820000
40356	820000
27381	810000
7575	808000
812	800000
5432	800000
6661	800000
2510	800000
262206	800000
15962	800000
23563	800000
11888	800000
137872	800000
17072	800000
39651	780000
3630	760000
13760	740000
9680	740000
50384	730000
20504	720000
15802	720000
53180	720000
38091	720000
11232	700000
4800	692000
6057	690000
35320	690000
34224	680000
23576	680000
12479	680000
12714	674000
8657	670000
9269	669000
13445	661000
23881	660000
26615	660000
5378	660000
30081	660000
8529	651000
4739	650000
42525	644000
43531	643000
18403	640000
47377	640000
1741	640000
28368	634000
34984	630000
132203	630000
37662	630000
22646	630000
37271	628000
8426	624000
59605	624000
7155	610000
2851	610000
55818	604400
30600	600000
5413	588000
5713	570210
12849	570000
7738	564000
23184	560000
396253	542000
13037	540000
4134	540000
30517	540000
47764	540000
7545	538000
109	522000
12200	520000
4766	520000
7029	520000
3255	520000
29119	520000
40788	520000
28146	520000
52941	520000
200981	520000
28343	519000
31500	518000
9930	510000
197595	510000
6128	510000
9505	504000
28580	503000
9050	500000
62887	500000
47582	500000
3327	499000
3741	492200
702	491400
3491	486000
2828	480000
7795	480000
31027	480000
4648	480000
18081	480000
58073	480000
6768	480000
393565	480000
46450	480000
2116	474000
14282	470000
38880	464000
13170	464000
2852	460000
28126	460000
137922	460000
4761	456000
31655	450000
4685	450000
38895	450000
14630	448000
48237	447500
47605	444000
4713	440000
293	440000
7992	440000
6614	440000
34218	440000
11269	440000
23473	434000
263327	430000
36089	420000
50304	420000
5009	420000
17639	411000
55900	410000
62955	410000
25180	408000
10474	408000
9231	404000
262503	403000
17451	402000
15542	400000
40428	400000
3601	400000
33362	400000
16904	400000
58682	400000
61449	400000
24748	400000
197790	400000
49378	400000
267056	400000
20943	400000
132825	400000
6465	400000
202425	400000
49477	400000
49374	400000
23404	390000
6697	390000
15224	386000
24115	382000
15600	380000
2906	380000
13489	380000
31939	380000
19009	380000
263903	380000
262287	380000
30094	372000
52840	370000
262740	370000
14868	367000
53162	366000
30844	365000
262355	364000
4773	360000
9723	360000
10143	360000
39608	360000
53013	360000
196925	360000
28260	360000
2559	360000
36062	360000
205216	360000
64050	360000
38883	352000
38622	350000
35753	350000
52925	350000
21976	350000
62904	350000
45158	344000
11686	340000
6866	340000
8455	340000
30781	336000
43727	330000
35407	330000
53766	330000
52871	330000
44050	326000
17559	324000
22689	323200
8781	322000
9354	321000
2110	320000
39202	320000
9116	320000
33915	320000
10030	320000
766	320000
5603	320000
62	320000
54183	320000
54312	320000
34867	320000
27715	320000
28158	320000
63221	320000
201641	320000
54133	320000
59027	320000
9605	320000
26415	316000
28338	310000
24940	310000
21245	310000
27475	310000
136106	303000
18106	301000
7473	300000
7552	300000
33132	300000
2860	300000
12353	300000
53158	300000
263297	300000
200455	300000
265937	300000
59930	300000
209222	300000
7418	300000
28598	300000
18121	290000
9595	290000
26801	290000
263073	290000
703	289600
39326	289000
21574	288000
264668	288000
6908	285000
6412	284000
262659	284000
200020	282000
852	280000
29550	280000
577	280000
7670	280000
24033	280000
13124	280000
3786	280000
4258	280000
25512	280000
38790	280000
28331	280000
41998	280000
8095	280000
61400	280000
43332	280000
137831	280000
58507	276000
48919	275000
26162	272000
23889	271000
43205	270000
2687	266000
8632	264000
262773	262000
45780	261000
18705	260000
11758	260000
2611	260000
25885	260000
7679	260000
61102	260000
30990	260000
51069	260000
35213	252000
559	250000
12731	250000
132132	250000
4788	248100
23148	246000
9924	244900
21385	244800
44053	244100
35432	244000
28716	244000
37168	244000
36924	244000
262848	243000
12956	241000
2152	240400
5769	240000
21502	240000
9070	240000
39912	240000
29695	240000
38858	240000
43646	240000
21321	240000
32184	240000
38819	240000
28171	240000
5483	240000
45204	240000
6848	240000
49685	240000
7415	240000
263665	240000
6471	240000
17885	240000
6407	239000
6181	230000
27471	230000
17709	230000
46	230000
41798	230000
266989	230000
11979	230000
9031	227000
138132	226000
10310	220000
23498	220000
4787	220000
28624	220000
8462	220000
15085	220000
17941	220000
9365	220000
262729	220000
262428	220000
53184	220000
37153	220000
62668	220000
9902	214000
34244	213000
262807	213000
13189	212000
7862	212000
5511	210000
13576	210000
267469	210000
31898	210000
9342	208000
137	206000
13193	204000
26803	204000
25358	202000
9729	202000
262778	202000
31272	201200
25899	200000
19108	200000
13249	200000
43561	200000
30419	200000
9500	200000
12129	200000
133612	200000
7632	200000
36040	200000
58601	200000
34700	200000
49158	200000
263080	200000
8452	200000
719	200000
42830	200000
197482	200000
23693	200000
265399	200000
19324	200000
6922	200000
35362	200000
327987	200000
10036	200000
50473	200000
26077	200000
131160	200000
133496	200000
20347	200000
50129	200000
20394	200000
47422	200000
59783	200000
4651	200000
262468	190000
7049	190000
51500	190000
27988	188000
58580	186000
52005	186000
10026	184710
11814	184000
38466	184000
15419	184000
37282	184000
28201	182000
22724	182000
12871	180000
17924	180000
39832	180000
14026	180000
12709	180000
30838	180000
45558	180000
136743	180000
49824	180000
267484	180000
6447	176600
16302	176500
58530	176000
26554	174000
53065	174000
14969	173000
9044	171000
21371	170000
17665	170000
10158	170000
262476	170000
53037	170000
9667	170000
11550	170000
43668	170000
266931	170000
24130	168000
12678	168000
12041	166000
52551	166000
28202	165000
132296	165000
3267	164400
19165	164000
6067	164000
9299	164000
15958	164000
52579	164000
45638	164000
36937	163000
4657	162000
9650	162000
28649	162000
8308	161000
24751	161000
8365	160000
29422	160000
11096	160000
17819	160000
25577	160000
39102	160000
36351	160000
39704	160000
25668	160000
20845	160000
60339	160000
31242	160000
8535	160000
35717	160000
15517	160000
1424	160000
16735	160000
13147	160000
8866	160000
22742	160000
41678	160000
28666	160000
28267	160000
27747	160000
18278	160000
8448	160000
19996	160000
18260	160000
18182	160000
41164	160000
35193	160000
58209	160000
47242	160000
21413	160000
25255	160000
48634	160000
54998	160000
38333	160000
22147	160000
8445	160000
5403	160000
10118	160000
17054	160000
51852	160000
197451	160000
12392	160000
56038	160000
3261	160000
63242	160000
17012	160000
132680	160000
48620	160000
50204	160000
44735	160000
28576	160000
327991	160000
13807	160000
44416	160000
27919	160000
40526	160000
3754	160000
28554	160000
30818	160000
58941	160000
64220	160000
33438	160000
131917	160000
6307	160000
135262	160000
24703	160000
262731	160000
266167	160000
25019	160000
264215	160000
55182	160000
56444	160000
27925	160000
54827	160000
263616	160000
17583	160000
26446	160000
14061	160000
14340	158200
3300	156000
32286	156000
52696	155000
37417	155000
11666	152000
1828	152000
47481	152000
27589	151000
3320	150000
27524	150000
5391	150000
1241	150000
28330	150000
58243	150000
21808	150000
44843	149000
262760	148000
64315	146000
14492	144000
34610	144000
17922	144000
8968	144000
197888	144000
28125	144000
41018	144000
262847	142000
10098	140400
26496	140000
38107	140000
7782	140000
1680	140000
30041	140000
4635	140000
21232	140000
50643	140000
56396	140000
16700	140000
40029	140000
28665	140000
30950	140000
28229	140000
28191	140000
262664	140000
63290	140000
394497	140000
53240	140000
60169	140000
136784	140000
206819	140000
41194	140000
41206	140000
396356	140000
43729	140000
267590	140000
10029	138000
38987	138000
24324	136000
16570	136000
37613	135000
14361	134000
3302	134000
263421	134000
8674	133000
13000	133000
12859	132000
23930	132000
33011	132000
38327	131000
24916	130000
29009	130000
20773	130000
41552	130000
24277	130000
262434	130000
37693	130000
21488	130000
52908	130000
36873	130000
16110	130000
52468	130000
34120	130000
45011	130000
199995	130000
10003	129000
7475	128400
8487	128100
22691	128000
9264	128000
12310	128000
7311	128000
20121	128000
56258	128000
35761	128000
262865	127000
1239	126000
45352	125200
35745	125000
132215	125000
4780	125000
134697	124200
3701	124000
8399	124000
3262	124000
17547	124000
9957	124000
31463	124000
30539	124000
11142	124000
20459	124000
37678	124000
199319	124000
58307	123000
18283	122000
48166	122000
9749	122000
12654	120400
10835	120400
39899	120040
701	120000
2381	120000
237	120000
6695	120000
2529	120000
12306	120000
15830	120000
40511	120000
6677	120000
44684	120000
36944	120000
6473	120000
39605	120000
11403	120000
26163	120000
9008	120000
48918	120000
1406	120000
8530	120000
33083	120000
25148	120000
17534	120000
18268	120000
34056	120000
39545	120000
36012	120000
59536	120000
1422	120000
26677	120000
36280	120000
10302	120000
45031	120000
42000	120000
2614	120000
55569	120000
23786	120000
47708	120000
47264	120000
7671	120000
18450	120000
36222	120000
38651	120000
262403	120000
13825	120000
61374	120000
52752	120000
51409	120000
9993	120000
3128	120000
10578	120000
202023	120000
63270	120000
3252	120000
28370	120000
21777	120000
63516	120000
262485	120000
9834	120000
53078	120000
133403	120000
12847	120000
9029	120000
16851	120000
36734	120000
53152	120000
30028	120000
42981	120000
41508	120000
34058	120000
18747	120000
48956	120000
35434	120000
196729	120000
59460	120000
202103	120000
202196	120000
29107	120000
18255	120000
56931	120000
39551	120000
39251	120000
8819	120000
131934	120000
131937	120000
39507	120000
136907	120000
205139	120000
1759	120000
35640	120000
8540	120000
41275	120000
210278	120000
17717	120000
15598	120000
47872	120000
22616	120000
62044	120000
262505	119000
13122	117000
20144	116000
36236	115000
1836	114000
9246	114000
35575	113000
133120	112500
49290	112500
57866	112000
37358	112000
27955	112000
197727	111000
224	111000
21409	110000
19318	110000
18200	110000
23089	110000
35805	110000
262444	110000
39444	110000
263055	110000
9997	110000
37892	110000
262343	110000
327901	110000
21559	110000
134139	110000
43656	110000
13896	110000
26133	110000
266448	110000
131912	110000
38758	110000
45269	110000
40217	110000
202409	110000
137280	110000
50050	110000
28166	108000
55329	108000
3257	107000
398131	106000
262532	104448
13009	104000
3225	104000
199503	104000
41202	104000
201054	103000
59699	102400
56308	102000
262732	102000
132770	102000
32217	102000
136557	101000
23105	101000
31727	100000
41420	100000
4818	100000
23783	100000
12387	100000
9297	100000
23114	100000
40220	100000
11835	100000
54329	100000
23314	100000
19189	100000
52751	100000
10002	100000
23778	100000
7162	100000
1659	100000
263880	100000
32505	100000
23704	100000
61157	100000
53147	100000
199408	100000
9457	100000
21367	100000
32233	100000
14860	100000
9136	100000
4694	100000
32440	100000
262595	100000
23059	100000
101	100000
44066	100000
376	100000
32703	100000
37697	100000
5078	100000
8757	100000
20804	99000
61189	99000
132255	98000
7600	98000
41096	98000
133930	98000
19889	97000
28258	97000
52937	96500
42	96400
22363	96000
38322	94000
58396	94000
47195	93000
42456	92600
12350	92000
28130	92000
37150	92000
28605	92000
26613	92000
56828	91000
34803	90000
7713	90000
13370	90000
6679	90000
24709	90000
10094	90000
50629	90000
37254	90000
26120	90000
52689	90000
4557	90000
10001	90000
42504	90000
265130	90000
20910	90000
40317	90000
22697	90000
263998	90000
54198	90000
60893	90000
35709	90000
44061	90000
37468	90000
34305	90000
60474	89400
34245	88000
1280	88000
4770	88000
24852	88000
327698	88000
53115	88000
204053	88000
327984	88000
204222	88000
51060	88000
44646	88000
62040	86016
15399	86000
24183	86000
51706	86000
38861	86000
55720	85000
25818	84600
10490	84000
7752	84000
16586	84000
27008	84000
27924	84000
4844	84000
16371	84000
6663	84000
13243	84000
4628	84000
22772	84000
25460	84000
57169	84000
57353	84000
50272	84000
262516	84000
28978	84000
51018	84000
262441	84000
49102	84000
199723	84000
200889	84000
200539	84000
60191	84000
262794	83920
33763	83000
37028	82200
55581	82100
53187	82000
197113	82000
328146	82000
11377	81920
7610	81210
262854	81000
9245	80400
61438	80200
8607	80000
8763	80000
15422	80000
25441	80000
25309	80000
35028	80000
16150	80000
3605	80000
8897	80000
27552	80000
6315	80000
30212	80000
18150	80000
15366	80000
16713	80000
30914	80000
25761	80000
12312	80000
31477	80000
16082	80000
5467	80000
2857	80000
20161	80000
8732	80000
2544	80000
2044	80000
21221	80000
12969	80000
8343	80000
855	80000
34594	80000
8608	80000
13868	80000
59900	80000
9293	80000
35819	80000
36416	80000
8057	80000
13536	80000
48971	80000
8903	80000
17514	80000
1930	80000
32869	80000
37105	80000
8544	80000
8896	80000
11030	80000
50295	80000
34555	80000
18678	80000
15474	80000
9186	80000
49788	80000
17955	80000
59835	80000
15763	80000
34456	80000
394739	80000
7642	80000
8821	80000
55480	80000
47155	80000
10297	80000
15440	80000
21099	80000
62047	80000
5619	80000
35017	80000
50606	80000
10973	80000
13730	80000
1251	80000
23316	80000
23678	80000
19169	80000
14265	80000
51243	80000
18129	80000
43833	80000
13360	80000
17882	80000
46043	80000
393223	80000
3333	80000
18978	80000
56329	80000
60955	80000
12996	80000
20836	80000
22799	80000
28224	80000
28667	80000
11815	80000
8055	80000
28668	80000
15502	80000
7057	80000
37596	80000
26609	80000
12338	80000
62752	80000
61231	80000
32204	80000
393523	80000
39184	80000
62715	80000
36112	80000
263311	80000
53597	80000
54665	80000
26479	80000
57864	80000
28349	80000
44356	80000
26292	80000
199860	80000
12670	80000
197013	80000
10733	80000
13739	80000
11468	80000
6994	80000
31950	80000
54527	80000
11924	80000
262696	80000
28131	80000
59384	80000
11280	80000
17310	80000
24611	80000
6325	80000
63124	80000
20952	80000
28310	80000
20850	80000
14627	80000
46435	80000
263544	80000
33713	80000
263535	80000
17809	80000
4809	80000
41046	80000
15054	80000
23669	80000
59899	80000
9615	80000
202119	80000
24249	80000
264543	80000
58589	80000
27364	80000
25083	80000
44914	80000
37439	80000
37515	80000
134053	80000
20717	80000
20715	80000
200852	80000
38924	80000
28145	80000
9146	80000
22442	80000
12735	80000
54290	80000
29866	80000
11240	80000
18419	80000
6122	80000
13977	80000
47438	80000
262457	80000
265206	80000
35205	80000
56890	80000
62499	80000
27618	80000
41549	80000
32212	80000
9946	80000
48793	80000
27216	80000
263482	80000
17726	80000
202895	80000
15669	80000
264437	80000
56282	80000
52531	80000
61584	80000
51619	80000
198537	80000
41026	80000
11014	80000
200594	80000
198948	80000
197667	80000
24271	80000
198418	80000
28545	80000
47254	80000
58863	80000
55805	80000
34092	80000
60860	80000
43509	80000
198525	80000
52106	80000
51636	80000
206890	80000
41160	80000
204126	80000
199250	80000
48503	80000
50705	80000
51390	80000
5582	80000
50767	80000
43571	80000
133206	80000
202228	80000
37701	80000
37699	80000
62622	80000
43679	80000
135814	80000
21171	80000
395466	80000
13381	80000
58942	80000
58943	80000
63839	80000
63832	80000
64219	80000
64216	80000
64222	80000
395081	80000
58548	80000
395383	80000
394625	80000
202120	80000
24745	80000
198551	80000
9694	80000
15924	80000
37340	80000
3662	80000
203165	80000
266211	80000
39431	80000
206314	80000
2590	80000
35614	80000
53231	80000
6917	80000
61917	80000
28658	80000
3479	80000
134312	80000
39840	80000
39871	80000
45187	80000
198371	80000
394308	80000
15659	80000
131920	80000
34612	80000
8895	80000
4673	80000
56635	80000
35237	80000
57279	80000
35539	80000
55872	80000
201105	80000
7337	80000
61053	80000
264450	80000
56864	80000
31004	80000
18390	80000
17608	80000
17889	80000
39798	80000
198612	80000
328278	80000
2682	80000
54578	80000
62282	80000
25454	80000
266444	80000
267530	80000
37317	80000
266341	80000
15624	80000
393979	80000
33166	80000
264023	80000
46276	80000
264270	80000
55943	80000
36493	80000
9435	80000
32564	80000
7838	80000
135662	80000
34702	80000
137562	80000
262456	80000
48287	80000
31200	80000
132692	80000
205881	80000
27745	80000
60415	80000
132528	80000
14593	80000
23540	80000
43607	80000
56309	80000
264150	80000
49624	80000
328437	80000
6846	80000
61201	80000
4857	80000
27901	80000
6799	80000
37611	80000
16839	79000
262725	79000
6619	78000
50083	78000
131745	76200
10021	76000
44654	76000
136119	76000
18059	75000
12693	75000
16211	74000
53171	73000
132146	73000
38623	72100
17356	72000
28359	72000
264005	72000
202004	72000
262365	72000
34577	72000
12676	71000
45437	71000
62455	71000
55666	71000
262548	71000
262594	71000
45629	70500
45931	70400
35916	70000
5541	70000
20771	70000
37157	70000
31115	70000
262150	70000
4581	70000
52694	70000
262699	70000
131744	70000
290	70000
132323	70000
132934	70000
266468	70000
266409	70000
18274	70000
135739	70000
264367	70000
50073	70000
13767	70000
136838	70000
48452	70000
58713	70000
56318	70000
53156	70000
51048	70000
394073	70000
137557	70000
267624	70000
397095	70000
134220	70000
209116	70000
4851	68000
58057	68000
34087	67000
393891	67000
135060	67000
5564	66000
57463	66000
327824	66000
16374	66000
267521	66000
8752	66000
24535	65000
262744	65000
264397	65000
137367	65000
268331	64800
22438	64000
9416	64000
12470	64000
28250	64000
200043	64000
31257	64000
262409	64000
63859	64000
58376	64000
38583	63000
132453	63000
59842	63000
395561	63000
55359	63000
35619	62300
52662	62200
25542	62000
15576	62000
12703	62000
12926	62000
38511	62000
14380	62000
203658	62000
37700	62000
265061	62000
267201	62000
12455	62000
28134	61600
37333	61000
199434	61000
264460	60800
132476	60700
61512	60600
1342	60400
28294	60240
262463	60120
197091	60020
7784	60000
16245	60000
10594	60000
22561	60000
803	60000
49835	60000
22652	60000
23700	60000
50821	60000
56030	60000
15497	60000
16243	60000
39642	60000
10019	60000
15191	60000
200052	60000
28309	60000
39090	60000
262765	60000
54540	60000
52962	60000
262493	60000
22085	60000
199335	60000
55785	60000
26827	60000
45356	60000
53196	60000
262293	60000
262715	60000
262983	60000
58708	60000
52930	60000
11708	60000
52940	60000
263516	60000
8387	60000
5518	60000
14828	60000
263321	60000
262676	60000
36866	60000
263427	60000
134033	60000
197588	60000
57249	60000
264111	60000
50153	60000
199585	60000
264582	60000
264052	60000
265496	60000
263347	60000
206548	60000
264223	60000
59964	60000
41693	60000
266131	60000
25615	60000
265886	60000
52766	60000
210	60000
265359	60000
13329	60000
7539	60000
268221	60000
10947	60000
202414	60000
137912	60000
61751	60000
8369	60000
131627	60000
32798	60000
136518	60000
52007	60000
29588	60000
2526	60000
396125	60000
4652	60000
328170	60000
9795	60000
263779	60000
328417	60000
18676	60000
133898	60000
263271	60000
47478	60000
46375	60000
32415	60000
13786	60000
9976	60000
52772	60000
266453	60000
266608	60000
24532	60000
45298	60000
7381	60000
48422	60000
328388	60000
7385	60000
15377	60000
3856	59340
32299	58000
72	58000
5416	58000
263237	57000
266498	57000
39792	56000
39869	56000
55862	56000
57119	56000
61573	56000
24186	56000
263445	56000
263405	55000
198517	55000
33182	54000
37273	54000
37645	54000
133840	54000
262537	54000
51918	53000
56449	53000
8280	53000
264564	53000
263542	52500
20634	52000
12779	52000
21859	52000
13002	52000
4775	52000
14717	52000
52888	52000
28209	52000
14701	52000
5118	52000
63928	52000
263336	52000
197473	52000
328242	52000
44964	52000
39823	52000
45896	51000
15699	51000
9244	51000
3462	51000
207073	51000
7131	51000
9155	51000
9038	50300
30972	50000
29686	50000
10075	50000
24105	50000
6295	50000
38220	50000
51795	50000
20718	50000
27887	50000
17506	50000
20960	50000
28284	50000
28591	50000
25447	50000
59497	50000
22177	50000
61871	50000
15280	50000
46455	50000
264359	50000
42511	50000
263626	50000
17828	50000
263394	50000
62943	50000
263982	50000
64255	50000
53211	50000
265278	50000
35007	50000
132976	50000
6718	50000
264344	50000
132449	50000
61588	50000
264493	50000
200478	50000
265032	50000
136521	50000
267289	50000
133380	50000
202709	50000
137575	50000
41327	50000
56381	50000
24429	50000
27984	50000
205473	50000
24955	50000
55259	49000
34006	48440
29608	48400
43545	48200
264598	48192
5430	48000
6130	48000
17660	48000
20969	48000
4927	48000
43708	48000
34108	48000
8902	48000
20764	48000
58451	48000
34790	48000
8246	48000
21430	48000
49455	48000
18229	48000
57356	48000
14633	48000
58779	48000
58980	48000
262318	48000
53102	48000
198736	48000
263265	48000
28226	48000
263329	48000
199846	48000
35306	48000
197400	48000
9652	48000
7656	48000
57513	48000
2847	48000
39067	48000
28124	47000
200781	47000
49888	46800
23871	46400
52660	46000
196879	46000
42947	46000
48539	45056
327962	45056
327756	45056
13272	45000
34347	45000
58495	45000
55766	45000
28169	44700
2915	44000
2153	44000
16186	44000
4150	44000
286	44000
30827	44000
35244	44000
10881	44000
26785	44000
24167	44000
8788	44000
29611	44000
23171	44000
5631	44000
29141	44000
42093	44000
39637	44000
45411	44000
42612	44000
25151	44000
31167	44000
50572	44000
36149	44000
44099	44000
48850	44000
16175	44000
47408	44000
39904	44000
11233	44000
29834	44000
6777	44000
36817	44000
1126	44000
28287	44000
39279	44000
21485	44000
28132	44000
262721	44000
17625	44000
36907	44000
43406	44000
53889	44000
61287	44000
29462	44000
37619	44000
23550	44000
39351	44000
262259	44000
327745	44000
28110	44000
15008	44000
262454	44000
262288	44000
262481	44000
32867	44000
4678	44000
32338	44000
20904	44000
63028	44000
51055	44000
52438	44000
60610	44000
61211	44000
262388	44000
64044	44000
264268	44000
24651	44000
20412	44000
199803	44000
133421	44000
29522	44000
38197	44000
47551	44000
202020	44000
7540	44000
38714	44000
56949	44000
198151	44000
47252	44000
198389	44000
61709	44000
201290	44000
197592	44000
197747	44000
197262	44000
198401	44000
198040	44000
199754	44000
50550	44000
199978	44000
200176	44000
264811	44000
200668	44000
24338	44000
52666	44000
25509	44000
395400	44000
263396	44000
42490	44000
198380	44000
49409	44000
31726	44000
133616	44000
47626	44000
8194	44000
37720	44000
37675	44000
202454	44000
264138	44000
46723	44000
45305	44000
58821	44000
55674	43200
262352	43072
52866	43000
53587	43000
15188	43000
132894	42800
50316	42350
31708	42000
22556	42000
30851	42000
16206	42000
34934	42000
56246	42000
57731	42000
48728	42000
262706	42000
262761	42000
14576	42000
263584	42000
61094	42000
36923	42000
30813	42000
51948	42000
328216	42000
62597	42000
62275	42000
59288	42000
58477	42000
4007	41200
51784	41100
45280	41000
53195	41000
18351	41000
53246	41000
37451	41000
138064	41000
28183	40960
29918	40960
132137	40960
133001	40960
262691	40960
61686	40960
196695	40960
53107	40960
17306	40480
42669	40400
131296	40240
197133	40200
60261	40000
55429	40000
63311	40000
13657	40000
24043	40000
7091	40000
8560	40000
8190	40000
5605	40000
30176	40000
26347	40000
29748	40000
21947	40000
6405	40000
2685	40000
12008	40000
35985	40000
25466	40000
23686	40000
24121	40000
9989	40000
11537	40000
20080	40000
24931	40000
34106	40000
6623	40000
23260	40000
31736	40000
41690	40000
394070	40000
17645	40000
36683	40000
6423	40000
31400	40000
3512	40000
29208	40000
24642	40000
35843	40000
14793	40000
43683	40000
5539	40000
7568	40000
26792	40000
39598	40000
23265	40000
13354	40000
13041	40000
43284	40000
16814	40000
5577	40000
42227	40000
35332	40000
11051	40000
42184	40000
13692	40000
8744	40000
29562	40000
20712	40000
47172	40000
47841	40000
47215	40000
11995	40000
47344	40000
33737	40000
48943	40000
46484	40000
47490	40000
11664	40000
45668	40000
38478	40000
33139	40000
20985	40000
33796	40000
12316	40000
47143	40000
19750	40000
11071	40000
18077	40000
21250	40000
12188	40000
33470	40000
41601	40000
52892	40000
44788	40000
11922	40000
59895	40000
11798	40000
29404	40000
41572	40000
22546	40000
6739	40000
53131	40000
38657	40000
513	40000
46849	40000
22653	40000
4058	40000
14116	40000
45711	40000
8728	40000
13703	40000
12042	40000
44160	40000
53070	40000
29037	40000
49895	40000
46793	40000
16095	40000
19531	40000
40581	40000
51929	40000
6723	40000
23627	40000
13857	40000
21525	40000
24554	40000
19844	40000
10024	40000
41412	40000
25764	40000
6336	40000
12578	40000
600	40000
53175	40000
32613	40000
23816	40000
19782	40000
37235	40000
27947	40000
197377	40000
48500	40000
11123	40000
17246	40000
32365	40000
54154	40000
26167	40000
10653	40000
45634	40000
43852	40000
34270	40000
54652	40000
21412	40000
18199	40000
25780	40000
9584	40000
53306	40000
8823	40000
53100	40000
1120	40000
44858	40000
5056	40000
12033	40000
11242	40000
42239	40000
53349	40000
54376	40000
50673	40000
16724	40000
132267	40000
10102	40000
54327	40000
63060	40000
57187	40000
18400	40000
7849	40000
58656	40000
199339	40000
25273	40000
58010	40000
60717	40000
27026	40000
41281	40000
8245	40000
57068	40000
18049	40000
33604	40000
28277	40000
28153	40000
262777	40000
28306	40000
262903	40000
28571	40000
262780	40000
14571	40000
132857	40000
12536	40000
53080	40000
11475	40000
10996	40000
17685	40000
38043	40000
57029	40000
11081	40000
199364	40000
29485	40000
11195	40000
54929	40000
29933	40000
262333	40000
14103	40000
57193	40000
40700	40000
33606	40000
55923	40000
51263	40000
36444	40000
18516	40000
32421	40000
33515	40000
40413	40000
10993	40000
23274	40000
26288	40000
62915	40000
25653	40000
5664	40000
28366	40000
196844	40000
53143	40000
40676	40000
62523	40000
262704	40000
31877	40000
32479	40000
32100	40000
15267	40000
22921	40000
15108	40000
52251	40000
18094	40000
133534	40000
262620	40000
10886	40000
53221	40000
58299	40000
262230	40000
27833	40000
20207	40000
6368	40000
262724	40000
52558	40000
14463	40000
24730	40000
61951	40000
11414	40000
133579	40000
57963	40000
198203	40000
62469	40000
30466	40000
262989	40000
52846	40000
262377	40000
42775	40000
43317	40000
54002	40000
262402	40000
264531	40000
264492	40000
53224	40000
53122	40000
262675	40000
27768	40000
36445	40000
133420	40000
28163	40000
61950	40000
9022	40000
199256	40000
262667	40000
62183	40000
50148	40000
56301	40000
28066	40000
32710	40000
24278	40000
133873	40000
49063	40000
198477	40000
10481	40000
42845	40000
11976	40000
327893	40000
5690	40000
24309	40000
16832	40000
17483	40000
40028	40000
393965	40000
61244	40000
15433	40000
9999	40000
25068	40000
262256	40000
263587	40000
23913	40000
134363	40000
42567	40000
31769	40000
263668	40000
4043	40000
263789	40000
18616	40000
25003	40000
132167	40000
48642	40000
26271	40000
59	40000
819	40000
32277	40000
263822	40000
6561	40000
61942	40000
263569	40000
29244	40000
263797	40000
25165	40000
25227	40000
201602	40000
133959	40000
198785	40000
7687	40000
11174	40000
8714	40000
42334	40000
16130	40000
8680	40000
43391	40000
58815	40000
263363	40000
28270	40000
28308	40000
11279	40000
53407	40000
262413	40000
35998	40000
17429	40000
29788	40000
13549	40000
19082	40000
15102	40000
55270	40000
21632	40000
25248	40000
52726	40000
51164	40000
52363	40000
20559	40000
133590	40000
18683	40000
54661	40000
28154	40000
24572	40000
19689	40000
135246	40000
52794	40000
134809	40000
52519	40000
133934	40000
8008	40000
394437	40000
328400	40000
264016	40000
52878	40000
58762	40000
45684	40000
202831	40000
203629	40000
52989	40000
197524	40000
45775	40000
264961	40000
201782	40000
327952	40000
19310	40000
52981	40000
61836	40000
62818	40000
198235	40000
199494	40000
51394	40000
64223	40000
133652	40000
32165	40000
27895	40000
10299	40000
197615	40000
43733	40000
32743	40000
263154	40000
264768	40000
58965	40000
27951	40000
46692	40000
57608	40000
262186	40000
264575	40000
27272	40000
263674	40000
35760	40000
50533	40000
40731	40000
48716	40000
200414	40000
199551	40000
51337	40000
134012	40000
35891	40000
60098	40000
29974	40000
25472	40000
262791	40000
35491	40000
60884	40000
57033	40000
394141	40000
27382	40000
36008	40000
199496	40000
55957	40000
11109	40000
206758	40000
52195	40000
265065	40000
199226	40000
262316	40000
7004	40000
57478	40000
60534	40000
27964	40000
39716	40000
41966	40000
59862	40000
18615	40000
202220	40000
7806	40000
395573	40000
395768	40000
136026	40000
52153	40000
57613	40000
262766	40000
61478	40000
50411	40000
41319	40000
395470	40000
265303	40000
17077	40000
395578	40000
50017	40000
42667	40000
58689	40000
135292	40000
263702	40000
49565	40000
23423	40000
48408	40000
395880	40000
134674	40000
1101	40000
11178	40000
23307	40000
264517	40000
59060	40000
197672	40000
51648	40000
13838	40000
202050	40000
395719	40000
133952	40000
394740	40000
57219	40000
201026	40000
394676	40000
34296	40000
14832	40000
58906	40000
29614	40000
6503	40000
61826	40000
45265	40000
12687	40000
12690	40000
25385	40000
44692	40000
202169	40000
131915	40000
202761	40000
131916	40000
265101	40000
196749	40000
263625	40000
205811	40000
61521	40000
328064	40000
201081	40000
196865	40000
135278	40000
27553	40000
53591	40000
53189	40000
135011	40000
265478	40000
198604	40000
38627	40000
23419	40000
24251	40000
262643	40000
7514	40000
28032	40000
206299	40000
36515	40000
50270	40000
28114	40000
63772	40000
328036	40000
6712	40000
22908	40000
41138	40000
17303	40000
38851	40000
52542	40000
53454	40000
6752	40000
265436	40000
198496	40000
56972	40000
42812	40000
327790	40000
393455	40000
41480	40000
265021	40000
395332	40000
46155	40000
40545	40000
62632	40000
41691	40000
53338	40000
35518	40000
394146	40000
62406	40000
25190	40000
266995	40000
19465	40000
27286	40000
137250	40000
40773	40000
63343	40000
54483	40000
264127	40000
13415	40000
61943	40000
204789	40000
266420	40000
204821	40000
199421	40000
32389	40000
15011	40000
49020	40000
267196	40000
44979	40000
20874	40000
266977	40000
267452	40000
263985	40000
266156	40000
134739	40000
263523	40000
205100	40000
43848	40000
31236	40000
196776	40000
265019	40000
5760	40000
31445	40000
204805	40000
23777	40000
51790	40000
132890	40000
394140	40000
27660	40000
63131	40000
263461	40000
64233	40000
63774	40000
267428	40000
38949	40000
41006	40000
197155	40000
265999	40000
134895	40000
202006	40000
267075	40000
51920	40000
1226	40000
262662	40000
25637	40000
268267	40000
132771	40000
47723	40000
37897	40000
11077	40000
262970	40000
131273	40000
197294	40000
18024	40000
131933	40000
54086	40000
57424	40000
200185	40000
55140	40000
265086	40000
136769	40000
40339	40000
196819	40000
29091	40000
11635	40000
132491	40000
263250	40000
29689	40000
198426	40000
27255	40000
134359	40000
49457	40000
31617	40000
61462	40000
138147	40000
41033	40000
32067	40000
3145	40000
47095	40000
59371	40000
397116	40000
202281	40000
267587	40000
50698	40000
131895	40000
196714	40000
197146	40000
209835	40000
44358	40000
50794	40000
203942	40000
46950	40000
56373	40000
50554	40000
63298	40000
30168	40000
35795	40000
12459	40000
264679	40000
9910	40000
132808	40000
57073	40000
33044	40000
52760	40000
23808	40000
197522	40000
23618	40000
58171	40000
14288	40000
45361	40000
8803	40000
20618	40000
56655	40000
32621	40000
207972	40000
7941	40000
19306	40000
138840	40000
268819	40000
264998	40000
262964	40000
52639	40000
41985	40000
20657	40000
137373	40000
22534	40000
328538	40000
37020	40000
37453	40000
327738	40000
39065	40000
134369	40000
39902	40000
396501	40000
133339	40000
9891	40000
35137	40000
397806	40000
43060	40000
35847	40000
207353	40000
8435	40000
265135	40000
13649	40000
3238	40000
198792	40000
10010	40000
60171	40000
3910	40000
48559	39000
64475	39000
56099	39000
37276	38000
39479	38000
7500	37000
52439	37000
208477	36200
16178	36000
57151	36000
57896	36000
58650	36000
38769	36000
48011	36000
137166	35840
57723	35072
21069	35000
8723	35000
49349	35000
53130	35000
327794	35000
133324	35000
263990	35000
53052	35000
6648	34000
12684	34000
262429	34000
10204	34000
53589	34000
58940	34000
43142	34000
51945	33200
25459	33000
42004	33000
21709	33000
61570	33000
58820	33000
135697	33000
49028	33000
198910	33000
6798	33000
25482	32768
33480	32192
264552	32100
14609	32000
35833	32000
21880	32000
39543	32000
59214	32000
52685	32000
39806	32000
202566	32000
262819	32000
205081	32000
35940	32000
37786	32000
264524	32000
37294	32000
3908	32000
45194	31744
134881	31744
26838	31024
21724	31000
19117	31000
26531	31000
20811	31000
54225	31000
35074	31000
60690	31000
327826	31000
262474	31000
201838	31000
57121	31000
28037	31000
262494	31000
52643	31000
263793	31000
262610	31000
61666	30720
11062	30720
264404	30720
6738	30600
31800	30400
8637	30240
13054	30200
48072	30200
33130	30100
28219	30005
26914	30000
7303	30000
12360	30000
18530	30000
42005	30000
31252	30000
9137	30000
35470	30000
18209	30000
39138	30000
9621	30000
14877	30000
59940	30000
62239	30000
45498	30000
62874	30000
262420	30000
4540	30000
15447	30000
264425	30000
134055	30000
25961	30000
52968	30000
196968	30000
52686	30000
55507	30000
53172	30000
263483	30000
206499	30000
31857	30000
264562	30000
328145	30000
263961	30000
263411	30000
264294	30000
199330	30000
60890	30000
131914	30000
197902	30000
396503	30000
135607	30000
15426	30000
18407	30000
23379	30000
60051	30000
28319	30000
266430	30000
264491	30000
20846	30000
11751	30000
393434	30000
39335	30000
37545	30000
2588	30000
266961	30000
266144	30000
266721	30000
40244	30000
394449	30000
19186	30000
36813	30000
3132	30000
268133	30000
6696	30000
29900	30000
25837	30000
266968	30000
23775	30000
210264	30000
264398	30000
14726	30000
265294	30000
397544	30000
265892	30000
51520	30000
268952	30000
37653	30000
17197	30000
328480	30000
131896	30000
264210	30000
267593	30000
265954	30000
266192	30000
209208	30000
2675	30000
57276	30000
16342	30000
9952	30000
267348	30000
267360	30000
328517	30000
263852	30000
204006	30000
208431	30000
26484	30000
266927	30000
266480	30000
15391	30000
37110	30000
46475	30000
199362	30000
19045	30000
264939	30000
3223	30000
263009	30000
45766	30000
32261	30000
44291	30000
16030	30000
35425	30000
13194	30000
55803	30000
61012	30000
262822	29000
55219	29000
268323	29000
61730	28000
133676	28000
266152	28000
202805	28000
59156	28000
8943	27200
17978	27000
7048	27000
263531	27000
55653	27000
20640	26000
29668	26000
33920	26000
131755	26000
262862	26000
263649	26000
52977	26000
52444	26000
262417	26000
55814	26000
56286	26000
18422	26000
57877	26000
328327	26000
38896	26000
9326	26000
58392	26000
63862	26000
135582	26000
33843	25000
9313	25000
199659	24400
47275	24400
52661	24144
327750	24096
21396	24000
18779	24000
40300	24000
2602	24000
2134	24000
57928	24000
21267	24000
61888	24000
33725	24000
262733	24000
37154	24000
264228	24000
49638	24000
265147	24000
203421	24000
327950	24000
38541	24000
203687	24000
59945	24000
43760	24000
263647	24000
266263	24000
137142	24000
266347	24000
138816	24000
267055	24000
133838	24000
38147	24000
138100	24000
7521	23000
45769	23000
53066	23000
262394	23000
9201	23000
23860	23000
33452	23000
206478	23000
31250	23000
61134	22528
206184	22528
263442	22500
53142	22048
327992	22048
13680	22000
29551	22000
21513	22000
9658	22000
36143	22000
8677	22000
33302	22000
45763	22000
262828	22000
7005	22000
53708	22000
56229	22000
132931	22000
133658	22000
23628	22000
52858	22000
263661	22000
394530	22000
32160	22000
37195	22000
201106	22000
59953	22000
51681	22000
11647	22000
36914	22000
49787	22000
48727	22000
24536	22000
39192	22000
263591	22000
328351	22000
42692	22000
136093	22000
39505	22000
59279	22000
9830	22000
12491	22000
9381	22000
51944	21500
44980	21000
24521	21000
23756	21000
28773	21000
203140	21000
33544	21000
51569	21000
28656	21000
26451	21000
37980	21000
50618	21000
262901	21000
43500	20480
18886	20480
328164	20480
265451	20480
45528	20480
30740	20000
5459	20000
16265	20000
21392	20000
20495	20000
4764	20000
42455	20000
15743	20000
48268	20000
39591	20000
5524	20000
53563	20000
49909	20000
5396	20000
55879	20000
12941	20000
58587	20000
23465	20000
262750	20000
23106	20000
53008	20000
262673	20000
25375	20000
56910	20000
28352	20000
264360	20000
33808	20000
263801	20000
262979	20000
17426	20000
134732	20000
17997	20000
263314	20000
52539	20000
55256	20000
59444	20000
264577	20000
50231	20000
201754	20000
13150	20000
29465	20000
262692	20000
328065	20000
131607	20000
262268	20000
61006	20000
53199	20000
200064	20000
134316	20000
38442	20000
265429	20000
24173	20000
263196	20000
52339	20000
45118	20000
136696	20000
45349	20000
204861	20000
49296	20000
267095	20000
266713	20000
22324	20000
203261	20000
267280	20000
396040	20000
54574	20000
20919	20000
39337	20000
267399	20000
48438	20000
263947	20000
263840	20000
201447	20000
209813	20000
265484	20000
35913	20000
264017	20000
394302	20000
6059	20000
1640	20000
11272	20000
138576	20000
54506	20000
29802	20000
1916	20000
202596	20000
10279	20000
33164	20000
7516	20000
196954	20000
42705	20000
21277	20000
12857	20000
207588	20000
201102	20000
10099	20000
207199	20000
48128	20000
131960	20000
46595	20000
135010	20000
134618	20000
139225	20000
37680	20000
52951	20000
263518	20000
262900	20000
268749	20000
269462	20000
263067	20000
266059	20000
270299	20000
264186	20000
269499	20000
264596	20000
269208	20000
46023	20000
138839	20000
24299	20000
38081	20000
20001	20000
19035	20000
62712	20000
62819	20000
9751	20000
207054	20000
12796	20000
37356	20000
59276	20000
133803	20000
17995	20000
378	20000
36311	20000
64313	20000
205813	20000
210142	20000
209328	20000
33951	20000
60816	20000
328536	20000
32437	20000
267278	20000
55003	20000
57999	20000
56668	20000
265383	20000
265038	20000
45278	20000
19551	20000
137001	20000
16604	20000
263155	20000
19754	20000
16803	20000
2731	20000
45705	20000
11767	20000
267	20000
31042	20000
23486	20000
27979	20000
45754	20000
45804	20000
133296	20000
31202	20000
56528	20000
139734	20000
29357	20000
50475	20000
57844	20000
13681	20000
14979	20000
53764	20000
393573	20000
395471	20000
49192	20000
37783	20000
328395	20000
37682	20000
22941	20000
196755	20000
35699	20000
31452	20000
139970	20000
6515	20000
267815	20000
59347	20000
56264	20000
43533	20000
34718	20000
208751	20000
29785	20000
327849	20000
37529	20000
55002	20000
265974	20000
27688	20000
3242	20000
42064	20000
264570	20000
267032	20000
24008	20000
31169	20000
25374	20000
7065	20000
10103	20000
35176	20000
14824	20000
8368	20000
4693	20000
198605	20000
33873	20000
58715	20000
28178	20000
198726	20000
262591	20000
262808	20000
23805	20000
133385	20000
37199	20000
64476	20000
134705	20000
17253	20000
328365	20000
198857	19800
6643	19000
139967	19000
262539	18500
53097	18300
262488	18192
263089	18100
43100	18000
12597	18000
31595	18000
51290	18000
198781	18000
262464	18000
9785	18000
262893	18000
28890	18000
59165	18000
264514	18000
48424	17600
42459	17500
262684	17500
34135	17200
34119	17000
44953	17000
53139	17000
262346	17000
263833	17000
131758	17000
47680	17000
263283	17000
264925	16924
31078	16800
44123	16800
53237	16600
30071	16400
52475	16384
3213	16000
34011	16000
35706	16000
41692	16000
33079	16000
24047	16000
25061	16000
39301	16000
8664	16000
32880	16000
34171	16000
25295	16000
42303	16000
55518	16000
20722	16000
197000	16000
29014	16000
29545	16000
47622	16000
29680	16000
20365	16000
133075	16000
199947	16000
393513	16000
27940	16000
28009	16000
263076	16000
327813	16000
38565	16000
4508	16000
55521	16000
30798	16000
28257	16000
37342	16000
45686	16000
263774	16000
264765	16000
14522	16000
206342	16000
262509	16000
263270	16000
328156	16000
263776	16000
61822	16000
265656	16000
23815	16000
136873	16000
60602	15500
15211	15000
23661	15000
198440	15000
7020	15000
262374	15000
61582	15000
52973	15000
37479	15000
132847	15000
136377	15000
138296	15000
268548	15000
265158	15000
58482	15000
56665	14700
14551	14400
265426	14192
7908	14000
49405	14000
23074	14000
50837	14000
51646	14000
38280	14000
33748	14000
28279	14000
38753	14000
5505	14000
262730	14000
45287	14000
17671	14000
45707	14000
53050	14000
28292	14000
10135	13800
16191	13400
27865	13400
263589	13312
43019	13300
264415	13300
49463	13200
30999	13100
250	13000
12502	13000
62838	13000
17069	13000
55685	13000
61928	13000
18840	13000
134707	13000
137410	13000
137331	13000
58460	13000
24157	13000
30880	12800
51254	12800
22873	12400
31235	12400
197692	12400
200794	12400
53165	12300
262336	12288
55832	12192
15589	12136
4434	12040
12902	12000
15657	12000
2128	12000
33419	12000
15766	12000
41391	12000
8784	12000
25593	12000
8513	12000
13135	12000
8553	12000
17666	12000
20915	12000
37986	12000
39636	12000
13826	12000
27822	12000
43013	12000
34304	12000
48292	12000
18559	12000
4677	12000
51906	12000
55644	12000
39287	12000
57633	12000
16253	12000
43858	12000
37519	12000
8301	12000
197617	12000
54119	12000
45348	12000
46156	12000
11179	12000
32563	12000
53169	12000
52352	12000
27879	12000
28590	12000
53218	12000
53088	12000
38289	12000
24195	12000
47027	12000
549	12000
9519	12000
3067	12000
34768	12000
133720	12000
262993	12000
203086	12000
36868	12000
52932	12000
35313	12000
134622	12000
135484	12000
198091	12000
37482	12000
197447	12000
61968	12000
263251	12000
266177	12000
39816	12000
18103	12000
62227	12000
21140	12000
136302	12000
136373	12000
48067	12000
197204	12000
17482	12000
267554	12000
269060	12000
29838	12000
263478	11700
37090	11000
52965	11000
52911	11000
328160	11000
9129	11000
45288	11000
136841	11000
56550	11000
394330	11000
327907	11000
263378	10500
17439	10240
59816	10240
61895	10240
133275	10240
8565	10200
34624	10200
13237	10000
8545	10000
2595	10000
43890	10000
58404	10000
43942	10000
36731	10000
43323	10000
28657	10000
44431	10000
263308	10000
133854	10000
53230	10000
262902	10000
52765	10000
199610	10000
135526	10000
133613	10000
262770	10000
266346	10000
266400	10000
137352	10000
204196	10000
262453	10000
133410	10000
138570	10000
394151	10000
268126	10000
266972	10000
47203	10000
53356	10000
64115	10000
60945	10000
50472	10000
209400	10000
34569	10000
267522	10000
38524	10000
61064	10000
12883	10000
64300	10000
39923	10000
210323	10000
12365	10000
34762	10000
55352	10000
262772	10000
262387	10000
134326	10000
262612	10000
14259	10000
263495	10000
35280	10000
61056	10000
265188	10000
133372	10000
393490	10000
56583	10000
262470	10000
267242	10000
269075	10000
135760	10000
394581	10000
262898	10000
266298	10000
29129	10000
207310	10000
42156	10000
140362	10000
270436	10000
328633	10000
56472	10000
207274	10000
268546	10000
328598	10000
1410	10000
47116	10000
61602	10000
26388	10000
13951	10000
30622	10000
266853	10000
15960	10000
39029	10000
3737	10000
22591	10000
15772	10000
17378	10000
33445	10000
41088	10000
51088	10000
32097	10000
197301	10000
11383	10000
51395	10000
5662	10000
17707	10000
199524	10000
44513	10000
30259	10000
28265	10000
38527	10000
62240	10000
18881	10000
40328	10000
59112	10000
32425	10000
58678	10000
393670	10000
131322	10000
262868	10000
49690	10000
17113	10000
133315	10000
61805	10000
263049	10000
134014	10000
58659	10000
264331	10000
263124	10000
134293	10000
394994	10000
135193	10000
33771	10000
135223	10000
134375	10000
206125	10000
202766	10000
133680	10000
58430	10000
393420	10000
135098	10000
263151	10000
25853	10000
200738	10000
61873	10000
204526	10000
134715	10000
44030	10000
267513	10000
47043	10000
136522	10000
205099	10000
14642	10000
3214	10000
263258	10000
52201	10000
31430	10000
24204	9300
328423	9216
17920	9000
35655	9000
262952	9000
48504	9000
37656	9000
46886	9000
134021	9000
36965	9000
133660	9000
265972	9000
138995	9000
9104	8800
41090	8800
24028	8800
44295	8800
199660	8800
199150	8800
201877	8800
28065	8600
9153	8500
262792	8500
8554	8400
33845	8400
29286	8400
53116	8400
34683	8400
41153	8400
262557	8200
138211	8200
263739	8193
38310	8192
10704	8192
17754	8192
265141	8192
328032	8192
52300	8192
203885	8192
56507	8192
209218	8166
58408	8096
20799	8000
29452	8000
15290	8000
14280	8000
5409	8000
8195	8000
3224	8000
41913	8000
33811	8000
7829	8000
16467	8000
53459	8000
33082	8000
23712	8000
33072	8000
30129	8000
30134	8000
30128	8000
52243	8000
30132	8000
33558	8000
23711	8000
23709	8000
30962	8000
16842	8000
9710	8000
2863	8000
39104	8000
28001	8000
31383	8000
26228	8000
37996	8000
8222	8000
25152	8000
12634	8000
34997	8000
34021	8000
34781	8000
15782	8000
13284	8000
29083	8000
35156	8000
24973	8000
25976	8000
41960	8000
11190	8000
45037	8000
35584	8000
40015	8000
9583	8000
23752	8000
29846	8000
48484	8000
37652	8000
11796	8000
50032	8000
13722	8000
47836	8000
23829	8000
30295	8000
17961	8000
8587	8000
4777	8000
53424	8000
24753	8000
16523	8000
35719	8000
24951	8000
50244	8000
50763	8000
14232	8000
33835	8000
44902	8000
38437	8000
41289	8000
45816	8000
13157	8000
31662	8000
17088	8000
12775	8000
57315	8000
1304	8000
51896	8000
51483	8000
6851	8000
37312	8000
45932	8000
53727	8000
9123	8000
197422	8000
24029	8000
49604	8000
23949	8000
27665	8000
6660	8000
58560	8000
52462	8000
42204	8000
24518	8000
24550	8000
44608	8000
35799	8000
15072	8000
56990	8000
18206	8000
49300	8000
39783	8000
198423	8000
45839	8000
12290	8000
20555	8000
16168	8000
42400	8000
8789	8000
31328	8000
59410	8000
29263	8000
51406	8000
16174	8000
50737	8000
9328	8000
35834	8000
197653	8000
43190	8000
53698	8000
35180	8000
199283	8000
48972	8000
49605	8000
25093	8000
5602	8000
43252	8000
28757	8000
53494	8000
59620	8000
49360	8000
28239	8000
28141	8000
53140	8000
133023	8000
45725	8000
132837	8000
53869	8000
3324	8000
9165	8000
47727	8000
3220	8000
54643	8000
37628	8000
10133	8000
54523	8000
41847	8000
262500	8000
53861	8000
29881	8000
37002	8000
263499	8000
133389	8000
53178	8000
28615	8000
37775	8000
29583	8000
262933	8000
63034	8000
47228	8000
23673	8000
62537	8000
52431	8000
7772	8000
262737	8000
10617	8000
52323	8000
202042	8000
12143	8000
61924	8000
52877	8000
36898	8000
16162	8000
60899	8000
28216	8000
18046	8000
131584	8000
41059	8000
201791	8000
56182	8000
60134	8000
55652	8000
28327	8000
59185	8000
264470	8000
26563	8000
18393	8000
39072	8000
200700	8000
55427	8000
62502	8000
58627	8000
327939	8000
31459	8000
36909	8000
59933	8000
393874	8000
203851	8000
264590	8000
393350	8000
134295	8000
262645	8000
55699	8000
61397	8000
43558	8000
393662	8000
328023	8000
264723	8000
13006	8000
201990	8000
28323	8000
11399	8000
204019	8000
35585	8000
52079	8000
198416	8000
22518	8000
199410	8000
45561	8000
47627	8000
15190	8000
135543	8000
63529	8000
7597	8000
15734	8000
60458	8000
20832	8000
52967	8000
263070	8000
198391	8000
37324	8000
9893	8000
21774	8000
203741	8000
206894	8000
52009	8000
197418	8000
199413	8000
39107	8000
199338	8000
56783	8000
48742	8000
48685	8000
11046	8000
40752	8000
39560	8000
52101	8000
203548	8000
327751	8000
203230	8000
39729	8000
57221	8000
203223	8000
8550	8000
132734	8000
207101	8000
23169	8000
198591	8000
44974	8000
132004	8000
45706	8000
44503	8000
199451	8000
39566	8000
202971	8000
41882	8000
52909	8000
266630	8000
262195	8000
206373	8000
58894	8000
42180	8000
26198	8000
263675	8000
263728	8000
5401	8000
264815	8000
52680	8000
264923	8000
36640	8000
135301	8000
58927	8000
10022	8000
60430	8000
262518	8000
198891	8000
12630	8000
15035	8000
205296	8000
64234	8000
265806	8000
17537	8000
137246	8000
206442	8000
137851	8000
200480	8000
135869	8000
135232	8000
134856	8000
5500	8000
197645	8000
204536	8000
266866	8000
58146	8000
138174	8000
49088	8000
55679	8000
264996	8000
135843	8000
12565	8000
29424	8000
18350	8000
138009	8000
200278	8000
8393	8000
5406	8000
205442	8000
268503	8000
24132	8000
263869	8000
55247	8000
28244	8000
55670	8000
131717	8000
45312	8000
138829	8000
20621	7750
262889	7500
31543	7400
4608	7200
205388	7200
21101	7100
34486	7000
3561	7000
44514	7000
8038	7000
38235	7000
198184	7000
38506	7000
29104	7000
37576	7000
134325	7000
60670	7000
202867	7000
200438	7000
60917	7000
48846	7000
267588	7000
265699	7000
136885	7000
137121	7000
137295	7000
45937	7000
133971	7000
138359	7000
37347	7000
37109	7000
133817	7000
4765	6900
36217	6400
48920	6400
202322	6400
7717	6200
52869	6144
136632	6096
266470	6096
31126	6080
37357	6048
15594	6000
42476	6000
33077	6000
58406	6000
14390	6000
31715	6000
26788	6000
8491	6000
36943	6000
12835	6000
15692	6000
7522	6000
3599	6000
44314	6000
33125	6000
51514	6000
24523	6000
28207	6000
4666	6000
58910	6000
5692	6000
20928	6000
25943	6000
133881	6000
28073	6000
264009	6000
133797	6000
201508	6000
59954	6000
23696	6000
22080	6000
38200	6000
202918	6000
35695	6000
262296	6000
48712	6000
131303	6000
47850	6000
135465	6000
327922	6000
137080	6000
267088	6000
131775	6000
51023	6000
135419	6000
200392	6000
209261	6000
42300	6000
206640	6000
394914	6000
37627	6000
397524	6000
328237	6000
33791	6000
29446	6000
267117	6000
208976	6000
34936	6000
206404	6000
263019	6000
267620	6000
134643	6000
136131	6000
135468	6000
59155	6000
24530	6000
139425	6000
136861	6000
139947	6000
60810	6000
61600	6000
45184	6000
44141	5800
268568	5600
263480	5500
17374	5400
2484	5300
262811	5300
266374	5120
53112	5120
43599	5100
27789	5096
29215	5000
28859	5000
28707	5000
54415	5000
132774	5000
52625	5000
22750	5000
54042	5000
60157	5000
53197	5000
327943	5000
134929	5000
201333	5000
45650	5000
262788	5000
264295	5000
266028	5000
43369	5000
264297	5000
209086	5000
29169	5000
34549	5000
9145	5000
23541	4800
44583	4800
50858	4800
45950	4800
38477	4800
21351	4800
198271	4800
48374	4800
17473	4800
135423	4800
50467	4600
263393	4500
204264	4496
132901	4496
9092	4400
2500	4400
20917	4400
29246	4400
17435	4400
39600	4400
31576	4400
50620	4400
7631	4400
29513	4400
44334	4400
14500	4400
198093	4400
16218	4400
16363	4400
199248	4400
199396	4400
17996	4400
62336	4400
198334	4400
32614	4400
23774	4400
23666	4400
25467	4400
327700	4400
133173	4400
13226	4300
328144	4300
33081	4200
18104	4200
50796	4200
50857	4100
52458	4100
22989	4096
35184	4096
27345	4096
196640	4096
56209	4096
27932	4096
263128	4096
262753	4096
12305	4096
58969	4096
26068	4096
28438	4096
263917	4096
44084	4096
41522	4096
135253	4096
198216	4096
29245	4096
58725	4096
135861	4096
37030	4096
30988	4096
57079	4096
28639	4096
132923	4096
136330	4096
25328	4096
267121	4096
136533	4096
136480	4096
133967	4096
133664	4096
263459	4096
137627	4096
262727	4060
37650	4040
58683	4000
19817	4000
10255	4000
12059	4000
28877	4000
31216	4000
16559	4000
13101	4000
19752	4000
3043	4000
25975	4000
5462	4000
20704	4000
8804	4000
4837	4000
10848	4000
31661	4000
5418	4000
26627	4000
14833	4000
24557	4000
19214	4000
25286	4000
40528	4000
16876	4000
32105	4000
40193	4000
46199	4000
15149	4000
24077	4000
27318	4000
30123	4000
25572	4000
24049	4000
27320	4000
27916	4000
33073	4000
28054	4000
30130	4000
30131	4000
40475	4000
8495	4000
15773	4000
4319	4000
36824	4000
13246	4000
42366	4000
40068	4000
38181	4000
26972	4000
9497	4000
5568	4000
29488	4000
8596	4000
43436	4000
11830	4000
24989	4000
15935	4000
34960	4000
29655	4000
34554	4000
14585	4000
31641	4000
40495	4000
6903	4000
12968	4000
38321	4000
4795	4000
3248	4000
8092	4000
6900	4000
18392	4000
42585	4000
56065	4000
8648	4000
5726	4000
49190	4000
25473	4000
24586	4000
41644	4000
8391	4000
48519	4000
12348	4000
22781	4000
44259	4000
13871	4000
44765	4000
39915	4000
25795	4000
393225	4000
10745	4000
393220	4000
394018	4000
31972	4000
17579	4000
48885	4000
42416	4000
23308	4000
14866	4000
15857	4000
39449	4000
42760	4000
7296	4000
7595	4000
9167	4000
46195	4000
49492	4000
31474	4000
24796	4000
13214	4000
48514	4000
19528	4000
21336	4000
42605	4000
46656	4000
31147	4000
1133	4000
29243	4000
9266	4000
48315	4000
4280	4000
49854	4000
43782	4000
43911	4000
47328	4000
20569	4000
5683	4000
26088	4000
28196	4000
21864	4000
49820	4000
24321	4000
49983	4000
44219	4000
50066	4000
42973	4000
38948	4000
48284	4000
12541	4000
17444	4000
50087	4000
38149	4000
9026	4000
30162	4000
38544	4000
8859	4000
9877	4000
30583	4000
52841	4000
1850	4000
26546	4000
51040	4000
6850	4000
35223	4000
5071	4000
8950	4000
12347	4000
23779	4000
53582	4000
22300	4000
40739	4000
20501	4000
48528	4000
37113	4000
50370	4000
9003	4000
50292	4000
51224	4000
50719	4000
53093	4000
20633	4000
36052	4000
15388	4000
29297	4000
30640	4000
25139	4000
38199	4000
46064	4000
196689	4000
46235	4000
19842	4000
51218	4000
15301	4000
196621	4000
41628	4000
50683	4000
55915	4000
44009	4000
16217	4000
8330	4000
2470	4000
46309	4000
13573	4000
20738	4000
16866	4000
28192	4000
2108	4000
46231	4000
33005	4000
6834	4000
52102	4000
21911	4000
7753	4000
49232	4000
197764	4000
13746	4000
31564	4000
26918	4000
56848	4000
29152	4000
9931	4000
57124	4000
53837	4000
3401	4000
30998	4000
53948	4000
45144	4000
54046	4000
27464	4000
12757	4000
57423	4000
38278	4000
27541	4000
51823	4000
18588	4000
28165	4000
39318	4000
50387	4000
198239	4000
29553	4000
39310	4000
39470	4000
42841	4000
57202	4000
20924	4000
41872	4000
27626	4000
12540	4000
46215	4000
4224	4000
53389	4000
48362	4000
52328	4000
41811	4000
46664	4000
132111	4000
14746	4000
12327	4000
24582	4000
5017	4000
54444	4000
57381	4000
33361	4000
6086	4000
51050	4000
57516	4000
198570	4000
15562	4000
34510	4000
198818	4000
59560	4000
16004	4000
40999	4000
45945	4000
34233	4000
12975	4000
36959	4000
50372	4000
41695	4000
33854	4000
57228	4000
28654	4000
198492	4000
34942	4000
40850	4000
262787	4000
3633	4000
48297	4000
19233	4000
50468	4000
61215	4000
197219	4000
55350	4000
51886	4000
50206	4000
198288	4000
10654	4000
9208	4000
10367	4000
132435	4000
34868	4000
21461	4000
18638	4000
132730	4000
132536	4000
29998	4000
198554	4000
197736	4000
27193	4000
49902	4000
49505	4000
36958	4000
16737	4000
38781	4000
132426	4000
9280	4000
56833	4000
21360	4000
262680	4000
262757	4000
53235	4000
28640	4000
60532	4000
12362	4000
262839	4000
29231	4000
14558	4000
52896	4000
61337	4000
50968	4000
20338	4000
32738	4000
49792	4000
197589	4000
37079	4000
59554	4000
26320	4000
262501	4000
132876	4000
3842	4000
60362	4000
3250	4000
52836	4000
203679	4000
52944	4000
3186	4000
15691	4000
10431	4000
52550	4000
62929	4000
62182	4000
22919	4000
393316	4000
16798	4000
62947	4000
199706	4000
12650	4000
262492	4000
26689	4000
51744	4000
14613	4000
11045	4000
29606	4000
15398	4000
199937	4000
46873	4000
24290	4000
4270	4000
200163	4000
53901	4000
263062	4000
14829	4000
45680	4000
62588	4000
28152	4000
57007	4000
52275	4000
58792	4000
53022	4000
132933	4000
393431	4000
46110	4000
262805	4000
20681	4000
393470	4000
131291	4000
52465	4000
45496	4000
20686	4000
263337	4000
200187	4000
21478	4000
201764	4000
52317	4000
61470	4000
262189	4000
52420	4000
52498	4000
52824	4000
17673	4000
29844	4000
29305	4000
45910	4000
58436	4000
10670	4000
29897	4000
39373	4000
52380	4000
63128	4000
12236	4000
24226	4000
61816	4000
35949	4000
201962	4000
201505	4000
47169	4000
32432	4000
11514	4000
45884	4000
27790	4000
62782	4000
33781	4000
22402	4000
50710	4000
13064	4000
263460	4000
4594	4000
28026	4000
11114	4000
132919	4000
28364	4000
9355	4000
32678	4000
30691	4000
40966	4000
52736	4000
3669	4000
196670	4000
54039	4000
133678	4000
50597	4000
393717	4000
36273	4000
45133	4000
61026	4000
32397	4000
59102	4000
2607	4000
201506	4000
262871	4000
133936	4000
200983	4000
199188	4000
59370	4000
47608	4000
57660	4000
30261	4000
37177	4000
37181	4000
22748	4000
51728	4000
263432	4000
9559	4000
132848	4000
131475	4000
48588	4000
132917	4000
20448	4000
63383	4000
21832	4000
12276	4000
201222	4000
36483	4000
52490	4000
60116	4000
52401	4000
26312	4000
39391	4000
34916	4000
53173	4000
63450	4000
11986	4000
34450	4000
10925	4000
393945	4000
32546	4000
18986	4000
29355	4000
26414	4000
63863	4000
19381	4000
30076	4000
30919	4000
134355	4000
394010	4000
11301	4000
53154	4000
198095	4000
28670	4000
264101	4000
9916	4000
25081	4000
200780	4000
6082	4000
133344	4000
53191	4000
46047	4000
28941	4000
52795	4000
39764	4000
262229	4000
32764	4000
11948	4000
48294	4000
12696	4000
44994	4000
64200	4000
200759	4000
394356	4000
132142	4000
49524	4000
264130	4000
52399	4000
263126	4000
200428	4000
201206	4000
327894	4000
16039	4000
198342	4000
16652	4000
3624	4000
57141	4000
18534	4000
37629	4000
7530	4000
53164	4000
52631	4000
42555	4000
15154	4000
17832	4000
7489	4000
262878	4000
198313	4000
201020	4000
202030	4000
30247	4000
62363	4000
131602	4000
25581	4000
47814	4000
11342	4000
28317	4000
49855	4000
263395	4000
48461	4000
37399	4000
33623	4000
18650	4000
39532	4000
262607	4000
262650	4000
263818	4000
41721	4000
63126	4000
265159	4000
34723	4000
262949	4000
135036	4000
23352	4000
21889	4000
52348	4000
12929	4000
394514	4000
264062	4000
52381	4000
50333	4000
198913	4000
262149	4000
57961	4000
60435	4000
52999	4000
203112	4000
28635	4000
63421	4000
37634	4000
196949	4000
202054	4000
27734	4000
27884	4000
131603	4000
53233	4000
21919	4000
262585	4000
51551	4000
52702	4000
135247	4000
43578	4000
264704	4000
55043	4000
264116	4000
8542	4000
262378	4000
204028	4000
20193	4000
56190	4000
203591	4000
30892	4000
20015	4000
47529	4000
2606	4000
135192	4000
28118	4000
3061	4000
262614	4000
327960	4000
30986	4000
42228	4000
26968	4000
17014	4000
199888	4000
198269	4000
31394	4000
202744	4000
327859	4000
33772	4000
200001	4000
201986	4000
23641	4000
197186	4000
3165	4000
32334	4000
131911	4000
64415	4000
27733	4000
202921	4000
199517	4000
199645	4000
49761	4000
32337	4000
52601	4000
196969	4000
200142	4000
12102	4000
31479	4000
263768	4000
327821	4000
207195	4000
199550	4000
198430	4000
201049	4000
199787	4000
20714	4000
26343	4000
198909	4000
9051	4000
50515	4000
204121	4000
202994	4000
52455	4000
8458	4000
201068	4000
264191	4000
11844	4000
207028	4000
133130	4000
62373	4000
131274	4000
200577	4000
9648	4000
197046	4000
201953	4000
263873	4000
393907	4000
135793	4000
61487	4000
198072	4000
202177	4000
26317	4000
52290	4000
62560	4000
264527	4000
59686	4000
14211	4000
199842	4000
132535	4000
35047	4000
206999	4000
395152	4000
199981	4000
265639	4000
264797	4000
199201	4000
14845	4000
7270	4000
262685	4000
133232	4000
196928	4000
15765	4000
207156	4000
199790	4000
40165	4000
264152	4000
42717	4000
56745	4000
18568	4000
50016	4000
264785	4000
61864	4000
199468	4000
38805	4000
29571	4000
31510	4000
51191	4000
24743	4000
265672	4000
37103	4000
263897	4000
262755	4000
266210	4000
136300	4000
52596	4000
37623	4000
262167	4000
46401	4000
38595	4000
328125	4000
327900	4000
52716	4000
136417	4000
56441	4000
263235	4000
28103	4000
206720	4000
59670	4000
266610	4000
262786	4000
262452	4000
134366	4000
136552	4000
10778	4000
28160	4000
36730	4000
37055	4000
265041	4000
134319	4000
264282	4000
7663	4000
32806	4000
265983	4000
52327	4000
52372	4000
30900	4000
265771	4000
206108	4000
263968	4000
10217	4000
27935	4000
133007	4000
263120	4000
267507	4000
264230	4000
265995	4000
52236	4000
37027	4000
131483	4000
263384	4000
264471	4000
52349	4000
263228	4000
52413	4000
263190	4000
16350	4000
24806	4000
5385	4000
27259	4000
265760	4000
265729	4000
57508	4000
265030	4000
40861	4000
265952	4000
205191	4000
201950	4000
328232	4000
136323	4000
25563	4000
61527	4000
43009	4000
135639	4000
132097	4000
51484	4000
18021	4000
200799	4000
19147	4000
7628	4000
197518	4000
20218	4000
395612	4000
395627	4000
25590	4000
47989	4000
205260	4000
132722	4000
265871	4000
15757	4000
200960	4000
42325	4000
263248	4000
136764	4000
266044	4000
263713	4000
263963	4000
37616	4000
28139	4000
263572	4000
267102	4000
5397	4000
137042	4000
327941	4000
131446	4000
43154	4000
137144	4000
266657	4000
131248	4000
31914	4000
203146	4000
63998	4000
60752	4000
59572	4000
134736	4000
52169	4000
134305	4000
135801	4000
198330	4000
60314	4000
265016	4000
24620	4000
60082	4000
267294	4000
266926	4000
16827	4000
204086	4000
204558	4000
203255	4000
205389	4000
198279	4000
132836	4000
64477	4000
204346	4000
202488	4000
21388	4000
46506	4000
61242	4000
59986	4000
48487	4000
134264	4000
132974	4000
136713	4000
328275	4000
205535	4000
268222	4000
264518	4000
45954	4000
263698	4000
28050	4000
28748	4000
265209	4000
197529	4000
136287	4000
206048	4000
18875	4000
3268	4000
328339	4000
37916	4000
396914	4000
202086	4000
133915	4000
328346	4000
23676	4000
266840	4000
328167	4000
206483	4000
23038	4000
37281	4000
200736	4000
132046	4000
202519	4000
136668	4000
25557	4000
61929	4000
63069	4000
263732	4000
63945	4000
396951	4000
394650	4000
396960	4000
61633	4000
266835	4000
134152	4000
137236	4000
328152	4000
31277	4000
37999	4000
58750	4000
132160	4000
56140	4000
209874	4000
394366	4000
58239	4000
25946	4000
48027	4000
57136	4000
266640	4000
136670	4000
138195	4000
209678	4000
210144	4000
18647	4000
17716	4000
396472	4000
136749	4000
30730	4000
19523	4000
37130	4000
267746	4000
13837	4000
15414	4000
52503	4000
137824	4000
132641	4000
54037	4000
39671	4000
61221	4000
138847	4000
134178	4000
31611	4000
209287	4000
208188	4000
207622	4000
397715	4000
265056	4000
266140	4000
61802	4000
268144	4000
22798	4000
131749	4000
17538	4000
59139	4000
137363	4000
24527	4000
138838	4000
58474	4000
133352	4000
58485	4000
38148	4000
38783	4000
45701	4000
135464	4000
138131	4000
59613	4000
30272	4000
135763	4000
207618	4000
133808	4000
209752	4000
139075	4000
52436	4000
59766	4000
268710	4000
6881	4000
42353	4000
16685	4000
51580	4000
266092	3900
53096	3700
199121	3600
27877	3600
267649	3600
133718	3548
263401	3500
267326	3500
2515	3400
20984	3300
9872	3300
25471	3300
266300	3300
138686	3300
208970	3300
61749	3200
44977	3200
38456	3100
265865	3100
7496	3100
139641	3090
135180	3072
131215	3072
135850	3072
135792	3072
137608	3072
135202	3072
131442	3072
136338	3048
53106	3048
202384	3010
23713	3000
42755	3000
34419	3000
21013	3000
49432	3000
28855	3000
55799	3000
33522	3000
21315	3000
31251	3000
52640	3000
29438	3000
198738	3000
41201	3000
57118	3000
201353	3000
200753	3000
133487	3000
19807	3000
20677	3000
52938	3000
52532	3000
63320	3000
135028	3000
43503	3000
37704	3000
18918	3000
43126	3000
37429	3000
38742	3000
206506	3000
200608	3000
395378	3000
12732	3000
263084	3000
45170	3000
26038	3000
328119	3000
267282	3000
262818	3000
266803	3000
263606	3000
328287	3000
210234	3000
48825	3000
38004	3000
39855	3000
24076	3000
136908	3000
14224	3000
203649	3000
37695	3000
197686	3000
201553	3000
39126	3000
63981	3000
15739	3000
35711	3000
52786	3000
209408	3000
36394	3000
60930	3000
200147	3000
23938	3000
267859	3000
266715	3000
37777	3000
34235	3000
12976	3000
37428	3000
209673	3000
207146	3000
50377	3000
43065	3000
46939	3000
328476	3000
137178	3000
268809	3000
135383	3000
328223	3000
132445	3000
199976	3000
327906	3000
262231	3000
38150	3000
135234	3000
138276	3000
39905	3000
53018	3000
7578	3000
327733	3000
133593	3000
202829	3000
134946	3000
28056	2800
200077	2800
136990	2800
265238	2800
21056	2600
34458	2600
52884	2500
23708	2400
33554	2400
13878	2400
52419	2400
52952	2400
264752	2400
55680	2320
48626	2300
265715	2200
207401	2200
48126	2200
37638	2200
137069	2100
200303	2100
22355	2100
38457	2048
264290	2048
134883	2048
132562	2048
134035	2048
135854	2048
58438	2048
263374	2048
134278	2048
262756	2048
267540	2048
7532	2048
42235	2048
136230	2048
27754	2048
205086	2048
138115	2048
27659	2048
58898	2048
134605	2048
27967	2048
58405	2048
264238	2048
135184	2024
38712	2024
132540	2024
39469	2000
12414	2000
33074	2000
30122	2000
27848	2000
30133	2000
27319	2000
27322	2000
6102	2000
26790	2000
12759	2000
24469	2000
43407	2000
1798	2000
50234	2000
19875	2000
10929	2000
34362	2000
14651	2000
25689	2000
41357	2000
55555	2000
19468	2000
8916	2000
131310	2000
134391	2000
134399	2000
134395	2000
134396	2000
18210	2000
58620	2000
134390	2000
34407	2000
48291	2000
28801	2000
50809	2000
28187	2000
22431	2000
262561	2000
56260	2000
262695	2000
56233	2000
13926	2000
52789	2000
31222	2000
34274	2000
135754	2000
37674	2000
61902	2000
393626	2000
49695	2000
40809	2000
199863	2000
132515	2000
45294	2000
26156	2000
52722	2000
393280	2000
52669	2000
50607	2000
203640	2000
60501	2000
52769	2000
17445	2000
262957	2000
11910	2000
37455	2000
28307	2000
132220	2000
264311	2000
52813	2000
57254	2000
202627	2000
134832	2000
198374	2000
132988	2000
262338	2000
262466	2000
265644	2000
48276	2000
264708	2000
134663	2000
35489	2000
265027	2000
28189	2000
264022	2000
264795	2000
136358	2000
201494	2000
133638	2000
133615	2000
267573	2000
23667	2000
205381	2000
205344	2000
131609	2000
328110	2000
204981	2000
45587	2000
47884	2000
205819	2000
262711	2000
133354	2000
267219	2000
202313	2000
266494	2000
62445	2000
135597	2000
263645	2000
266149	2000
327743	2000
131314	2000
52326	2000
24691	2000
268490	2000
135841	2000
200590	2000
6233	2000
205844	2000
135055	2000
209263	2000
33582	2000
33569	2000
43338	2000
398202	2000
202347	2000
139329	2000
134522	2000
43928	2000
29097	2000
206945	2000
200191	2000
31673	2000
205168	2000
133089	2000
268525	2000
267386	2000
266598	2000
268523	2000
266545	2000
270383	2000
265297	2000
52477	2000
135480	2000
24207	2000
138130	2000
137378	2000
24212	2000
138887	2000
38776	2000
63882	2000
134863	2000
196922	2000
139605	2000
50311	2000
63874	2000
137316	2000
139446	2000
56239	2000
139972	2000
208817	2000
139909	2000
31960	2000
36865	2000
201714	2000
138627	2000
328543	2000
139956	2000
135323	2000
135415	2000
131636	2000
55789	2000
137159	2000
28602	2000
26709	2000
263720	2000
135964	2000
396841	2000
52356	2000
263762	2000
7727	2000
138876	2000
135719	2000
37708	2000
6505	2000
135218	2000
138745	2000
139528	2000
269258	2000
60304	2000
30286	2000
43518	2000
209152	2000
6373	2000
47442	2000
139833	2000
209109	2000
41666	2000
34927	2000
207549	2000
138365	2000
207317	2000
208097	2000
327720	2000
23679	2000
38143	2000
49781	2000
138143	2000
139431	2000
45296	2000
131773	2000
58401	2000
139978	2000
138119	2000
138079	2000
136088	2000
137358	2000
14295	2000
18520	2000
132448	2000
38771	2000
34225	2000
29636	2000
20766	2000
33078	2000
44134	2000
33597	2000
38915	2000
30803	2000
51313	2000
28846	2000
41497	2000
56511	2000
202032	2000
30933	2000
134078	2000
327909	2000
37266	2000
262644	2000
18931	2000
264580	2000
52547	2000
202053	2000
39233	2000
24446	2000
264992	2000
268619	2000
268060	1950
263755	1800
5560	1600
2854	1600
198290	1600
263978	1600
266365	1600
266280	1600
53192	1510
265409	1500
266260	1500
24594	1400
56791	1400
24206	1400
12577	1300
37223	1300
51159	1300
198721	1300
13917	1200
47138	1200
35053	1200
16210	1200
29140	1200
1880	1200
53114	1200
53166	1200
61319	1200
52681	1200
264555	1200
61785	1200
263356	1200
197890	1200
264754	1200
47522	1200
204994	1200
139249	1124
48252	1100
131668	1100
24005	1100
267427	1024
393807	1024
132559	1024
134922	1024
53127	1024
135226	1024
6083	1000
51446	1000
28589	1000
49653	1000
37098	1000
24232	1000
49933	1000
51786	1000
262527	1000
62100	1000
42183	1000
131247	1000
262307	1000
135000	1000
137937	1000
25516	1000
27024	1000
23923	1000
201695	1000
131644	1000
21659	1000
134933	1000
57166	1000
267654	1000
138988	1000
262416	1000
207654	1000
207491	1000
6735	1000
60391	1000
52545	1000
52998	1000
58145	1000
7562	1000
266571	1000
268280	1000
30362	1000
267732	1000
37622	1000
39070	1000
36827	1000
267830	1000
269040	1000
267062	1000
21058	1000
267833	1000
16921	1000
328518	1000
53057	1000
269432	1000
49752	1000
51001	1000
63027	1000
133809	1000
207770	1000
136244	1000
207439	1000
45424	1000
131091	1000
139021	1000
22425	1000
269091	1000
206215	1000
205920	1000
269875	1000
139449	1000
213377	1000
268268	1000
36198	1000
23855	1000
139628	1000
213342	1000
41051	1000
134917	1000
62321	1000
135225	1000
58500	1000
35568	1000
138663	1000
36936	1000
268821	1000
34019	1000
8201	1000
23342	1000
3130	1000
24541	1000
27781	1000
39145	1000
12826	1000
29449	1000
41495	1000
8820	1000
47617	1000
18221	1000
46609	1000
41471	1000
35260	1000
36687	1000
14333	1000
45500	1000
39583	1000
26253	1000
55761	1000
47297	1000
38757	1000
11624	1000
55658	1000
132646	1000
199516	1000
17561	1000
263536	1000
28328	1000
52344	1000
15672	1000
197922	1000
19116	1000
37363	1000
132268	1000
204005	1000
263555	1000
61913	1000
327850	1000
22549	1000
264262	1000
134877	1000
131459	1000
38515	1000
134259	1000
266344	1000
328033	1000
59432	1000
263043	1000
54721	1000
327814	1000
48105	1000
263143	1000
262887	1000
133651	1000
57695	1000
52923	1000
394102	1000
265959	1000
59368	1000
135848	1000
42774	1000
60975	1000
136370	1000
136255	1000
136708	1000
57782	1000
35135	1000
327817	1000
58731	1000
328441	1000
4618	1000
138910	1000
58475	900
209530	900
209291	900
29876	800
36184	800
23710	800
24048	800
21476	800
12381	800
29259	800
18227	800
55865	800
40034	800
39931	800
197551	800
63829	800
35551	800
51349	800
48310	800
47628	800
17400	800
263290	800
42310	800
263893	800
61203	800
133501	800
264608	800
60718	800
24880	800
45956	800
39010	800
266896	800
52387	800
53209	800
35579	700
263548	700
206782	700
6066	620
45220	600
24129	600
17895	600
9189	600
54210	600
28262	600
18052	500
266687	500
267126	500
138632	500
53046	500
53185	500
54728	500
266355	500
9341	450
13049	440
55420	440
30889	400
23310	400
34746	400
33472	400
15436	400
25752	400
30141	400
41037	400
20507	400
41399	400
1982	400
8481	400
25504	400
29430	400
14970	400
34764	400
13105	400
34144	400
21840	400
44212	400
28929	400
23677	400
20081	400
9290	400
15716	400
31555	400
20483	400
31653	400
33211	400
42937	400
45425	400
24238	400
49867	400
3661	400
4641	400
16347	400
14166	400
6853	400
47302	400
17501	400
196967	400
28182	400
36275	400
46373	400
197439	400
2597	400
196763	400
32586	400
26106	400
12431	400
45444	400
48913	400
13591	400
10015	400
57821	400
18149	400
38190	400
35399	400
61044	400
24006	400
47762	400
31319	400
18612	400
36315	400
173	400
27983	400
133444	400
12822	400
11008	400
59752	400
17747	400
199547	400
8310	400
132645	400
8922	400
56109	400
24347	400
59919	400
17970	400
47748	400
263928	400
37120	400
56204	400
50623	400
133072	400
328107	400
25491	400
48847	400
11947	400
35001	400
49640	400
24892	400
24634	400
266475	400
21201	400
203040	400
393629	400
205610	400
262266	400
131996	400
38217	400
57089	400
37190	400
62230	400
267673	400
202806	400
204909	400
204662	400
17689	400
264650	400
34527	400
12556	400
265890	400
268539	400
5377	400
204188	400
205927	400
28215	400
37472	400
42587	400
266133	400
11271	300
35090	300
39615	300
38887	300
31680	300
25433	300
6734	300
42492	300
12854	300
52186	300
52920	300
52051	300
204185	300
267801	300
27806	300
32398	300
62166	250
264756	240
4558	212
5764	200
10678	200
29006	200
29471	200
36388	200
9327	200
39180	200
19089	200
48344	200
34578	200
24632	200
45054	200
262716	200
197038	200
52828	200
28303	200
133318	200
46045	200
265702	200
44207	200
264382	200
137936	200
137935	200
59340	200
328522	200
13287	200
201146	200
61903	200
18719	200
48821	200
268713	200
37286	200
36369	200
207454	200
140219	200
51778	200
328585	200
207394	200
209645	200
208063	200
47902	200
263486	200
327822	200
264602	200
203968	200
28211	200
265356	200
37192	180
31055	160
267083	140
132531	120
29590	100
44024	100
204438	100
140244	100
213386	100
10557	100
135206	100
27744	100
202301	100
213253	100
55784	100
3303	100
24776	100
39196	100
24381	100
35821	100
9892	100
8338	100
30528	100
5111	100
56662	100
132022	100
58578	100
53216	100
132882	100
21158	100
327775	100
132376	100
133309	100
134232	100
209833	100
2499	80
327981	80
213330	50
15434	40
50088	40
13357	40
393853	40
30447	40
203615	40
37224	40
16503	30
61417	30
39271	30
15469	20
37044	20
36997	20
43660	20
269163	20
132003	16
37209	14
269104	10
21693	10
55822	8
54049	8
37062	4
37133	4
9115	4
52423	4
263855	3
137653	2
270320	1
13594	1
13273	1
6762	0
32787	0
2519	0
31133	0
26193	0
8015	0
17222	0
60497	0
21339	0
8470	0
51324	0
21083	0
327692	0
4755	0
6895	0
327976	0
56196	0
15932	0
57724	0
200125	0
41841	0
56575	0
198529	0
44124	0
196883	0
37424	0
6300	0
198035	0
197318	0
38942	0
42935	0
20530	0
198187	0
48694	0
43171	0
50095	0
200602	0
35199	0
200750	0
197181	0
3169	0
199510	0
44784	0
197345	0
22541	0
200089	0
52031	0
55714	0
43495	0
198007	0
48629	0
41833	0
62328	0
197697	0
199774	0
203937	0
203742	0
35787	0
206910	0
51863	0
197809	0
41379	0
42374	0
197099	0
42852	0
60755	0
29070	0
61154	0
202936	0
197295	0
198709	0
198424	0
198906	0
199265	0
197572	0
203505	0
203306	0
59611	0
198214	0
206489	0
10355	0
263097	0
57890	0
203765	0
199005	0
51101	0
62201	0
197375	0
199381	0
60219	0
196979	0
395478	0
56983	0
57665	0
3352	0
198766	0
201531	0
197437	0
201001	0
51960	0
199341	0
51068	0
265692	0
262690	0
206762	0
37087	0
52414	0
3582	0
59776	0
201332	0
264857	0
57945	0
197766	0
203157	0
33494	0
135895	0
49633	0
264853	0
10803	0
133859	0
206736	0
205073	0
21030	0
52664	0
62184	0
3249	0
206406	0
263699	0
264013	0
199473	0
132556	0
36707	0
205384	0
57332	0
198493	0
56324	0
57701	0
202626	0
57101	0
203582	0
136857	0
197837	0
136336	0
41044	0
50916	0
198081	0
37345	0
19091	0
28468	0
41297	0
37698	0
203667	0
138222	0
31230	0
327753	0
60265	0
209854	0
24064	0
202434	0
328111	0
268801	0
396300	0
47237	0
206460	0
137597	0
136994	0
328401	0
52473	0
27017	0
10361	0
131954	0
49941	0
12833	0
60119	0
52544	0
199138	0
58158	0
32082	0
37550	0
27993	0
395326	0
209451	0
207306	0
43824	0
134331	0
207834	0
269826	0
328055	0
51185	0
265777	0
205897	0
207071	0
18997	0
56523	0
59598	0
204479	0
24257	0
38207	0
206479	0
135031	0
2486	0
33333	0
47950	0
17048	0
210283	0
