32934	169460000
714	151740000
16509	147240000
8075	99100000
13335	90130000
54113	65190000
20940	64094000
22822	48350000
16276	41710000
6939	31328000
46489	30460000
17676	28610000
6805	22520000
33891	20910000
7342	18700000
3209	17330000
31334	17160000
39386	15028000
2516	13981000
6461	12643000
25506	12310000
9498	11700000
64049	11650000
3356	11570000
2497	11410000
328058	11000000
19679	10140000
4230	10080000
8447	9900000
2119	9580000
29990	9360000
28604	9320000
15169	8820000
9002	8611000
20115	8480000
12389	8010000
6667	7983000
1136	7800000
5650	7630000
2856	7550000
63293	7450000
8966	7448000
49544	7325000
3216	7289000
4181	7261000
2635	7170000
2518	7010000
12552	6850000
4637	6798000
2914	6740000
8473	6710000
226	6710000
38022	6600000
1267	6541100
55391	6330000
5607	6270000
41095	6233000
6830	6210010
17511	6090000
6730	5954000
15133	5840000
9009	5790000
5400	5560000
5578	5540000
265950	5409000
21320	5253000
12989	5110000
8359	5076000
12874	4950000
20485	4880000
36408	4754000
2514	4650000
5410	4620000
6774	4586000
2527	4580000
25933	4510000
5089	4410000
34756	4400000
328045	4400000
6327	4381000
57344	4360000
2686	4301000
13285	4260000
16086	4220000
36459	4220000
29314	4180000
680	4145000
61832	4141040
12189	4132000
2907	4103000
38634	4100000
2603	4070000
2818	4030000
56478	4030000
15435	4000000
4760	3960000
58453	3900000
6079	3830000
1547	3762000
52320	3760000
15557	3750000
1103	3706000
47541	3660000
7843	3640000
45899	3520000
15412	3507000
12713	3500000
22356	3463000
15305	3330000
13030	3320000
11164	3310000
38082	3302000
1273	3300000
18734	3300000
16591	3300000
23620	3300000
61955	3230000
5645	3200000
32098	3141000
52580	3138000
28663	3137000
132164	3096000
12322	3080000
35228	3080000
4556	3080000
15704	3040000
37447	3003000
6507	2980000
46786	2920000
6509	2883000
9304	2878000
13768	2763000
11260	2740000
12430	2660000
23393	2651000
3292	2640000
11404	2640000
2510	2600000
24203	2590000
37100	2561000
202276	2550000
3265	2530000
36692	2516200
20880	2500000
24785	2500000
39651	2450000
327693	2436000
25192	2432000
12083	2430000
786	2420000
30722	2420000
9534	2410000
62041	2400000
1257	2390400
9824	2390000
9121	2380000
5588	2350000
16637	2340000
14413	2333000
29535	2330000
2711	2310000
668	2310000
40356	2280000
23520	2270000
8717	2260000
19151	2240000
42708	2240000
7575	2222000
27381	2210000
812	2200000
5432	2200000
6661	2200000
262206	2200000
15962	2200000
11888	2200000
38091	2180000
23563	2080000
9318	2064000
3630	2040000
55818	2012100
137872	2000000
270346	2000000
139023	2000000
4739	1990000
20504	1980000
15802	1980000
7195	1930000
23576	1870000
4800	1853000
3255	1840000
34224	1837500
12714	1828500
12479	1820000
28368	1791000
9269	1782000
43531	1781000
50384	1780000
42525	1771000
35320	1760000
34984	1750000
47377	1720000
18403	1700000
37271	1692000
8426	1691000
5713	1690210
37662	1660000
9680	1660000
8529	1645000
26615	1640000
47764	1620000
15542	1600000
11232	1600000
13760	1600000
6057	1590000
5413	1572000
5378	1570000
7738	1551000
59605	1551000
264144	1540000
23184	1530000
30517	1520000
1741	1490000
132203	1470000
2851	1440000
109	1438000
12200	1430000
13037	1430000
7029	1430000
40788	1430000
12849	1410000
23881	1410000
34867	1410000
31500	1402000
3327	1382000
4766	1380000
52941	1370000
22646	1370000
9505	1361000
13489	1360000
3741	1353900
4134	1350000
38895	1350000
9050	1340000
197595	1340000
702	1326100
3491	1325000
2828	1320000
31027	1320000
4648	1320000
58073	1320000
393565	1320000
396253	1314000
46450	1310000
30600	1300000
2116	1281000
38880	1276000
36089	1260000
6128	1260000
18081	1250000
8657	1240000
6768	1240000
31655	1230000
53180	1230000
7155	1220000
200981	1220000
4713	1210000
293	1210000
11269	1210000
62887	1200000
17072	1200000
23473	1180000
28580	1180000
4761	1170000
7545	1152000
2852	1140000
6614	1140000
47605	1131000
10474	1122000
14630	1122000
40428	1120000
50304	1120000
53013	1120000
43727	1100000
3601	1100000
33362	1100000
58682	1100000
61449	1100000
49378	1100000
137922	1090000
48237	1087500
4685	1080000
17451	1067000
28146	1060000
196925	1060000
197790	1060000
25180	1052000
13445	1045000
15600	1040000
55900	1040000
15224	1024000
30094	1023000
13170	1011000
16904	1010000
28126	1010000
14868	1009250
28343	1004000
2906	1000000
9930	1000000
24748	1000000
267056	1000000
132825	1000000
30844	998000
27471	994000
9723	990000
10143	990000
39608	990000
28260	990000
2559	990000
205216	990000
64050	980000
18705	970000
44050	970000
62955	970000
14282	962000
6697	960000
24115	944000
29119	940000
34218	940000
17639	938000
200455	930000
8455	925000
10026	922630
11686	920000
7795	920000
31939	920000
52871	920000
38883	915000
2611	910000
4773	910000
25358	909000
262503	906000
30781	904000
7552	900000
54133	900000
20943	900000
6465	900000
202425	900000
47582	900000
35753	895000
17559	891000
53766	891000
35407	890000
6866	890000
263903	890000
22689	888800
26415	886000
28158	881000
39202	880000
33915	880000
10030	880000
766	880000
62	880000
54183	880000
54312	880000
52925	880000
27715	880000
63221	880000
201641	880000
59027	880000
9231	873000
28338	870000
9116	870000
262740	870000
52840	860000
36062	860000
12353	850000
8781	848000
262355	841000
2110	840000
21976	840000
21245	840000
9354	835000
18106	830000
4651	830000
33132	820000
45158	811000
9595	810000
19009	810000
6908	804000
7473	800000
263297	800000
59930	800000
28598	800000
6412	791000
262287	790020
1680	790000
2860	790000
53162	782000
263327	781000
18121	780000
5009	780000
26801	780000
27475	780000
200020	773000
23148	771000
39326	771000
852	770000
29550	770000
577	770000
13124	770000
25512	770000
38790	770000
8095	770000
61400	770000
5603	760000
5483	760000
15830	753000
4258	750000
43332	750000
24940	740000
3786	740000
26162	736000
703	734000
43205	730000
58507	727000
8632	726000
24033	720000
39832	720000
12392	720000
37153	720000
28716	711000
45780	711000
25885	710000
62904	710000
12956	703000
2687	700000
263073	700000
262848	700000
7679	700000
30990	700000
265937	700000
209222	700000
7418	700000
9500	690000
23404	690000
12731	687500
136106	686000
9924	674000
21385	673200
4788	672300
23889	671000
5769	670000
44053	662300
2152	661100
21502	660000
9070	660000
29695	660000
6407	660000
43646	660000
21321	660000
32184	660000
38819	660000
45204	660000
6848	660000
49685	660000
7415	660000
6471	660000
30081	660000
39912	650000
38858	650000
17709	650000
36924	643000
37168	641000
262659	641000
33438	640000
21574	639000
38622	630000
12871	630000
262729	630000
41798	630000
35432	622000
262773	617000
48919	616000
6181	610000
132132	610000
206819	610000
8462	605000
9031	603000
559	600000
5511	600000
49477	600000
62044	600000
137	597000
9342	592000
9365	590000
262428	590000
46	590000
51500	590000
35213	588000
43561	585000
36236	585000
7992	580000
53158	580000
22616	580000
13189	571000
13193	561000
26803	561000
28171	560000
263665	560000
719	560000
41998	560000
31272	553600
264668	552000
25899	550000
13249	550000
7632	550000
36040	550000
34700	550000
49158	550000
42830	550000
197482	550000
19324	550000
35362	550000
327987	550000
50473	550000
62668	550000
262778	543000
138132	542000
11758	540000
17941	540000
23693	540000
28624	530000
58601	530000
13576	530000
6922	530000
266989	530000
9729	529000
262807	526500
7862	511000
133612	510000
39642	510000
8452	510000
37282	501000
19108	500000
12129	500000
263080	500000
52005	498000
14026	495000
15419	494000
262468	490000
63242	490000
267469	490000
58530	484000
27988	482000
4635	481000
53184	480480
10310	480000
7670	480000
30419	480000
9667	480000
7049	480000
202023	480000
45558	480000
43668	480000
136743	480000
17885	480000
26554	476000
14969	476000
11814	471000
51069	470000
48166	468000
20144	464000
24130	462000
12678	462000
53065	461000
21371	460000
51852	460000
131917	460000
137831	460000
22724	458000
12041	455000
3267	452100
28202	452000
19165	451000
6067	451000
9299	451000
15958	451000
45638	451000
27524	450000
34244	450000
10036	450000
34305	450000
36937	449000
9650	448000
1828	446000
132296	445000
52551	444000
14492	441000
52579	441000
8365	440000
29422	440000
11096	440000
17819	440000
25577	440000
39102	440000
36351	440000
39704	440000
25668	440000
4787	440000
20845	440000
60339	440000
31242	440000
8535	440000
35717	440000
15517	440000
1424	440000
13147	440000
8866	440000
41678	440000
28666	440000
28267	440000
8448	440000
19996	440000
18260	440000
18182	440000
41164	440000
35193	440000
58209	440000
47242	440000
25255	440000
48634	440000
54998	440000
22147	440000
8445	440000
5403	440000
10118	440000
17054	440000
197451	440000
56038	440000
3261	440000
17012	440000
132680	440000
48620	440000
50204	440000
44735	440000
28576	440000
327991	440000
13807	440000
44416	440000
27919	440000
40526	440000
3754	440000
28554	440000
30838	440000
30818	440000
58941	440000
64220	440000
6307	440000
135262	440000
24703	440000
266167	440000
11979	440000
55182	440000
27925	440000
54827	440000
58580	435000
9044	434000
4657	434000
6447	432700
9902	431000
38466	430000
53037	430000
61102	430000
28331	430000
264215	430000
266931	430000
47481	427000
17924	420000
27747	420000
50643	420000
21413	420000
38333	420000
262476	420000
12709	420000
3320	417000
16302	414500
27589	414000
7600	412000
10098	411100
32286	411000
26496	410000
5391	410000
10158	410000
58243	410000
53240	410000
26446	410000
11666	407000
24751	407000
37417	406000
44843	406000
136557	405000
8308	404000
28330	403000
35745	403000
41018	401000
44684	400000
26120	400000
56444	400000
41206	400000
20347	400000
50129	400000
49374	400000
101	400000
44066	400000
14340	398600
28649	398000
34610	396000
197888	396000
3300	393000
8674	393000
8968	391000
1241	390000
18278	390000
28229	390000
262731	390000
49824	390000
43729	390000
15598	390000
52696	385000
262760	382000
38987	382000
17922	381000
262865	381000
23498	380000
30041	380000
56396	380000
15085	380000
28191	380000
17583	380000
24324	374000
16570	374000
37693	370000
263421	368000
17665	365000
136784	365000
13000	364000
12859	363000
33011	363000
38107	360000
21232	360000
40029	360000
59384	360000
60169	360000
16110	360000
25019	360000
47872	360000
1239	358000
7475	353100
8487	352300
12310	352000
7311	352000
56258	352000
35761	352000
7782	350000
262664	350000
12847	350000
10003	348000
14361	346000
20121	346000
45352	344300
9264	344000
22691	343000
10029	342000
41552	341500
3701	341000
8399	341000
3262	341000
17547	341000
31463	341000
30539	341000
37678	341000
199319	341000
24916	340000
29009	340000
20773	340000
6677	340000
59900	340000
16700	340000
28665	340000
24277	340000
21488	340000
133403	340000
394497	340000
41194	340000
56931	340000
39251	340000
202409	340000
267484	340000
61323	340000
134697	338700
9749	335000
18283	334000
12654	331100
10835	331100
11142	331000
701	330000
2381	330000
237	330000
6695	330000
2529	330000
12306	330000
40511	330000
36944	330000
6473	330000
39605	330000
11403	330000
26163	330000
9008	330000
48918	330000
1406	330000
8530	330000
33083	330000
25148	330000
17534	330000
18268	330000
34056	330000
39545	330000
36012	330000
1422	330000
26677	330000
36280	330000
10302	330000
45031	330000
42000	330000
2614	330000
55569	330000
23786	330000
47708	330000
47264	330000
36222	330000
38651	330000
262403	330000
13825	330000
61374	330000
52752	330000
51409	330000
9993	330000
3128	330000
10578	330000
63270	330000
3252	330000
63516	330000
262485	330000
9834	330000
53078	330000
9029	330000
16851	330000
36734	330000
30028	330000
42981	330000
41508	330000
18747	330000
48956	330000
35434	330000
196729	330000
265399	330000
202103	330000
61157	330000
202196	330000
29107	330000
18255	330000
8819	330000
131937	330000
39507	330000
205139	330000
23930	327000
57866	327000
64315	327000
28125	326000
38327	324000
3257	323000
7713	321000
9957	321000
21777	321000
199503	321000
35805	320000
9997	320000
1659	320000
63290	320000
53152	320000
11550	320000
36873	320000
43656	320000
34120	320000
45269	320000
8540	320000
7385	320000
9605	320000
15377	320000
37697	320000
20459	316000
47422	313000
41420	310000
47195	310000
23089	310000
9457	310000
27955	308000
15763	306500
262505	306000
49290	302500
58057	302000
1836	301000
3302	301000
9246	301000
21409	300000
12693	300000
16735	300000
13370	300000
59536	300000
35575	300000
39444	300000
7162	300000
327901	300000
22697	300000
45011	300000
21808	300000
263616	300000
376	300000
47147	300000
28201	299000
132215	299000
13896	299000
262847	298000
4780	294000
37613	294000
19318	290000
18450	290000
17882	290000
52751	290000
131912	290000
13786	290000
10010	290000
13009	286000
3225	286000
38758	285000
39899	280120
37105	280000
18200	280000
54329	280000
7671	280000
30950	280000
56329	280000
19189	280000
37892	280000
262343	280000
34058	280000
26133	280000
39551	280000
131934	280000
136907	280000
56309	280000
202004	278000
28166	272000
55329	272000
224	272000
133930	272000
13122	271000
37358	271000
4818	270000
23783	270000
23114	270000
16243	270000
10002	270000
23778	270000
55785	270000
28370	270000
52908	270000
134139	270000
23704	270000
59460	270000
396356	270000
61189	270000
35640	270000
42456	269900
52937	268500
133120	267500
132770	267000
197727	265000
266448	265000
22363	264000
42	262100
9297	261000
19889	261000
60474	261000
10021	260000
8544	260000
44788	260000
5541	260000
12387	260000
6679	260000
40220	260000
262444	260000
28145	260000
38861	260000
52468	260000
199408	260000
50050	260000
59699	259600
262532	259072
56308	258000
38322	254000
12350	253000
37150	253000
26613	253000
41096	252000
6663	251000
20910	251000
31727	250000
34803	250000
22742	250000
24709	250000
263055	250000
4557	250000
21367	250000
32233	250000
41275	250000
32217	249000
37254	245000
4770	243000
34245	242000
24852	242000
327698	242000
204053	242000
204222	242000
51060	242000
44646	242000
1280	241000
18150	240000
50821	240000
56030	240000
11835	240000
10094	240000
23314	240000
10019	240000
262732	240000
51706	240000
53147	240000
206548	240000
1759	240000
37468	240000
6799	240000
37611	240000
15399	239000
28258	237000
62040	236544
55720	236000
23105	235000
53115	234000
25818	233000
264493	233000
327984	232000
50083	232000
10490	231000
7752	231000
16586	231000
27008	231000
8343	231000
4844	231000
16371	231000
13243	231000
4628	231000
22772	231000
25460	231000
57353	231000
50272	231000
262516	231000
56828	231000
28978	231000
51018	231000
262441	231000
49102	231000
199723	231000
200889	231000
60191	231000
50629	230000
17506	230000
28349	230000
52689	230000
37515	230000
42504	230000
21559	230000
263880	230000
32505	230000
199250	230000
40317	230000
35709	230000
137280	230000
197113	229000
37028	226600
58307	226000
11377	225280
200539	224000
7610	223330
45437	223000
262854	223000
39184	222000
9245	221100
27924	221000
23678	221000
132255	221000
9435	221000
34577	220500
8607	220000
15422	220000
25441	220000
25309	220000
35028	220000
16150	220000
3605	220000
8897	220000
27552	220000
6315	220000
15366	220000
16713	220000
30914	220000
25761	220000
12312	220000
31477	220000
16082	220000
5467	220000
20161	220000
8732	220000
2544	220000
2044	220000
21221	220000
12969	220000
855	220000
34594	220000
8608	220000
13868	220000
35819	220000
36416	220000
8057	220000
48971	220000
8903	220000
17514	220000
1930	220000
32869	220000
8896	220000
11030	220000
50295	220000
34555	220000
18678	220000
15474	220000
9186	220000
49788	220000
17955	220000
59835	220000
34456	220000
394739	220000
7642	220000
8821	220000
55480	220000
47155	220000
10297	220000
15440	220000
21099	220000
62047	220000
5619	220000
35017	220000
50606	220000
10973	220000
13730	220000
1251	220000
23316	220000
19169	220000
14265	220000
51243	220000
18129	220000
43833	220000
46043	220000
393223	220000
3333	220000
18978	220000
60955	220000
12996	220000
20836	220000
22799	220000
28224	220000
28667	220000
11815	220000
8055	220000
28668	220000
15502	220000
7057	220000
37596	220000
26609	220000
12338	220000
62752	220000
61231	220000
32204	220000
393523	220000
62715	220000
36112	220000
263311	220000
53597	220000
54665	220000
26479	220000
57864	220000
44356	220000
26292	220000
199860	220000
12670	220000
197013	220000
10733	220000
13739	220000
11468	220000
6994	220000
31950	220000
54527	220000
11924	220000
262696	220000
11280	220000
17310	220000
24611	220000
6325	220000
63124	220000
20952	220000
28310	220000
20850	220000
14627	220000
46435	220000
33713	220000
263535	220000
17809	220000
4809	220000
41046	220000
23669	220000
59899	220000
9615	220000
202119	220000
24249	220000
58589	220000
327824	220000
25083	220000
44914	220000
37439	220000
134053	220000
20717	220000
20715	220000
200852	220000
38924	220000
9146	220000
22442	220000
12735	220000
54290	220000
29866	220000
11240	220000
18419	220000
6122	220000
13977	220000
47438	220000
262457	220000
265206	220000
35205	220000
56890	220000
62499	220000
27618	220000
41549	220000
32212	220000
48793	220000
27216	220000
263482	220000
17726	220000
202895	220000
15669	220000
264437	220000
56282	220000
61584	220000
51619	220000
198537	220000
41026	220000
11014	220000
200594	220000
198948	220000
197667	220000
24271	220000
198418	220000
28545	220000
47254	220000
58863	220000
55805	220000
34092	220000
60860	220000
43509	220000
198525	220000
52106	220000
51636	220000
206890	220000
41160	220000
204126	220000
48503	220000
50705	220000
51390	220000
5582	220000
50767	220000
43571	220000
133206	220000
202228	220000
62622	220000
43679	220000
135814	220000
21171	220000
395466	220000
13381	220000
58942	220000
58943	220000
63839	220000
63832	220000
64219	220000
64216	220000
64222	220000
395081	220000
58548	220000
395383	220000
394625	220000
24745	220000
198551	220000
15924	220000
37340	220000
3662	220000
203165	220000
39431	220000
206314	220000
2590	220000
35614	220000
53231	220000
6917	220000
61917	220000
28658	220000
3479	220000
134312	220000
39840	220000
39871	220000
45187	220000
198371	220000
394308	220000
15659	220000
131920	220000
34612	220000
8895	220000
4673	220000
56635	220000
57279	220000
35539	220000
55872	220000
201105	220000
7337	220000
61053	220000
264450	220000
56864	220000
31004	220000
18390	220000
17608	220000
17889	220000
39798	220000
198612	220000
54578	220000
62282	220000
25454	220000
267530	220000
37317	220000
15624	220000
393979	220000
33166	220000
264023	220000
36493	220000
32564	220000
7838	220000
135662	220000
34702	220000
137562	220000
262456	220000
48287	220000
31200	220000
132692	220000
27745	220000
60415	220000
53187	219000
15576	217000
24183	215000
6619	214000
20804	214000
9293	213000
61438	211900
45629	211500
22438	211000
12470	211000
266211	211000
262794	210800
30212	210000
22561	210000
26827	210000
10001	210000
24572	210000
52531	210000
395561	210000
9694	210000
263998	210000
48452	210000
40217	210000
328278	210000
46276	210000
137912	210000
54198	210000
31898	210000
131744	208000
28605	208000
328146	205000
5564	204000
8763	202000
16211	202000
37699	202000
14537	201024
266341	201000
13536	200000
23700	200000
13360	200000
5056	200000
53171	200000
39090	200000
52962	200000
262434	200000
22085	200000
262983	200000
264543	200000
27364	200000
8387	200000
5518	200000
9946	200000
262676	200000
50153	200000
199585	200000
37701	200000
135739	200000
35237	200000
13329	200000
2682	200000
264270	200000
55943	200000
205881	200000
132528	200000
14593	200000
23540	200000
26077	200000
131160	200000
133496	200000
20394	200000
59783	200000
3303	200000
3238	200000
198792	200000
32703	200000
5078	200000
29073	200000
33588	200000
44654	197700
16839	197000
17356	196000
58396	196000
20960	195000
28359	194000
136119	194000
57169	193000
62455	193000
9416	191000
28250	191000
30972	190000
16245	190000
2857	190000
28309	190000
54540	190000
262699	190000
11708	190000
290	190000
265130	190000
265496	190000
136838	190000
51048	190000
33763	189000
34934	189000
37157	188000
4851	187000
28130	186000
38623	185100
28131	184000
263544	184000
43607	184000
197133	180900
34106	180000
12360	180000
22652	180000
41572	180000
6739	180000
62523	180000
266409	180000
202120	180000
50073	180000
58713	180000
395332	180000
56318	180000
41691	180000
53156	180000
266444	180000
394073	180000
50698	180000
60893	180000
397095	180000
264150	180000
49624	180000
328437	180000
264005	177000
200043	176000
12676	175000
262548	175000
24535	174000
262594	174000
63859	172000
264052	172000
45931	171100
35916	170000
132453	170000
31115	170000
4581	170000
8680	170000
132323	170000
3462	170000
263321	170000
18274	170000
13767	170000
267624	170000
134220	170000
267590	170000
43142	170000
55581	167500
264460	167200
31257	166000
203658	166000
265061	166000
53196	165000
262715	165000
52930	165000
52940	165000
197588	165000
266131	165000
131745	164400
55666	164000
199434	163000
268331	161700
7784	160000
14793	160000
49835	160000
18077	160000
4058	160000
27887	160000
28591	160000
45356	160000
61871	160000
15054	160000
262293	160000
46455	160000
264359	160000
263427	160000
264582	160000
264517	160000
263347	160000
263625	160000
266156	160000
265019	160000
267075	160000
202414	160000
32798	160000
203942	160000
52007	160000
29588	160000
2526	160000
4652	160000
328170	160000
9795	160000
14061	160000
13649	160000
3910	160000
10084	160000
18059	159000
393891	159000
262761	158000
52439	157000
262409	156000
3856	155010
39792	154000
57119	154000
24186	154000
32299	153000
266498	153000
37273	152000
34087	151000
35619	150800
24105	150000
20718	150000
55862	150000
20771	150000
262765	150000
263626	150000
132934	150000
263982	150000
64255	150000
266468	150000
264367	150000
268221	150000
263271	150000
7381	150000
48422	150000
24955	150000
8647	150000
52662	148300
14380	148000
37700	148000
267201	148000
28134	146400
135060	146000
196879	146000
132476	145400
262744	145000
264564	144000
328242	144000
12455	144000
20634	143000
13002	143000
4775	143000
14717	143000
51918	143000
38511	143000
52888	143000
28209	143000
14701	143000
5118	143000
63928	143000
197473	143000
44964	143000
39823	143000
264575	142048
72	142000
38220	141000
39279	141000
17828	141000
16374	141000
29686	140000
10594	140000
10075	140000
20712	140000
803	140000
39869	140000
6295	140000
38657	140000
15497	140000
15191	140000
59497	140000
200052	140000
262493	140000
199335	140000
262150	140000
52694	140000
263405	140000
58708	140000
263516	140000
134033	140000
57249	140000
6718	140000
264344	140000
264223	140000
59964	140000
41693	140000
265886	140000
52766	140000
210	140000
265359	140000
10947	140000
136521	140000
131627	140000
137557	140000
133380	140000
136518	140000
263779	140000
18676	140000
32415	140000
35176	140000
25542	139000
21859	139000
12703	139000
12926	139000
15699	139000
57463	139000
263394	139000
263336	139000
137367	139000
46723	139000
45896	138000
262365	138000
7131	138000
3908	138000
51795	137500
264397	137000
8220	134000
34006	133210
262725	133000
43545	132600
5430	132000
6130	132000
17660	132000
20969	132000
4927	132000
43708	132000
34108	132000
8902	132000
58451	132000
34790	132000
8246	132000
21430	132000
49455	132000
57356	132000
14633	132000
58779	132000
58980	132000
262318	132000
59842	132000
198736	132000
263265	132000
28226	132000
42511	132000
263329	132000
199846	132000
198517	132000
35306	132000
197400	132000
7656	132000
57513	132000
2847	132000
39067	132000
33182	131000
28124	131000
263237	131000
24338	131000
52666	131000
133840	131000
132449	131000
262537	131000
28294	130720
263542	130500
262463	130360
7568	130000
19750	130000
14828	130000
264111	130000
264562	130000
25615	130000
7539	130000
61751	130000
199995	130000
210278	130000
27984	130000
61012	130000
200781	129000
49888	128700
265278	128000
50316	127050
34347	127000
13272	126000
38583	126000
44099	126000
61573	126000
55359	126000
37333	125000
37645	124000
48539	123904
327962	123904
327756	123904
12779	123000
45411	123000
55259	123000
61512	122100
20764	122000
1342	122000
5416	122000
58495	122000
327750	121264
2915	121000
2153	121000
16186	121000
4150	121000
286	121000
30827	121000
35244	121000
26785	121000
24167	121000
8788	121000
29611	121000
23171	121000
5631	121000
29141	121000
42093	121000
39637	121000
42612	121000
25151	121000
31167	121000
50572	121000
36149	121000
48850	121000
16175	121000
47408	121000
39904	121000
11233	121000
29834	121000
6777	121000
36817	121000
1126	121000
28287	121000
28132	121000
17625	121000
36907	121000
43406	121000
53889	121000
29462	121000
23550	121000
327745	121000
28110	121000
15008	121000
262454	121000
262288	121000
262481	121000
32867	121000
4678	121000
32338	121000
20904	121000
51055	121000
52438	121000
60610	121000
15447	121000
23913	121000
262388	121000
64044	121000
264268	121000
24651	121000
20412	121000
199803	121000
133421	121000
29522	121000
38197	121000
47551	121000
7540	121000
38714	121000
56949	121000
198151	121000
47252	121000
198389	121000
61709	121000
201290	121000
197592	121000
197747	121000
197262	121000
198401	121000
198040	121000
199754	121000
50550	121000
199978	121000
200176	121000
25509	121000
395400	121000
263396	121000
42490	121000
198380	121000
49409	121000
31726	121000
133616	121000
47626	121000
8194	121000
37720	121000
37675	121000
264138	121000
8637	120960
9038	120300
20080	120000
41690	120000
13354	120000
31252	120000
30851	120000
16178	120000
18400	120000
28277	120000
21485	120000
28284	120000
25447	120000
22177	120000
15280	120000
53587	120000
133590	120000
62943	120000
36866	120000
53211	120000
25472	120000
56449	120000
58689	120000
35007	120000
201081	120000
61588	120000
8369	120000
267289	120000
202709	120000
396125	120000
328417	120000
133898	120000
47478	120000
46375	120000
266453	120000
6846	120000
44061	120000
61201	120000
4857	120000
17717	120000
16030	120000
60171	120000
23947	120000
262706	119000
61094	119000
328216	119000
31708	118000
22556	118000
16206	118000
57731	118000
14576	118000
15188	118000
42947	118000
132894	117700
52866	116000
263584	116000
30813	115500
51948	115500
53195	115000
267521	115000
39351	114000
204805	114000
56246	113000
52660	113000
9244	113000
36923	113000
59288	113000
28183	112640
29918	112640
133001	112640
262691	112640
61686	112640
196695	112640
53107	112640
24043	112000
18229	112000
45280	112000
37619	112000
264811	112000
8280	112000
202454	112000
202805	112000
17306	111920
42669	111100
132976	111024
262429	111000
132857	111000
58299	111000
18351	111000
28154	111000
9155	111000
131296	110720
60261	110000
55429	110000
63311	110000
7091	110000
8560	110000
8190	110000
5605	110000
30176	110000
26347	110000
29748	110000
21947	110000
12008	110000
35985	110000
25459	110000
23686	110000
24121	110000
9989	110000
11537	110000
24931	110000
6623	110000
23260	110000
31736	110000
394070	110000
17645	110000
36683	110000
6423	110000
31400	110000
3512	110000
29208	110000
24642	110000
35843	110000
43683	110000
5539	110000
26792	110000
39598	110000
23265	110000
13041	110000
43284	110000
16814	110000
5577	110000
42227	110000
35332	110000
11051	110000
42184	110000
13692	110000
8744	110000
29562	110000
47172	110000
47841	110000
47215	110000
11995	110000
47344	110000
33737	110000
48943	110000
46484	110000
47490	110000
11664	110000
45668	110000
38478	110000
33139	110000
20985	110000
33796	110000
12316	110000
47143	110000
11071	110000
21250	110000
12188	110000
33470	110000
41601	110000
52892	110000
11922	110000
59895	110000
11798	110000
29404	110000
22546	110000
53131	110000
513	110000
46849	110000
22653	110000
14116	110000
45711	110000
8728	110000
13703	110000
44160	110000
53070	110000
29037	110000
49895	110000
46793	110000
16095	110000
19531	110000
40581	110000
51929	110000
6723	110000
23627	110000
13857	110000
21525	110000
24554	110000
19844	110000
10024	110000
41412	110000
25764	110000
6336	110000
12578	110000
600	110000
53175	110000
32613	110000
23816	110000
19782	110000
37235	110000
27947	110000
197377	110000
48500	110000
17246	110000
32365	110000
54154	110000
26167	110000
10653	110000
45634	110000
43852	110000
34270	110000
54652	110000
21412	110000
18199	110000
25780	110000
9584	110000
53306	110000
8823	110000
53100	110000
1120	110000
44858	110000
12033	110000
11242	110000
42239	110000
54376	110000
50673	110000
16724	110000
132267	110000
10102	110000
54327	110000
63060	110000
57187	110000
7849	110000
58656	110000
199339	110000
25273	110000
58010	110000
60717	110000
27026	110000
41281	110000
8245	110000
57068	110000
18049	110000
33604	110000
28153	110000
262777	110000
28306	110000
262903	110000
28571	110000
262780	110000
14571	110000
12536	110000
53080	110000
11475	110000
10996	110000
17685	110000
38043	110000
57029	110000
11081	110000
199364	110000
29485	110000
54929	110000
29933	110000
262333	110000
14103	110000
57193	110000
40700	110000
33606	110000
55923	110000
36444	110000
18516	110000
32421	110000
33515	110000
40413	110000
10993	110000
23274	110000
26288	110000
62915	110000
25653	110000
5664	110000
28366	110000
196844	110000
53143	110000
40676	110000
262704	110000
31877	110000
32479	110000
32100	110000
15267	110000
22921	110000
15108	110000
52251	110000
18094	110000
133534	110000
262620	110000
10886	110000
53221	110000
27833	110000
20207	110000
6368	110000
262724	110000
52558	110000
14463	110000
24730	110000
61951	110000
11414	110000
133579	110000
57963	110000
198203	110000
62469	110000
30466	110000
262989	110000
52846	110000
262377	110000
42775	110000
43317	110000
54002	110000
262402	110000
264531	110000
264492	110000
53224	110000
53122	110000
262675	110000
27768	110000
36445	110000
133420	110000
28163	110000
61950	110000
9022	110000
199256	110000
262667	110000
62183	110000
50148	110000
56301	110000
28066	110000
32710	110000
24278	110000
133873	110000
49063	110000
198477	110000
10481	110000
42845	110000
11976	110000
327893	110000
5690	110000
16832	110000
40028	110000
393965	110000
61244	110000
15433	110000
9999	110000
25068	110000
262256	110000
263587	110000
134363	110000
42567	110000
31769	110000
263668	110000
4043	110000
263789	110000
18616	110000
25003	110000
132167	110000
48642	110000
26271	110000
59	110000
819	110000
32277	110000
263822	110000
6561	110000
61942	110000
263569	110000
201054	110000
29244	110000
263797	110000
25165	110000
25227	110000
201602	110000
133959	110000
198785	110000
7687	110000
11174	110000
8714	110000
42334	110000
16130	110000
43391	110000
58815	110000
263363	110000
28270	110000
28308	110000
11279	110000
53407	110000
262413	110000
35998	110000
17429	110000
29788	110000
19082	110000
15102	110000
55270	110000
21632	110000
25248	110000
52726	110000
51164	110000
52363	110000
20559	110000
18683	110000
54661	110000
19689	110000
135246	110000
52794	110000
134809	110000
52519	110000
8008	110000
394437	110000
328400	110000
264016	110000
52878	110000
58762	110000
45684	110000
202831	110000
203629	110000
52989	110000
197524	110000
45775	110000
264961	110000
201782	110000
327952	110000
52981	110000
61836	110000
62818	110000
198235	110000
199494	110000
51394	110000
133652	110000
32165	110000
27895	110000
10299	110000
197615	110000
43733	110000
32743	110000
264768	110000
58965	110000
27951	110000
46692	110000
57608	110000
262186	110000
27272	110000
263674	110000
35760	110000
50533	110000
40731	110000
200414	110000
199551	110000
51337	110000
134012	110000
35891	110000
60098	110000
29974	110000
262791	110000
35491	110000
60884	110000
57033	110000
394141	110000
27382	110000
36008	110000
55957	110000
11109	110000
206758	110000
52195	110000
265065	110000
199226	110000
7004	110000
57478	110000
60534	110000
27964	110000
39716	110000
41966	110000
59862	110000
202220	110000
7806	110000
395573	110000
395768	110000
200668	110000
52153	110000
262766	110000
50411	110000
41319	110000
395470	110000
265303	110000
17077	110000
395578	110000
50017	110000
42667	110000
135292	110000
263702	110000
49565	110000
23423	110000
395880	110000
134674	110000
1101	110000
11178	110000
23307	110000
59060	110000
197672	110000
51648	110000
13838	110000
202050	110000
395719	110000
133952	110000
394740	110000
57219	110000
201026	110000
394676	110000
34296	110000
14832	110000
58906	110000
29614	110000
6503	110000
61826	110000
45265	110000
12687	110000
12690	110000
25385	110000
44692	110000
202169	110000
131915	110000
202761	110000
131916	110000
265101	110000
196749	110000
205811	110000
61521	110000
328064	110000
196865	110000
135278	110000
27553	110000
53591	110000
53189	110000
135011	110000
265478	110000
198604	110000
38627	110000
23419	110000
24251	110000
262643	110000
7514	110000
28032	110000
206299	110000
36515	110000
50270	110000
28114	110000
63772	110000
328036	110000
6712	110000
22908	110000
41138	110000
17303	110000
38851	110000
52542	110000
53454	110000
6752	110000
265436	110000
198496	110000
56972	110000
42812	110000
327790	110000
393455	110000
41480	110000
265021	110000
46155	110000
40545	110000
62632	110000
53338	110000
35518	110000
394146	110000
62406	110000
25190	110000
266995	110000
19465	110000
27286	110000
137250	110000
40773	110000
54483	110000
13415	110000
61943	110000
204789	110000
266420	110000
204821	110000
199421	110000
32389	110000
15011	110000
49020	110000
267196	110000
44979	110000
20874	110000
266977	110000
267452	110000
263985	110000
134739	110000
263523	110000
205100	110000
43848	110000
31236	110000
196776	110000
5760	110000
31445	110000
23777	110000
51790	110000
132890	110000
394140	110000
27660	110000
63131	110000
263461	110000
64233	110000
63774	110000
267428	110000
38949	110000
41006	110000
197155	110000
265999	110000
134895	110000
202006	110000
51920	110000
1226	110000
262662	110000
25637	110000
47723	110000
37897	110000
11077	110000
262970	110000
131273	110000
197294	110000
265032	110000
18024	110000
131933	110000
54086	110000
57424	110000
200185	110000
55140	110000
265086	110000
136769	110000
40339	110000
196819	110000
29091	110000
11635	110000
132491	110000
263250	110000
29689	110000
198426	110000
27255	110000
49457	110000
61462	110000
138147	110000
41033	110000
47095	110000
59371	110000
397116	110000
202281	110000
267587	110000
131895	110000
196714	110000
197146	110000
209835	110000
44358	110000
50794	110000
55766	110000
52772	110000
35612	110000
47275	109800
28169	108800
398131	108500
8752	108020
51263	108000
135697	108000
62597	107000
53172	106000
41202	106000
48559	105000
263154	105000
7500	104000
132137	103424
262259	103000
207073	103000
62275	103000
17483	102000
13657	101000
2685	101000
25466	101000
12042	101000
40300	101000
11123	101000
53349	101000
33725	101000
11195	101000
262230	101000
57613	101000
61478	101000
31617	101000
26914	100000
7303	100000
18530	100000
42005	100000
9137	100000
35470	100000
59940	100000
62239	100000
24309	100000
134055	100000
25961	100000
48716	100000
55507	100000
262316	100000
136026	100000
31857	100000
48408	100000
131914	100000
197902	100000
396503	100000
63343	100000
264127	100000
15426	100000
28319	100000
20846	100000
11751	100000
134359	100000
32067	100000
3145	100000
394449	100000
46950	100000
56373	100000
50554	100000
63298	100000
30168	100000
35795	100000
12459	100000
264679	100000
137575	100000
58171	100000
14860	100000
9136	100000
8803	100000
20618	100000
56655	100000
4694	100000
268819	100000
209116	100000
3223	100000
134369	100000
32440	100000
262595	100000
23059	100000
7065	100000
33873	100000
28178	100000
133385	100000
8757	100000
37199	100000
64476	100000
134705	100000
36143	99000
33302	99000
262394	99000
37451	98000
4589	98000
51944	97500
6648	97000
21267	97000
57896	97000
264598	96672
262733	96000
52858	96000
59945	96000
38769	96000
58376	96000
55814	95000
48011	95000
53052	95000
49349	94000
133324	94000
132771	94000
15772	93000
43500	92160
57151	92000
37276	92000
53102	92000
265147	92000
13549	92000
18615	92000
138064	92000
25482	91136
133934	91100
12684	91000
264425	91000
37154	91000
64475	91000
64223	91000
55674	90300
197091	90030
30740	90000
6405	90000
20495	90000
15743	90000
23106	90000
17997	90000
53246	90000
19310	90000
29465	90000
262692	90000
267095	90000
200478	90000
22324	90000
268267	90000
20919	90000
39337	90000
201447	90000
9910	90000
132808	90000
57073	90000
33044	90000
52760	90000
23808	90000
197522	90000
23618	90000
9976	90000
266608	90000
24532	90000
45298	90000
13194	90000
55803	90000
199496	89000
33480	88576
29608	88100
14609	88000
35833	88000
21880	88000
132931	88000
133658	88000
56099	88000
39192	88000
35940	88000
328327	88000
58821	88000
21709	86000
52685	86000
50472	85200
31800	85100
53130	85000
263990	85000
56286	85000
208477	84500
2602	84000
202566	84000
262901	84000
3549	84000
21724	83000
35074	83000
394530	83000
201838	83000
57121	83000
263793	83000
50618	83000
53589	82000
6738	81700
7521	81000
23871	80600
262352	80240
16265	80000
21392	80000
4764	80000
48268	80000
18209	80000
39138	80000
9621	80000
14877	80000
12941	80000
23465	80000
262420	80000
56910	80000
4540	80000
264360	80000
33808	80000
262979	80000
263314	80000
196968	80000
59444	80000
52686	80000
328065	80000
206499	80000
53199	80000
200064	80000
328145	80000
199330	80000
60890	80000
204861	80000
396040	80000
37545	80000
48438	80000
132146	80000
19186	80000
209813	80000
3132	80000
23775	80000
210264	80000
264398	80000
265294	80000
397544	80000
265892	80000
207972	80000
262964	80000
328388	80000
37020	80000
39065	80000
263009	80000
27901	80000
35425	80000
14824	80000
4693	80000
198726	80000
9790	80000
198910	78000
45305	78000
205081	77000
266152	77000
21069	76000
8723	76000
61287	76000
61730	76000
63028	76000
61211	76000
327794	76000
202020	76000
33920	75000
10204	75000
4007	74500
51784	74200
19117	74000
26531	74000
54225	74000
327826	74000
262474	74000
39806	74000
262610	74000
39543	73000
17978	73000
198440	72000
53066	72000
133676	72000
18886	71680
61666	71680
11062	71680
264404	71680
52977	71500
13054	70800
28219	70020
39591	70000
55879	70000
58940	70000
262750	70000
59214	70000
25375	70000
28352	70000
265429	70000
24173	70000
264294	70000
263445	70000
45118	70000
135607	70000
18407	70000
23379	70000
266430	70000
393434	70000
2588	70000
267399	70000
266961	70000
266144	70000
266721	70000
35913	70000
268133	70000
29900	70000
25837	70000
266968	70000
51520	70000
17197	70000
328480	70000
131896	70000
264210	70000
266192	70000
209208	70000
2675	70000
57276	70000
16342	70000
9952	70000
267348	70000
41327	70000
24429	70000
262808	70000
9652	69000
264524	69000
44980	68000
48728	68000
262488	67576
199659	67100
2134	67000
45194	66560
134881	66560
137166	66560
52661	66432
21396	66000
18779	66000
57928	66000
264228	66000
49638	66000
327950	66000
38541	66000
43760	66000
263647	66000
49028	66000
266263	66000
6798	66000
263531	65500
26838	65120
15211	65000
20811	65000
60690	65000
28037	65000
262494	65000
52643	65000
262819	65000
264491	65000
268952	65000
24157	65000
29014	64000
7005	64000
262417	64000
58650	64000
37786	64000
262591	64000
57723	63240
13680	63000
61570	63000
7048	63000
58477	63000
58868	63000
43100	62000
48292	62000
58820	62000
37294	62000
51945	61900
17439	61440
42004	61000
33748	61000
59165	61000
7606	61000
33130	60500
8943	60000
58587	60000
62874	60000
53008	60000
37195	60000
52968	60000
263483	60000
61582	60000
263961	60000
38442	60000
263411	60000
60051	60000
54574	60000
39335	60000
40244	60000
263947	60000
263840	60000
36813	60000
6696	60000
14726	60000
37653	60000
267593	60000
265954	60000
267360	60000
328517	60000
263852	60000
204006	60000
208431	60000
26484	60000
266927	60000
266480	60000
15391	60000
37110	60000
46475	60000
199362	60000
19045	60000
14288	60000
7941	60000
19306	60000
138840	60000
267055	60000
264939	60000
264998	60000
137373	60000
328538	60000
37453	60000
39902	60000
133339	60000
397806	60000
198605	60000
199524	60000
23805	60000
131322	60000
328365	60000
262828	59500
28890	59500
44953	59000
23756	59000
263649	59000
15734	59000
56665	58800
10881	58000
136696	58000
39479	58000
9201	57000
327992	56144
24521	56000
56229	56000
59953	56000
263591	56000
5459	55000
42455	55000
5524	55000
53563	55000
49909	55000
5396	55000
262673	55000
263801	55000
17426	55000
23860	55000
264577	55000
50231	55000
131607	55000
262268	55000
61006	55000
52339	55000
45349	55000
49296	55000
267280	55000
265484	55000
41913	54000
9313	54000
6643	54000
137331	54000
137142	54000
266347	54000
268323	54000
327907	54000
33843	53000
51290	53000
263661	53000
42692	53000
45769	52000
266713	52000
8368	52000
48072	51900
264415	51200
12597	51000
262721	51000
55219	51000
38809	51000
56381	50200
133854	50000
199610	50000
13150	50000
263270	50000
47203	50000
264017	50000
29802	50000
196954	50000
42705	50000
264186	50000
207054	50000
12796	50000
205813	50000
209328	50000
328536	50000
45278	50000
27979	50000
57844	50000
43060	50000
205473	50000
32097	50000
197301	50000
58715	50000
28265	50000
18881	50000
40328	50000
58678	50000
393670	50000
134014	50000
58659	50000
33771	50000
263151	50000
267513	50000
205099	50000
31595	49500
61888	49500
34011	49000
29668	49000
57877	49000
53050	49000
263442	48500
48424	48400
203421	48000
262539	47500
34135	47300
29551	47000
198781	47000
9785	47000
51681	47000
11647	47000
36914	47000
134316	47000
33452	47000
31078	46200
44123	46200
262822	46000
262464	46000
7020	46000
262346	46000
52932	46000
23951	46000
53097	45700
53237	45650
30071	45100
52475	45056
206184	45056
263196	45000
59156	45000
3213	44000
35706	44000
41692	44000
33079	44000
24047	44000
25061	44000
39301	44000
8664	44000
32880	44000
34171	44000
25295	44000
42303	44000
55518	44000
20722	44000
197000	44000
29545	44000
47622	44000
29680	44000
20365	44000
131755	44000
133075	44000
199947	44000
393513	44000
27940	44000
28009	44000
263076	44000
327813	44000
38565	44000
4508	44000
55521	44000
30798	44000
28257	44000
262893	44000
37342	44000
45686	44000
264765	44000
14522	44000
206342	44000
262509	44000
328156	44000
263776	44000
61822	44000
265656	44000
23815	44000
131758	44000
9381	44000
8612	44000
263833	43000
265426	42864
264514	42000
51646	41000
9280	41000
12773	41000
55653	40500
22534	40010
20640	40000
16253	40000
8301	40000
28279	40000
45498	40000
262862	40000
52444	40000
134732	40000
52765	40000
263774	40000
133613	40000
52973	40000
18422	40000
133410	40000
53356	40000
394302	40000
6059	40000
202596	40000
10279	40000
10099	40000
45361	40000
32621	40000
48128	40000
135010	40000
267522	40000
52639	40000
41985	40000
20657	40000
327738	40000
2731	40000
45705	40000
31202	40000
396501	40000
29357	40000
50475	40000
14979	40000
53764	40000
9891	40000
35137	40000
35847	40000
207353	40000
8435	40000
265135	40000
15960	40000
10103	40000
41088	40000
51088	40000
51395	40000
5662	40000
44513	40000
30259	40000
61805	40000
263124	40000
135193	40000
206125	40000
393420	40000
135098	40000
200738	40000
134715	40000
17253	40000
47043	40000
136522	40000
14642	40000
263258	40000
52201	40000
31430	40000
62856	40000
4647	40000
63920	40000
134090	40000
198857	39200
9658	39000
49405	39000
263478	39000
38896	39000
9326	39000
58392	39000
63862	39000
61134	38912
43019	38800
264552	38400
53142	38192
250	38000
21513	38000
8677	38000
55555	38000
38280	38000
53708	38000
32160	38000
201106	38000
48727	38000
24536	38000
205344	38000
17671	37000
138816	37000
264925	36920
263089	36500
49463	36300
7908	36000
262730	36000
55685	36000
45287	36000
37479	36000
132847	36000
136873	36000
133838	36000
30880	35200
51254	35200
42459	35000
53230	35000
61928	35000
52539	35000
203140	35000
33544	35000
266972	35000
9830	35000
31250	34500
22873	34100
31235	34100
200794	34100
17666	34000
53165	34000
5505	34000
28773	34000
203687	34000
137410	34000
263283	34000
262336	33792
12902	33000
15657	33000
2128	33000
33419	33000
15766	33000
41391	33000
8784	33000
25593	33000
8513	33000
13135	33000
8553	33000
20915	33000
37986	33000
39636	33000
13826	33000
27822	33000
43013	33000
34304	33000
18559	33000
4677	33000
51906	33000
55644	33000
39287	33000
43858	33000
37519	33000
197617	33000
54119	33000
45348	33000
46156	33000
11179	33000
53169	33000
52352	33000
27879	33000
28590	33000
53218	33000
38289	33000
24195	33000
47027	33000
549	33000
9519	33000
3067	33000
34768	33000
133720	33000
262993	33000
203086	33000
36868	33000
35313	33000
134622	33000
135484	33000
198091	33000
37482	33000
197447	33000
61968	33000
263251	33000
266177	33000
39816	33000
62227	33000
136302	33000
48067	33000
197204	33000
28656	33000
136093	33000
59279	33000
262684	32500
30132	32000
37996	32000
37090	32000
45763	32000
38753	32000
10022	32000
267554	32000
136377	32000
38527	32000
47096	32000
15589	31574
56550	31500
21263	31100
34119	31000
2595	31000
43890	31000
23074	31000
57633	31000
45707	31000
18103	31000
59347	31000
45766	31000
20621	31000
328164	30720
265451	30720
45528	30720
133275	30720
17920	30000
8545	30000
53088	30000
53139	30000
55256	30000
266400	30000
138570	30000
394151	30000
268126	30000
268548	30000
11272	30000
138576	30000
1916	30000
7516	30000
21277	30000
201102	30000
207199	30000
46595	30000
134618	30000
139225	30000
37680	30000
52951	30000
263518	30000
262900	30000
268749	30000
269462	30000
263067	30000
269499	30000
46023	30000
138839	30000
20001	30000
19035	30000
62712	30000
59276	30000
133803	30000
17995	30000
378	30000
36311	30000
210142	30000
33951	30000
57999	30000
265383	30000
265038	30000
16604	30000
19754	30000
16803	30000
267	30000
23486	30000
45754	30000
45804	30000
133296	30000
12883	30000
393573	30000
395471	30000
37783	30000
328395	30000
37682	30000
196755	30000
35699	30000
139970	30000
267815	30000
56264	30000
43533	30000
32261	30000
44291	30000
39029	30000
3737	30000
22591	30000
17378	30000
33445	30000
11383	30000
17707	30000
62240	30000
59112	30000
32425	30000
262868	30000
49690	30000
17113	30000
133315	30000
263049	30000
264331	30000
134293	30000
394994	30000
202766	30000
133680	30000
58430	30000
25853	30000
61873	30000
44030	30000
9374	30000
201214	30000
61186	30000
135126	30000
137079	30000
9268	30000
45177	30000
396071	30000
197692	29600
23661	29000
6851	29000
12143	29000
23628	29000
49787	29000
136373	29000
47680	29000
8565	28300
34624	28300
4434	28160
50837	28000
32563	28000
132220	28000
134021	28000
21140	28000
9129	28000
17482	28000
38310	27648
13237	27500
28657	27500
44431	27500
135526	27500
31126	27220
43323	27000
25943	27000
35695	27000
138296	27000
262952	26000
46886	26000
52911	26000
328351	26000
51569	26000
206478	26000
38147	26000
135582	26000
60602	25200
35655	25100
3561	25000
43942	25000
36731	25000
263308	25000
262902	25000
200428	25000
137352	25000
137121	25000
204196	25000
45288	25000
24204	24800
136632	24288
9104	24200
41090	24200
24028	24200
44295	24200
199660	24200
199150	24200
134375	24096
4777	24000
33125	24000
262374	24000
52967	24000
262770	24000
132004	24000
265972	24000
264996	24000
139967	24000
138100	24000
58500	24000
44514	23500
262792	23500
28065	23500
266346	23500
9153	23400
21101	23400
55832	23288
8554	23100
33845	23100
29286	23100
53116	23100
34683	23100
41153	23100
14551	23100
328160	23100
58404	23000
49605	23000
47727	23000
48504	23000
37656	23000
262557	22800
209218	22776
263739	22531
10704	22528
17754	22528
265141	22528
328032	22528
52300	22528
203885	22528
56507	22528
58408	22264
20799	22000
29452	22000
15290	22000
14280	22000
5409	22000
8195	22000
3224	22000
33811	22000
7829	22000
16467	22000
53459	22000
33082	22000
23712	22000
33072	22000
30129	22000
30134	22000
30128	22000
52243	22000
33558	22000
23711	22000
23709	22000
30962	22000
16842	22000
9710	22000
2863	22000
39104	22000
28001	22000
31383	22000
26228	22000
8222	22000
25152	22000
12634	22000
34997	22000
34021	22000
34781	22000
15782	22000
13284	22000
29083	22000
35156	22000
24973	22000
25976	22000
41960	22000
11190	22000
45037	22000
35584	22000
40015	22000
9583	22000
23752	22000
29846	22000
48484	22000
37652	22000
11796	22000
50032	22000
13722	22000
47836	22000
23829	22000
30295	22000
17961	22000
8587	22000
53424	22000
24753	22000
16523	22000
35719	22000
24951	22000
50244	22000
50763	22000
14232	22000
33835	22000
44902	22000
38437	22000
41289	22000
45816	22000
13157	22000
31662	22000
17088	22000
12775	22000
57315	22000
1304	22000
51896	22000
51483	22000
37312	22000
45932	22000
53727	22000
9123	22000
197422	22000
24029	22000
49604	22000
23949	22000
27665	22000
6660	22000
58560	22000
52462	22000
42204	22000
24518	22000
24550	22000
44608	22000
35799	22000
15072	22000
56990	22000
18206	22000
49300	22000
39783	22000
198423	22000
12290	22000
20555	22000
16168	22000
42400	22000
8789	22000
31328	22000
59410	22000
29263	22000
51406	22000
16174	22000
50737	22000
9328	22000
35834	22000
197653	22000
52965	22000
43190	22000
53698	22000
35180	22000
48972	22000
25093	22000
5602	22000
43252	22000
28757	22000
53494	22000
59620	22000
49360	22000
28239	22000
28141	22000
53140	22000
133023	22000
132837	22000
53869	22000
3324	22000
9165	22000
3220	22000
54643	22000
37628	22000
10133	22000
54523	22000
41847	22000
262500	22000
53861	22000
29881	22000
263499	22000
133389	22000
53178	22000
28615	22000
37775	22000
29583	22000
262933	22000
63034	22000
47228	22000
23673	22000
62537	22000
52431	22000
7772	22000
262737	22000
10617	22000
52323	22000
202042	22000
61924	22000
52877	22000
36898	22000
16162	22000
60899	22000
28216	22000
18046	22000
131584	22000
41059	22000
201791	22000
56182	22000
28327	22000
264470	22000
26563	22000
18393	22000
39072	22000
200700	22000
55427	22000
62502	22000
58627	22000
327939	22000
31459	22000
36909	22000
59933	22000
393874	22000
203851	22000
264590	22000
393350	22000
134295	22000
262645	22000
55699	22000
61397	22000
43558	22000
393662	22000
328023	22000
264723	22000
13006	22000
201990	22000
28323	22000
11399	22000
204019	22000
35585	22000
52079	22000
198416	22000
22518	22000
199410	22000
45561	22000
47627	22000
15190	22000
135543	22000
63529	22000
60458	22000
263070	22000
198391	22000
37324	22000
9893	22000
21774	22000
203741	22000
206894	22000
52009	22000
197418	22000
199413	22000
39107	22000
199338	22000
56783	22000
48742	22000
11046	22000
40752	22000
39560	22000
52101	22000
203548	22000
327751	22000
203230	22000
39729	22000
57221	22000
203223	22000
8550	22000
132734	22000
207101	22000
23169	22000
198591	22000
44974	22000
44503	22000
199451	22000
39566	22000
202971	22000
41882	22000
52909	22000
266630	22000
262195	22000
206373	22000
58894	22000
42180	22000
26198	22000
263675	22000
263728	22000
5401	22000
264815	22000
52680	22000
264923	22000
36640	22000
58927	22000
60430	22000
262518	22000
198891	22000
12630	22000
15035	22000
205296	22000
64234	22000
265806	22000
17537	22000
206442	22000
200480	22000
135869	22000
134856	22000
5500	22000
197645	22000
204536	22000
266866	22000
58146	22000
138174	22000
55679	22000
135843	22000
12565	22000
18350	22000
138009	22000
200278	22000
8393	22000
5406	22000
205442	22000
262453	22000
136841	22000
39505	22000
12491	22000
8486	22000
4765	21900
138211	21200
36217	21100
16191	21100
27865	21100
34486	21000
15692	21000
38235	21000
45839	21000
202867	21000
22080	21000
36965	21000
262296	21000
135301	21000
264518	21000
263378	21000
32437	21000
208751	21000
26451	21000
37980	21000
2593	21000
32244	21000
135425	21000
50467	20700
263589	20480
10135	20400
20832	20200
48920	20100
31543	20100
30447	20090
15594	20000
33077	20000
14390	20000
26788	20000
36943	20000
12502	20000
199283	20000
28207	20000
58910	20000
37002	20000
62838	20000
17069	20000
18840	20000
201754	20000
48685	20000
134707	20000
203261	20000
137851	20000
51023	20000
49088	20000
29424	20000
58460	20000
268503	20000
64115	20000
1640	20000
54506	20000
33164	20000
12857	20000
207588	20000
131960	20000
266059	20000
270299	20000
264596	20000
269208	20000
24299	20000
38081	20000
62819	20000
9751	20000
37356	20000
64313	20000
60816	20000
267278	20000
55003	20000
56668	20000
19551	20000
137001	20000
263155	20000
11767	20000
31042	20000
56528	20000
139734	20000
13681	20000
49192	20000
22941	20000
31452	20000
6515	20000
210323	20000
34718	20000
29785	20000
29838	20000
327849	20000
37529	20000
55002	20000
265974	20000
27688	20000
3242	20000
42064	20000
264570	20000
267032	20000
24008	20000
31169	20000
25374	20000
16685	20000
135223	20000
34655	20000
31122	20000
25091	20000
4721	20000
41349	20000
17939	20000
17604	20000
5583	20000
22302	20000
58882	20000
38195	20000
8660	20000
61174	20000
1351	20000
9607	20000
15738	20000
135753	20000
197140	20000
33922	20000
21211	20000
265962	20000
52637	20000
23838	20000
10083	20000
202322	19900
328423	19456
31715	19000
12835	19000
4666	19000
134325	19000
60670	19000
60917	19000
267088	19000
25471	18900
4608	18500
266470	18384
17473	18200
17374	18100
30123	18000
8038	18000
7522	18000
35223	18000
50683	18000
49792	18000
198184	18000
38506	18000
55652	18000
29104	18000
37576	18000
38200	18000
200438	18000
133660	18000
265699	18000
25590	18000
137246	18000
137295	18000
45937	18000
133971	18000
24132	18000
263869	18000
55247	18000
138995	18000
58482	18000
45184	18000
205388	17600
30999	17400
7717	17300
201877	17200
198093	17100
45725	17000
60134	17000
59185	17000
45706	17000
48846	17000
138359	17000
37347	17000
3599	16500
48712	16500
47850	16500
327922	16500
132923	16384
44141	16100
200983	16100
29215	16000
40528	16000
16876	16000
25572	16000
27916	16000
58406	16000
8859	16000
44314	16000
28165	16000
51514	16000
5017	16000
54042	16000
264130	16000
28073	16000
203640	16000
59954	16000
42228	16000
201333	16000
45650	16000
262755	16000
267102	16000
135419	16000
263480	16000
61929	16000
58750	16000
209261	16000
42300	16000
206640	16000
28244	16000
6881	16000
134009	16000
50620	15400
53112	15360
8491	15000
39310	15000
132774	15000
22750	15000
47169	15000
263393	15000
262788	15000
7628	15000
137080	15000
135232	15000
262889	15000
209400	15000
34569	15000
206404	15000
265158	15000
269060	15000
38524	15000
53018	15000
133593	15000
2484	14600
196689	14500
52869	14336
266374	14336
133664	14336
43599	14300
262811	14200
42476	14000
17444	14000
28707	14000
24523	14000
52625	14000
52550	14000
20928	14000
60157	14000
53197	14000
16039	14000
133881	14000
7489	14000
133797	14000
201508	14000
23696	14000
266028	14000
265030	14000
266044	14000
43369	14000
200392	14000
394914	14000
37627	14000
397524	14000
33791	14000
28292	14000
23541	13200
44583	13200
50858	13200
45950	13200
38477	13200
21351	13200
198271	13200
48374	13200
135423	13200
133718	13192
7631	13100
267588	13002
39318	13000
5692	13000
264009	13000
2606	13000
7597	13000
135465	13000
136885	13000
131775	13000
209086	13000
328237	13000
29446	13000
37109	13000
37053	13000
52458	12400
204264	12364
132901	12364
22989	12288
27345	12288
196640	12288
58969	12288
27789	12264
9092	12100
2500	12100
20917	12100
29246	12100
17435	12100
2515	12100
39600	12100
31576	12100
29513	12100
44334	12100
14500	12100
16218	12100
16363	12100
199248	12100
199396	12100
62336	12100
198334	12100
32614	12100
23774	12100
23666	12100
327700	12100
133173	12100
24557	12000
24077	12000
9497	12000
28859	12000
25473	12000
5071	12000
40739	12000
54415	12000
51050	12000
12975	12000
13226	12000
132919	12000
327943	12000
134929	12000
202918	12000
131303	12000
199790	12000
264295	12000
28139	12000
264297	12000
267117	12000
34936	12000
55670	12000
131717	12000
45312	12000
138829	12000
42353	12000
39905	12000
51580	12000
18104	11900
50796	11900
34458	11700
50857	11300
22355	11300
35184	11264
56209	11264
27932	11264
263128	11264
262753	11264
12305	11264
26068	11264
28438	11264
263917	11264
44084	11264
41522	11264
135253	11264
198216	11264
29245	11264
58725	11264
135861	11264
37030	11264
30988	11264
57079	11264
28639	11264
136330	11264
25328	11264
267121	11264
136533	11264
136480	11264
133967	11264
263459	11264
268568	11200
37650	11110
58683	11000
19817	11000
10255	11000
12059	11000
28877	11000
31216	11000
16559	11000
13101	11000
19752	11000
3043	11000
25975	11000
5462	11000
20704	11000
8804	11000
4837	11000
10848	11000
31661	11000
5418	11000
26627	11000
14833	11000
19214	11000
25286	11000
32105	11000
40193	11000
46199	11000
15149	11000
27318	11000
24049	11000
27320	11000
33073	11000
28054	11000
30130	11000
30131	11000
40475	11000
8495	11000
15773	11000
4319	11000
36824	11000
13246	11000
42366	11000
40068	11000
38181	11000
26972	11000
5568	11000
29488	11000
8596	11000
43436	11000
11830	11000
24989	11000
15935	11000
34960	11000
29655	11000
34554	11000
14585	11000
31641	11000
40495	11000
6903	11000
12968	11000
38321	11000
4795	11000
3248	11000
8092	11000
6900	11000
18392	11000
42585	11000
56065	11000
8648	11000
5726	11000
49190	11000
24586	11000
41644	11000
8391	11000
48519	11000
12348	11000
22781	11000
44259	11000
13871	11000
44765	11000
39915	11000
25795	11000
393225	11000
10745	11000
393220	11000
394018	11000
31972	11000
17579	11000
48885	11000
42416	11000
23308	11000
14866	11000
15857	11000
39449	11000
42760	11000
7296	11000
7595	11000
9167	11000
46195	11000
49492	11000
31474	11000
24796	11000
13214	11000
48514	11000
19528	11000
21336	11000
42605	11000
46656	11000
31147	11000
1133	11000
29243	11000
9266	11000
48315	11000
4280	11000
49854	11000
43782	11000
43911	11000
47328	11000
20569	11000
5683	11000
26088	11000
28196	11000
21864	11000
49820	11000
24321	11000
49983	11000
44219	11000
50066	11000
42973	11000
38948	11000
48284	11000
12541	11000
50087	11000
38149	11000
9026	11000
30162	11000
38544	11000
9877	11000
30583	11000
52841	11000
1850	11000
26546	11000
51040	11000
6850	11000
8950	11000
12347	11000
23779	11000
53582	11000
22300	11000
20501	11000
48528	11000
37113	11000
50370	11000
9003	11000
50292	11000
51224	11000
50719	11000
53093	11000
20633	11000
36052	11000
15388	11000
29297	11000
30640	11000
25139	11000
38199	11000
46064	11000
46235	11000
19842	11000
51218	11000
15301	11000
196621	11000
20984	11000
41628	11000
55915	11000
44009	11000
16217	11000
9872	11000
8330	11000
2470	11000
46309	11000
13573	11000
20738	11000
16866	11000
28192	11000
2108	11000
46231	11000
33005	11000
6834	11000
52102	11000
21911	11000
7753	11000
49232	11000
197764	11000
13746	11000
31564	11000
26918	11000
56848	11000
29152	11000
9931	11000
57124	11000
53837	11000
3401	11000
30998	11000
53948	11000
45144	11000
54046	11000
27464	11000
12757	11000
57423	11000
38278	11000
27541	11000
51823	11000
18588	11000
50387	11000
198239	11000
29553	11000
39470	11000
42841	11000
57202	11000
20924	11000
41872	11000
27626	11000
12540	11000
46215	11000
4224	11000
53389	11000
48362	11000
52328	11000
41811	11000
46664	11000
132111	11000
14746	11000
12327	11000
24582	11000
54444	11000
57381	11000
33361	11000
6086	11000
57516	11000
198570	11000
34510	11000
198818	11000
59560	11000
16004	11000
40999	11000
45945	11000
34233	11000
36959	11000
50372	11000
41695	11000
33854	11000
57228	11000
28654	11000
198492	11000
34942	11000
40850	11000
262787	11000
3633	11000
48297	11000
19233	11000
50468	11000
61215	11000
197219	11000
55350	11000
51886	11000
50206	11000
198288	11000
10654	11000
9208	11000
10367	11000
132435	11000
34868	11000
21461	11000
18638	11000
132730	11000
132536	11000
29998	11000
198554	11000
197736	11000
27193	11000
49902	11000
49505	11000
36958	11000
16737	11000
38781	11000
132426	11000
56833	11000
21360	11000
262680	11000
262757	11000
53235	11000
28640	11000
60532	11000
12362	11000
262839	11000
29231	11000
14558	11000
52896	11000
61337	11000
50968	11000
20338	11000
32738	11000
197589	11000
37079	11000
59554	11000
26320	11000
262501	11000
132876	11000
3842	11000
60362	11000
3250	11000
52836	11000
52944	11000
3186	11000
15691	11000
10431	11000
62929	11000
62182	11000
22919	11000
393316	11000
16798	11000
62947	11000
199706	11000
12650	11000
262492	11000
26689	11000
51744	11000
14613	11000
11045	11000
29606	11000
15398	11000
199937	11000
46873	11000
24290	11000
4270	11000
200163	11000
53901	11000
263062	11000
14829	11000
45680	11000
62588	11000
28152	11000
57007	11000
52275	11000
58792	11000
53022	11000
132933	11000
393431	11000
46110	11000
262805	11000
20681	11000
393470	11000
131291	11000
52465	11000
45496	11000
20686	11000
263337	11000
200187	11000
21478	11000
201764	11000
52317	11000
61470	11000
262189	11000
52420	11000
52498	11000
52824	11000
17673	11000
29844	11000
29305	11000
45910	11000
58436	11000
10670	11000
29897	11000
39373	11000
52380	11000
63128	11000
12236	11000
24226	11000
61816	11000
35949	11000
201962	11000
201505	11000
32432	11000
11514	11000
45884	11000
27790	11000
62782	11000
33781	11000
22402	11000
50710	11000
13064	11000
263460	11000
4594	11000
28026	11000
11114	11000
28364	11000
9355	11000
32678	11000
30691	11000
40966	11000
52736	11000
3669	11000
196670	11000
54039	11000
133678	11000
50597	11000
393717	11000
36273	11000
45133	11000
61026	11000
32397	11000
59102	11000
2607	11000
201506	11000
262871	11000
133936	11000
199188	11000
59370	11000
47608	11000
57660	11000
37177	11000
37181	11000
22748	11000
51728	11000
263432	11000
9559	11000
132848	11000
131475	11000
48588	11000
132917	11000
20448	11000
63383	11000
21832	11000
12276	11000
201222	11000
36483	11000
52490	11000
60116	11000
52401	11000
26312	11000
39391	11000
34916	11000
53173	11000
63450	11000
11986	11000
34450	11000
10925	11000
393945	11000
32546	11000
18986	11000
29355	11000
26414	11000
63863	11000
19381	11000
30076	11000
30919	11000
134355	11000
394010	11000
11301	11000
53154	11000
198095	11000
28670	11000
264101	11000
9916	11000
25081	11000
200780	11000
6082	11000
133344	11000
53191	11000
46047	11000
28941	11000
52795	11000
39764	11000
262229	11000
32764	11000
11948	11000
48294	11000
12696	11000
44994	11000
64200	11000
200759	11000
394356	11000
132142	11000
49524	11000
52399	11000
263126	11000
201206	11000
327894	11000
198342	11000
16652	11000
3624	11000
57141	11000
18534	11000
37629	11000
7530	11000
53164	11000
52631	11000
42555	11000
15154	11000
17832	11000
262878	11000
198313	11000
201020	11000
202030	11000
30247	11000
62363	11000
131602	11000
25581	11000
47814	11000
11342	11000
28317	11000
49855	11000
263395	11000
48461	11000
37399	11000
33623	11000
18650	11000
39532	11000
262607	11000
262650	11000
263818	11000
41721	11000
63126	11000
265159	11000
34723	11000
262949	11000
135036	11000
23352	11000
21889	11000
52348	11000
12929	11000
394514	11000
264062	11000
52381	11000
50333	11000
198913	11000
262149	11000
57961	11000
60435	11000
52999	11000
203112	11000
28635	11000
63421	11000
37634	11000
196949	11000
202054	11000
27734	11000
27884	11000
131603	11000
53233	11000
21919	11000
262585	11000
51551	11000
52702	11000
135247	11000
43578	11000
264704	11000
55043	11000
264116	11000
8542	11000
262378	11000
204028	11000
20193	11000
56190	11000
203591	11000
30892	11000
20015	11000
135192	11000
28118	11000
3061	11000
262614	11000
327960	11000
30986	11000
26968	11000
17014	11000
199888	11000
198269	11000
31394	11000
202744	11000
327859	11000
33772	11000
200001	11000
201986	11000
23641	11000
197186	11000
3165	11000
32334	11000
131911	11000
64415	11000
27733	11000
202921	11000
199517	11000
199645	11000
49761	11000
32337	11000
52601	11000
196969	11000
200142	11000
12102	11000
31479	11000
263768	11000
327821	11000
207195	11000
199550	11000
198430	11000
201049	11000
199787	11000
20714	11000
26343	11000
198909	11000
50515	11000
204121	11000
202994	11000
52455	11000
8458	11000
201068	11000
264191	11000
11844	11000
207028	11000
133130	11000
62373	11000
131274	11000
200577	11000
9648	11000
197046	11000
201953	11000
263873	11000
393907	11000
61487	11000
198072	11000
202177	11000
26317	11000
52290	11000
62560	11000
264527	11000
59686	11000
14211	11000
199842	11000
132535	11000
35047	11000
206999	11000
395152	11000
199981	11000
265639	11000
264797	11000
199201	11000
14845	11000
7270	11000
262685	11000
133232	11000
196928	11000
15765	11000
207156	11000
40165	11000
264152	11000
42717	11000
56745	11000
18568	11000
50016	11000
264785	11000
61864	11000
199468	11000
38805	11000
29571	11000
31510	11000
24743	11000
265672	11000
37103	11000
263897	11000
266210	11000
136300	11000
52596	11000
37623	11000
262167	11000
46401	11000
328125	11000
327900	11000
52716	11000
136417	11000
56441	11000
263235	11000
28103	11000
206720	11000
59670	11000
266610	11000
262786	11000
262452	11000
134366	11000
136552	11000
10778	11000
28160	11000
36730	11000
37055	11000
265041	11000
134319	11000
264282	11000
7663	11000
32806	11000
52327	11000
52372	11000
30900	11000
265771	11000
206108	11000
263968	11000
10217	11000
27935	11000
133007	11000
263120	11000
267507	11000
264230	11000
265995	11000
52236	11000
37027	11000
131483	11000
263384	11000
264471	11000
52349	11000
263228	11000
52413	11000
263190	11000
16350	11000
24806	11000
5385	11000
27259	11000
265760	11000
265729	11000
57508	11000
265952	11000
201950	11000
328232	11000
136323	11000
25563	11000
61527	11000
43009	11000
135639	11000
132097	11000
51484	11000
18021	11000
200799	11000
19147	11000
197518	11000
395612	11000
395627	11000
47989	11000
205260	11000
132722	11000
265871	11000
15757	11000
200960	11000
42325	11000
263248	11000
136764	11000
263713	11000
263963	11000
37616	11000
263572	11000
5397	11000
327941	11000
131446	11000
43154	11000
137144	11000
266657	11000
131248	11000
31914	11000
203146	11000
63998	11000
60752	11000
59572	11000
134736	11000
52169	11000
134305	11000
135801	11000
198330	11000
60314	11000
265016	11000
24620	11000
60082	11000
267294	11000
266926	11000
16827	11000
204086	11000
204558	11000
203255	11000
205389	11000
198279	11000
132836	11000
64477	11000
204346	11000
202488	11000
21388	11000
46506	11000
61242	11000
59986	11000
48487	11000
134264	11000
132974	11000
136713	11000
328275	11000
205535	11000
268222	11000
45954	11000
263698	11000
28050	11000
28748	11000
265209	11000
197529	11000
136287	11000
263606	11000
18875	11000
3268	11000
328339	11000
37916	11000
396914	11000
202086	11000
133915	11000
328346	11000
23676	11000
266840	11000
23038	11000
37281	11000
200736	11000
132046	11000
136668	11000
25557	11000
263732	11000
63945	11000
396951	11000
394650	11000
396960	11000
61633	11000
266835	11000
137236	11000
31277	11000
37999	11000
56140	11000
209874	11000
394366	11000
58239	11000
25946	11000
48027	11000
57136	11000
266640	11000
14259	11000
394330	11000
51313	11000
7578	11000
328051	11000
133648	11000
53086	11000
9448	11000
60725	11000
132458	11000
33554	10800
328144	10800
52532	10500
135180	10240
135850	10240
135792	10240
137608	10240
59816	10240
137627	10240
61895	10240
262743	10240
13878	10100
9051	10100
25467	10100
23713	10000
42755	10000
34419	10000
28855	10000
21315	10000
31251	10000
52640	10000
29438	10000
198738	10000
203679	10000
41201	10000
57118	10000
200753	10000
20677	10000
63320	10000
135793	10000
18918	10000
51191	10000
395378	10000
265983	10000
263084	10000
40861	10000
205191	10000
20218	10000
26038	10000
137042	10000
262818	10000
206048	10000
328167	10000
206483	10000
202519	10000
63069	10000
328152	10000
132160	10000
136670	10000
209678	10000
210144	10000
18647	10000
17716	10000
396472	10000
136749	10000
30730	10000
19523	10000
267746	10000
15414	10000
60945	10000
34549	10000
397715	10000
22798	10000
133817	10000
61064	10000
64300	10000
39923	10000
209752	10000
139075	10000
12365	10000
34762	10000
55352	10000
262772	10000
262387	10000
134326	10000
262612	10000
263495	10000
35280	10000
61056	10000
265188	10000
133372	10000
393490	10000
56583	10000
262470	10000
267242	10000
269075	10000
135760	10000
394581	10000
262898	10000
266298	10000
29129	10000
207310	10000
42156	10000
140362	10000
270436	10000
328633	10000
56472	10000
207274	10000
268546	10000
328598	10000
1410	10000
47116	10000
61602	10000
26388	10000
13951	10000
30622	10000
266853	10000
34225	10000
33078	10000
33597	10000
38915	10000
134078	10000
18931	10000
202053	10000
39233	10000
204526	10000
264992	10000
3214	10000
12586	10000
13618	10000
15808	10000
271	10000
19969	10000
29154	10000
8793	10000
198408	10000
23688	10000
327930	10000
133100	10000
20205	10000
133968	10000
132031	10000
50782	10000
134858	10000
19711	10000
328176	10000
3580	10000
45355	10000
134937	10000
38067	10000
43513	10000
328204	10000
328341	10000
138041	10000
268430	10000
60371	10000
266225	10000
11661	10000
49004	10000
20473	10000
29479	10000
58666	10000
132330	10000
135328	10000
17766	10000
136972	10000
40449	10000
137199	10000
45637	10000
137900	10000
133187	10000
15164	10000
264308	10000
199121	9900
27877	9900
53096	9800
7496	9300
132562	9216
58438	9216
134278	9216
58405	9216
23708	9100
17996	9100
52952	9100
266092	9100
136338	9096
39469	9000
33074	9000
27322	9000
26790	9000
24469	9000
19875	9000
10929	9000
14651	9000
25689	9000
8916	9000
15562	9000
48291	9000
52789	9000
135754	9000
49695	9000
30261	9000
199863	9000
132515	9000
45294	9000
393280	9000
17445	9000
47529	9000
132988	9000
262338	9000
265644	9000
48276	9000
38595	9000
134663	9000
28189	9000
133638	9000
267573	9000
131609	9000
328110	9000
47884	9000
205819	9000
62445	9000
263645	9000
327743	9000
134152	9000
268490	9000
138195	9000
37130	9000
13837	9000
52503	9000
137824	9000
132641	9000
54037	9000
39671	9000
61221	9000
131644	9000
208976	9000
135383	9000
208188	9000
263019	9000
134643	9000
136131	9000
135468	9000
59155	9000
24530	9000
139425	9000
139947	9000
61600	9000
327733	9000
202829	9000
61749	8800
138686	8800
262727	8210
38457	8192
264290	8192
134883	8192
134035	8192
135854	8192
131215	8192
263374	8192
135202	8192
267540	8192
264238	8192
132540	8096
135184	8072
202384	8030
12414	8000
27848	8000
27319	8000
43407	8000
50234	8000
51446	8000
134391	8000
134399	8000
134395	8000
134396	8000
18210	8000
58620	8000
134390	8000
50809	8000
56260	8000
56233	8000
13926	8000
34274	8000
37674	8000
40809	8000
26156	8000
50607	8000
52769	8000
262957	8000
37455	8000
52938	8000
135028	8000
43503	8000
37704	8000
43126	8000
37429	8000
38742	8000
136358	8000
267282	8000
45587	8000
133354	8000
131314	8000
210234	8000
48825	8000
38004	8000
200590	8000
39855	8000
205844	8000
24076	8000
14224	8000
37695	8000
197686	8000
201553	8000
39126	8000
63981	8000
15739	8000
35711	8000
52786	8000
138847	8000
209287	8000
265056	8000
135763	8000
133808	8000
29636	8000
20766	8000
28846	8000
56511	8000
202032	8000
262644	8000
52547	8000
266300	7800
28056	7700
200077	7700
136990	7700
208970	7700
268619	7500
38456	7400
267649	7200
262756	7168
37357	7072
53106	7048
30122	7000
30133	7000
21013	7000
1798	7000
55799	7000
41357	7000
22431	7000
28307	7000
133487	7000
264311	7000
52884	7000
200608	7000
45170	7000
263401	7000
205381	7000
328119	7000
204981	7000
135000	7000
266803	7000
202313	7000
328287	7000
266149	7000
24691	7000
6233	7000
136908	7000
33582	7000
209408	7000
36394	7000
60930	7000
200147	7000
23938	7000
267859	7000
266715	7000
37777	7000
34235	7000
12976	7000
134178	7000
37266	7000
266344	7000
134946	7000
48626	6850
33081	6800
265238	6600
264752	6400
24594	6300
24206	6200
52419	6200
139641	6180
6102	6000
12759	6000
49432	6000
34362	6000
19468	6000
33522	6000
262561	6000
393626	6000
201353	6000
11910	6000
19807	6000
51786	6000
206506	6000
35489	6000
265027	6000
264022	6000
12732	6000
262711	6000
266494	6000
135597	6000
135841	6000
135055	6000
203649	6000
37428	6000
209673	6000
207146	6000
50377	6000
43065	6000
46939	6000
328476	6000
137178	6000
268809	6000
328223	6000
132445	6000
199976	6000
327906	6000
29169	6000
31611	6000
207622	6000
266140	6000
267620	6000
131749	6000
17538	6000
59139	6000
137363	6000
24527	6000
138838	6000
58474	6000
133352	6000
58485	6000
38148	6000
38783	6000
45701	6000
136861	6000
135464	6000
138131	6000
60810	6000
59613	6000
207618	6000
44134	6000
30803	6000
41497	6000
30933	6000
327909	6000
264580	6000
24446	6000
197197	6000
50903	6000
59164	6000
135780	6000
45630	6000
136642	6000
139226	6000
11845	6000
265865	5800
265715	5600
131310	5500
34407	5500
28801	5500
28187	5500
262695	5500
31222	5500
61902	5500
52722	5500
52669	5500
60501	5500
52813	5500
57254	5500
202627	5500
134832	5500
198374	5500
262466	5500
264708	5500
264795	5500
133615	5500
23667	5500
267219	5500
52326	5500
201494	5200
268060	5200
44977	5200
27754	5120
393807	5120
134922	5120
38712	5024
49933	5000
265409	5000
23923	5000
201695	5000
33569	5000
200191	5000
205168	5000
61802	5000
138627	5000
9145	5000
6505	5000
208097	5000
34019	5000
23342	5000
3130	5000
27781	5000
39145	5000
46609	5000
14333	5000
39583	5000
52344	5000
264262	5000
38515	5000
133651	5000
135848	5000
136255	5000
266020	5000
21056	4900
52681	4800
61785	4800
204994	4800
53192	4530
37098	4500
262527	4500
62100	4500
42183	4500
262231	4500
266260	4500
5560	4400
2854	4400
198290	4400
263978	4400
266365	4400
137069	4400
200303	4400
37638	4400
132268	4100
136230	4096
135226	4096
28589	4000
131247	4000
262307	4000
25516	4000
47522	4000
209263	4000
134933	4000
57166	4000
43338	4000
29097	4000
206945	4000
268525	4000
268144	4000
134863	4000
31960	4000
36865	4000
135415	4000
131636	4000
26709	4000
7727	4000
135719	4000
135218	4000
30272	4000
6373	4000
138143	4000
52436	4000
59766	4000
268710	4000
8820	4000
18221	4000
36687	4000
45500	4000
47297	4000
38757	4000
55658	4000
132646	4000
199516	4000
17561	4000
263536	4000
15672	4000
204005	4000
61913	4000
134877	4000
263043	4000
57695	4000
394102	4000
53209	4000
265959	4000
136370	4000
327817	4000
2042	4000
24243	4000
56791	3850
24232	3800
197890	3700
267326	3500
55680	3480
264555	3450
13917	3300
47138	3300
35053	3300
16210	3300
29140	3300
1880	3300
53114	3300
53166	3300
61319	3300
47748	3300
263356	3300
264754	3300
207401	3300
24005	3300
6083	3100
6853	3100
37186	3100
7532	3072
42235	3072
205086	3072
138115	3072
27659	3072
58898	3072
134605	3072
131442	3072
132559	3072
53127	3072
48252	3000
267654	3000
138988	3000
398202	3000
202347	3000
139329	3000
43928	3000
133089	3000
267386	3000
266598	3000
135480	3000
24207	3000
138130	3000
137378	3000
24212	3000
138887	3000
38776	3000
38150	3000
139605	3000
63874	3000
137316	3000
139446	3000
56239	3000
139972	3000
139909	3000
201714	3000
139956	3000
135323	3000
55789	3000
135234	3000
28602	3000
396841	3000
52356	3000
138876	3000
138745	3000
139528	3000
269258	3000
60304	3000
30286	3000
43518	3000
209152	3000
47442	3000
207549	3000
138365	3000
23679	3000
38143	3000
49781	3000
139431	3000
45296	3000
131773	3000
58401	3000
138119	3000
138079	3000
136088	3000
137358	3000
138276	3000
8201	3000
24541	3000
12826	3000
29449	3000
41495	3000
47617	3000
41471	3000
35260	3000
26253	3000
55761	3000
11624	3000
28328	3000
197922	3000
19116	3000
37363	3000
263555	3000
327850	3000
22549	3000
131459	3000
134259	3000
328033	3000
59432	3000
54721	3000
327814	3000
48105	3000
263143	3000
262887	3000
52923	3000
59368	3000
42774	3000
60975	3000
136708	3000
35135	3000
138910	3000
61092	3000
134204	3000
135269	3000
204982	3000
267263	3000
263548	2800
49653	2750
137935	2600
61203	2500
27024	2500
53046	2500
207866	2500
54210	2400
58475	2400
266280	2400
43853	2400
267126	2250
29876	2200
36184	2200
23710	2200
24048	2200
21476	2200
12381	2200
29259	2200
18227	2200
55865	2200
40034	2200
39931	2200
197551	2200
63829	2200
35551	2200
51349	2200
48310	2200
47628	2200
17400	2200
263290	2200
42310	2200
263893	2200
133501	2200
264608	2200
60718	2200
24880	2200
45956	2200
39010	2200
266896	2200
52387	2200
209530	2200
206782	2200
48126	2200
17890	2200
209022	2200
35579	2100
34800	2100
27967	2048
52688	2048
9115	2009
12577	2000
45220	2000
17895	2000
37223	2000
9189	2000
51159	2000
198721	2000
137937	2000
37698	2000
21659	2000
209291	2000
134522	2000
31673	2000
268523	2000
266545	2000
270383	2000
265297	2000
52477	2000
63882	2000
196922	2000
50311	2000
208817	2000
328543	2000
137159	2000
263720	2000
135964	2000
263762	2000
37708	2000
139833	2000
209109	2000
41666	2000
34927	2000
207317	2000
207654	2000
327720	2000
139978	2000
14295	2000
18520	2000
132448	2000
38771	2000
42587	2000
54728	2000
57782	2000
58731	2000
4618	2000
24953	2000
30126	2000
6775	2000
41393	2000
42473	2000
3595	2000
27413	2000
59414	2000
197669	2000
20406	2000
23201	2000
56203	2000
24492	2000
29170	2000
133536	2000
38496	2000
52936	2000
50677	2000
262713	2000
327761	2000
135876	2000
37302	2000
52373	2000
205964	2000
328262	2000
204671	2000
33932	2000
42181	2000
17806	2000
138536	2000
206235	2000
209626	2000
208848	2000
61218	2000
139702	2000
45926	2000
18117	2000
24129	1900
24892	1800
263755	1800
6066	1705
28262	1650
18052	1600
197038	1600
262416	1500
53185	1500
24220	1500
266475	1400
204909	1400
9341	1350
43573	1300
13049	1210
55420	1210
11271	1200
52920	1200
133072	1200
266133	1200
15401	1200
139249	1124
30889	1100
23310	1100
34746	1100
33472	1100
15436	1100
25752	1100
30141	1100
41037	1100
20507	1100
41399	1100
1982	1100
8481	1100
25504	1100
29430	1100
14970	1100
34764	1100
13105	1100
34144	1100
21840	1100
44212	1100
28929	1100
23677	1100
20081	1100
9290	1100
15716	1100
31555	1100
20483	1100
31653	1100
33211	1100
42937	1100
45425	1100
24238	1100
49867	1100
3661	1100
4641	1100
14166	1100
47302	1100
17501	1100
196967	1100
28182	1100
36275	1100
46373	1100
197439	1100
2597	1100
196763	1100
32586	1100
26106	1100
12431	1100
45444	1100
48913	1100
13591	1100
10015	1100
57821	1100
18149	1100
38190	1100
35399	1100
61044	1100
24006	1100
47762	1100
31319	1100
18612	1100
36315	1100
173	1100
27983	1100
133444	1100
12822	1100
11008	1100
59752	1100
199547	1100
8310	1100
132645	1100
8922	1100
56109	1100
24347	1100
59919	1100
17970	1100
263928	1100
37120	1100
56204	1100
50623	1100
25491	1100
48847	1100
11947	1100
35001	1100
49640	1100
24634	1100
21201	1100
393629	1100
205610	1100
262266	1100
131996	1100
38217	1100
57089	1100
37190	1100
62230	1100
267673	1100
202806	1100
204662	1100
17689	1100
264650	1100
34527	1100
12556	1100
138632	1100
131668	1100
266355	1100
209555	1100
134563	1100
267427	1024
133989	1024
23893	1024
55806	1024
18230	1024
35090	1000
39615	1000
38887	1000
31680	1000
25433	1000
6734	1000
42492	1000
12854	1000
52186	1000
17747	1000
328107	1000
52051	1000
203040	1000
204185	1000
265890	1000
5377	1000
207491	1000
6735	1000
60391	1000
52545	1000
52998	1000
58145	1000
7562	1000
266571	1000
268280	1000
30362	1000
267732	1000
37622	1000
39070	1000
36827	1000
267830	1000
269040	1000
267062	1000
21058	1000
267833	1000
16921	1000
328518	1000
53057	1000
269432	1000
49752	1000
51001	1000
63027	1000
133809	1000
207770	1000
136244	1000
207439	1000
45424	1000
131091	1000
139021	1000
22425	1000
269091	1000
206215	1000
205920	1000
269875	1000
139449	1000
213377	1000
268268	1000
36198	1000
23855	1000
139628	1000
213342	1000
41051	1000
134917	1000
62321	1000
135225	1000
35568	1000
138663	1000
36936	1000
268821	1000
264602	1000
328441	1000
20932	1000
24050	1000
33071	1000
34505	1000
7469	1000
17824	1000
15177	1000
37159	1000
47692	1000
31402	1000
28198	1000
27693	1000
202194	1000
53061	1000
26753	1000
132679	1000
133043	1000
17469	1000
199230	1000
327908	1000
45951	1000
262568	1000
17416	1000
25435	1000
53094	1000
132372	1000
41651	1000
136451	1000
41139	1000
48507	1000
134265	1000
133311	1000
39650	1000
204708	1000
136175	1000
328255	1000
205614	1000
205718	1000
37395	1000
328043	1000
136982	1000
137273	1000
203976	1000
32030	1000
57581	1000
204633	1000
328229	1000
206262	1000
135190	1000
137016	1000
202328	1000
34553	1000
327796	1000
4842	1000
24124	1000
204326	1000
138056	1000
51972	1000
209385	1000
209100	1000
10678	900
36388	900
9327	900
19089	900
16347	900
34578	900
133318	900
46045	900
264382	900
268539	900
21246	900
4558	836
5764	800
29471	800
29590	800
39180	800
24632	800
45054	800
52828	800
28303	800
266687	800
137936	800
267801	800
27806	800
204188	800
37472	800
327822	800
267520	800
48344	700
44207	700
32398	700
267083	700
264756	660
262716	600
59340	600
263486	600
203968	600
28211	600
265356	600
29006	550
265702	550
328522	500
62166	500
201146	500
208063	500
39196	500
9892	500
8338	500
53216	500
9601	500
37192	495
31055	440
205927	400
61903	400
28215	400
18719	400
48821	400
24381	400
30528	400
5111	400
327775	400
133309	400
134232	400
36889	400
265464	400
44024	300
268713	300
36369	300
207454	300
328585	300
207394	300
209645	300
24776	300
35821	300
56662	300
132022	300
58578	300
132882	300
132376	300
132531	240
2499	220
327981	220
204438	200
13287	200
37286	200
140219	200
51778	200
47902	200
21158	200
16242	200
131477	200
8661	200
206610	200
57757	200
205523	200
203615	180
16503	135
15434	110
50088	110
13357	110
393853	110
37224	110
140244	100
213386	100
10557	100
135206	100
27744	100
202301	100
213253	100
55784	100
209833	100
9229	100
20291	100
56911	100
33983	100
38592	100
138023	100
202479	100
266551	100
35145	100
327781	100
15469	90
37044	90
36997	90
61417	80
37209	63
39271	60
43660	55
55822	52
213330	50
132003	44
54049	22
269163	20
37062	18
263855	15
37133	11
269104	10
21693	10
52423	9
137653	3
13594	3
13273	3
270320	1
6762	0
32787	0
2519	0
31133	0
26193	0
8015	0
17222	0
60497	0
21339	0
8470	0
51324	0
21083	0
327692	0
4755	0
6895	0
327976	0
56196	0
15932	0
57724	0
200125	0
41841	0
56575	0
198529	0
44124	0
196883	0
37424	0
6300	0
198035	0
197318	0
38942	0
42935	0
20530	0
198187	0
48694	0
43171	0
50095	0
200602	0
35199	0
200750	0
197181	0
3169	0
199510	0
44784	0
197345	0
22541	0
200089	0
52031	0
55714	0
43495	0
198007	0
48629	0
41833	0
62328	0
197697	0
199774	0
203937	0
203742	0
35787	0
206910	0
51863	0
197809	0
41379	0
42374	0
197099	0
42852	0
60755	0
29070	0
61154	0
202936	0
197295	0
198709	0
198424	0
198906	0
199265	0
197572	0
203505	0
203306	0
59611	0
198214	0
206489	0
10355	0
263097	0
57890	0
203765	0
199005	0
51101	0
62201	0
197375	0
199381	0
60219	0
196979	0
395478	0
56983	0
57665	0
3352	0
198766	0
201531	0
197437	0
201001	0
51960	0
199341	0
51068	0
265692	0
262690	0
206762	0
37087	0
52414	0
3582	0
59776	0
201332	0
264857	0
57945	0
197766	0
203157	0
33494	0
135895	0
49633	0
264853	0
10803	0
133859	0
206736	0
205073	0
21030	0
52664	0
62184	0
3249	0
206406	0
263699	0
264013	0
199473	0
132556	0
36707	0
205384	0
57332	0
198493	0
56324	0
57701	0
202626	0
57101	0
203582	0
136857	0
197837	0
136336	0
41044	0
50916	0
198081	0
37345	0
19091	0
28468	0
41297	0
203667	0
138222	0
31230	0
327753	0
60265	0
209854	0
24064	0
202434	0
328111	0
268801	0
396300	0
47237	0
206460	0
137597	0
136994	0
328401	0
52473	0
27017	0
10361	0
131954	0
49941	0
12833	0
60119	0
52544	0
199138	0
58158	0
32082	0
37550	0
27993	0
395326	0
209451	0
207306	0
43824	0
134331	0
207834	0
269826	0
328055	0
51185	0
265777	0
205897	0
207071	0
18997	0
56523	0
59598	0
204479	0
24257	0
38207	0
206479	0
135031	0
2486	0
33333	0
47950	0
17048	0
210283	0
50321	0
51262	0
63830	0
26930	0
43653	0
197071	0
