32934	91510000
714	83120000
16509	82320000
8075	57600000
13335	48840000
54113	37240000
20940	35218000
22822	27810000
16276	22580000
6939	17106000
46489	16480000
17676	15460000
6805	12320000
33891	11620000
25506	11110000
7342	10200000
3209	9980000
31334	9360000
39386	8543000
2516	7826000
3356	7210000
6461	6883000
2497	6600000
64049	6460000
9498	6360000
328058	6000000
19679	5530000
4230	5420000
8447	5400000
2119	5230000
28604	5140000
29990	5100000
20115	4780000
9002	4766000
6667	4678000
49544	4530000
12389	4460000
15169	4390000
2856	4300000
5650	4180000
63293	4170000
8966	4080000
3216	4034000
1136	4000000
2518	3980000
2635	3980000
4181	3956000
2914	3780000
12552	3760000
8473	3720000
4637	3712000
226	3660000
38022	3600000
1267	3580600
41095	3472000
5607	3420000
55391	3420000
6830	3380010
17511	3340000
15133	3330000
6730	3212000
9009	3150000
5578	3090000
5400	3002000
21320	2932000
265950	2905000
8359	2896000
12989	2800000
12874	2750000
20485	2650000
2527	2640000
57344	2640000
6774	2574000
36408	2555000
5410	2520000
25933	2460000
2514	2450000
16086	2440000
34756	2400000
328045	2400000
6327	2376000
5089	2360000
29314	2360000
2686	2346000
36459	2330000
12189	2306000
61832	2286020
2818	2260000
15435	2240000
680	2230000
2603	2220000
2907	2202000
38634	2200000
4760	2160000
56478	2140000
13285	2130000
58453	2130000
15557	2120000
52320	2120000
6079	2100000
16591	2100000
1103	2068000
1547	2060000
132164	2048000
15305	2020000
37447	2002000
12713	2000000
270346	2000000
22356	1998000
45899	1990000
15412	1912000
32098	1906000
5645	1900000
7843	1890000
11164	1870000
47541	1830000
13030	1810000
28663	1810000
1273	1800000
18734	1800000
23620	1800000
61955	1780000
38082	1752000
12322	1720000
15704	1720000
35228	1680000
4556	1680000
9304	1670000
52580	1648000
6507	1580000
6509	1568000
13768	1543000
24785	1500000
11260	1490000
46786	1490000
23393	1446000
3292	1440000
11404	1440000
37100	1408000
3265	1380000
9121	1380000
20880	1380000
7195	1380000
36692	1365100
9824	1340000
202276	1340000
786	1320000
30722	1320000
1257	1300200
12083	1300000
23520	1300000
2711	1300000
2510	1300000
5588	1280000
16637	1280000
29535	1280000
12430	1280000
25192	1277000
42708	1270000
14413	1268000
668	1260000
9534	1260000
39651	1250000
40356	1240000
19151	1230000
24203	1220000
327693	1214000
7575	1212000
812	1200000
5432	1200000
6661	1200000
27381	1200000
262206	1200000
15962	1200000
62041	1200000
11888	1200000
9318	1169000
8717	1150000
23563	1140000
38091	1120000
9680	1110000
20504	1080000
15802	1080000
264144	1040000
3630	1040000
34224	1035000
4739	1020000
23576	1020000
55818	1006600
12714	1001000
137872	1000000
35320	980000
50384	970000
42525	966000
43531	966000
18403	960000
1741	960000
9269	959000
34984	950000
11232	950000
28368	946000
26615	940000
4800	938000
8529	932000
37271	932000
6057	930000
13760	920000
37662	920000
5378	920000
12479	920000
8426	914000
5713	910210
23881	900000
38895	900000
47377	880000
59605	876000
5413	872000
8657	860000
3255	860000
22646	860000
7738	846000
132203	840000
23184	830000
30517	820000
2851	820000
47764	810000
12849	810000
15542	800000
17072	800000
13037	790000
53180	790000
109	784000
12200	780000
7029	780000
40788	780000
13445	772000
7155	770000
4766	760000
30600	760000
52941	760000
396253	753000
4134	750000
9505	746000
3327	744000
9050	740000
197595	740000
3741	738400
31500	732000
3491	725000
7545	722000
2828	720000
31027	720000
4648	720000
58073	720000
393565	720000
200981	720000
702	718600
18081	710000
46450	710000
2116	706000
28580	705000
38880	696000
62887	690000
4761	684000
6768	680000
6128	680000
13170	676000
31655	670000
47605	666000
4713	660000
293	660000
13489	660000
28146	660000
34218	660000
11269	660000
30081	660000
23473	645000
28343	643000
2852	640000
29119	640000
6614	640000
14630	636000
36089	630000
34867	630000
9930	620000
50304	620000
4685	620000
28126	620000
137922	620000
64050	620000
48237	615000
10474	612000
17639	602000
40428	600000
3601	600000
33362	600000
58682	600000
61449	600000
49378	600000
47582	600000
17451	595000
25180	592000
14282	591000
55900	590000
197790	590000
15600	570000
62955	570000
15224	564000
7795	560000
196925	560000
6697	560000
263903	560000
30094	558000
262503	554000
14868	550500
24115	548000
9231	548000
30844	542000
2906	540000
9723	540000
10143	540000
39608	540000
28260	540000
2559	540000
205216	540000
31939	530000
53013	530000
5009	520000
52925	520000
52840	520000
21976	520000
263327	511000
11686	510000
44050	510000
4773	510000
16904	510000
19009	510000
38883	509000
45158	506000
30781	500000
24748	500000
52871	500000
54133	500000
262740	500000
267056	500000
20943	500000
132825	500000
6465	500000
202425	500000
27471	498000
53162	498000
262355	496000
8455	495000
15830	492000
35407	490000
6866	490000
53766	490000
9354	487000
17559	486000
22689	484800
28158	481000
2110	480000
18705	480000
39202	480000
7992	480000
33915	480000
10030	480000
766	480000
62	480000
54183	480000
54312	480000
35753	480000
27715	480000
200455	480000
63221	480000
201641	480000
26415	480000
59027	480000
28338	470000
8781	464000
9116	460000
12353	460000
36062	460000
18106	452000
262287	450020
7552	450000
33132	450000
23404	450000
27475	450000
7473	440000
2860	440000
43727	440000
9595	440000
5603	440000
263297	440000
21245	440000
33438	440000
6412	436000
21574	432000
38622	430000
6908	428000
39326	424000
200020	422000
852	420000
29550	420000
577	420000
24940	420000
18121	420000
13124	420000
26801	420000
25512	420000
38790	420000
62904	420000
8095	420000
61400	420000
4651	420000
703	414000
3786	410000
43205	410000
4258	410000
58507	409000
25358	404000
26162	404000
136106	404000
5483	400000
263073	400000
265937	400000
43332	400000
59930	400000
209222	400000
7418	400000
28598	400000
49477	400000
49374	400000
8632	396000
4788	392200
23889	391000
2687	390000
2611	390000
7679	390000
30990	390000
51500	390000
262659	386000
25885	380000
9500	380000
53158	380000
45780	378000
28716	376000
12731	375000
5769	370000
24033	370000
10026	369520
23148	369000
9924	367500
21385	367200
6407	365000
262848	365000
2152	360600
21502	360000
9070	360000
29695	360000
43646	360000
21321	360000
32184	360000
38819	360000
132132	360000
45204	360000
6848	360000
49685	360000
7415	360000
37153	360000
41998	360000
6471	360000
48919	358000
39912	356000
262773	355000
559	350000
38858	350000
17709	350000
44053	348200
35213	344000
12956	342000
7670	340000
262729	340000
41798	340000
62044	340000
61323	340000
36924	339000
37168	336000
264668	336000
9031	332000
6181	330000
8462	330000
9365	330000
28331	330000
137831	330000
138132	328000
9342	322000
10310	320000
5511	320000
11758	320000
39832	320000
28171	320000
17941	320000
262428	320000
12392	320000
263665	320000
719	320000
17885	320000
9605	320000
22616	320000
35432	316000
43561	310000
46	310000
266989	310000
13193	306000
26803	306000
13189	303000
31272	302400
9729	301000
12871	300000
25899	300000
13249	300000
28624	300000
7632	300000
36040	300000
34700	300000
49158	300000
61102	300000
42830	300000
197482	300000
23693	300000
7862	300000
19324	300000
35362	300000
327987	300000
50473	300000
51069	300000
20347	300000
50129	300000
137	299000
262778	298000
262807	294000
12129	290000
133612	290000
13576	290000
8452	290000
6922	290000
53184	280480
19108	280000
1680	280000
4787	280000
30419	280000
58601	280000
263080	280000
11979	280000
267469	280000
15419	276000
37282	276000
9902	276000
27988	272000
14026	270000
262468	270000
7049	270000
11814	266000
34244	265000
58530	264000
26554	260000
39642	260000
9667	260000
63242	260000
43668	260000
206819	260000
136743	260000
10036	260000
13786	260000
58580	255000
14969	254000
24130	252000
12678	252000
52005	252000
21371	250000
38466	250000
51852	250000
30838	250000
45558	250000
10010	250000
6447	249300
12041	249000
16302	249000
9044	247000
28202	247000
3267	246600
19165	246000
6067	246000
9299	246000
36937	246000
15958	246000
53065	246000
45638	246000
132296	245000
4657	244000
9650	244000
22724	244000
4635	241000
23498	240000
27524	240000
8365	240000
29422	240000
11096	240000
17819	240000
25577	240000
39102	240000
36351	240000
39704	240000
25668	240000
20845	240000
60339	240000
31242	240000
8535	240000
35717	240000
15517	240000
1424	240000
13147	240000
8866	240000
41678	240000
17924	240000
28666	240000
28267	240000
8448	240000
19996	240000
18260	240000
18182	240000
41164	240000
35193	240000
15085	240000
58209	240000
47242	240000
25255	240000
48634	240000
54998	240000
22147	240000
8445	240000
5403	240000
262476	240000
10118	240000
17054	240000
197451	240000
56038	240000
202023	240000
3261	240000
17012	240000
132680	240000
48620	240000
50204	240000
44735	240000
28576	240000
327991	240000
13807	240000
44416	240000
27919	240000
40526	240000
3754	240000
28554	240000
265399	240000
30818	240000
58941	240000
64220	240000
131917	240000
6307	240000
135262	240000
24703	240000
262731	240000
266167	240000
55182	240000
27925	240000
54827	240000
49824	240000
47872	240000
52551	238000
14492	236000
52579	236000
3320	234000
48166	234000
20144	232000
47481	232000
11666	231000
27747	230000
18278	230000
32286	230000
38333	230000
53037	230000
12709	230000
62668	230000
36236	230000
8308	229000
14340	228200
37417	228000
41018	226000
24751	224000
28201	224000
28649	224000
27589	222000
44843	222000
10098	220600
26496	220000
5391	220000
1241	220000
50643	220000
21413	220000
10158	220000
58243	220000
53240	220000
264215	220000
41206	220000
266931	220000
267484	220000
17665	218000
34610	216000
17922	216000
197888	216000
28330	214000
8674	213000
262760	212000
38987	212000
136557	212000
3300	210000
30041	210000
28229	210000
262664	210000
52696	210000
11550	210000
17583	210000
26446	210000
31898	210000
47422	207000
8968	206000
24324	204000
16570	204000
35745	202000
14537	201024
1239	200000
6677	200000
38107	200000
7782	200000
44684	200000
16735	200000
21232	200000
56396	200000
16700	200000
40029	200000
28665	200000
28191	200000
37693	200000
263421	200000
394497	200000
12847	200000
60169	200000
16110	200000
136784	200000
41194	200000
25019	200000
21808	200000
56444	200000
26077	200000
131160	200000
133496	200000
20394	200000
59783	200000
101	200000
44066	200000
376	200000
37697	200000
3303	199800
13000	199000
12859	198000
33011	198000
14361	196000
1828	193000
7475	192600
8487	192200
12310	192000
10029	192000
7311	192000
56258	192000
7600	192000
35761	192000
10003	192000
262865	191000
24916	190000
29009	190000
20773	190000
20121	190000
24277	190000
21488	190000
63516	190000
133403	190000
63290	190000
45269	190000
39251	190000
396356	190000
263616	190000
43729	190000
7385	190000
28125	188000
45352	187800
41552	187000
134697	186300
3701	186000
8399	186000
3302	186000
3262	186000
17547	186000
31463	186000
30539	186000
37678	186000
199319	186000
9264	184000
18283	183000
9749	183000
38327	182000
20459	181000
12654	180600
10835	180600
701	180000
2381	180000
237	180000
6695	180000
2529	180000
12306	180000
40511	180000
36944	180000
6473	180000
23930	180000
39605	180000
11403	180000
26163	180000
9008	180000
48918	180000
1406	180000
8530	180000
33083	180000
22742	180000
25148	180000
17534	180000
18268	180000
34056	180000
39545	180000
36012	180000
1422	180000
26677	180000
36280	180000
10302	180000
45031	180000
42000	180000
2614	180000
55569	180000
23786	180000
47708	180000
47264	180000
30950	180000
36222	180000
38651	180000
262403	180000
13825	180000
61374	180000
52752	180000
51409	180000
26120	180000
9993	180000
3128	180000
10578	180000
63270	180000
3252	180000
262485	180000
9834	180000
53078	180000
9029	180000
16851	180000
36734	180000
36873	180000
30028	180000
42981	180000
41508	180000
18747	180000
48956	180000
35434	180000
196729	180000
202103	180000
202196	180000
29107	180000
18255	180000
56931	180000
8819	180000
64315	180000
131937	180000
39507	180000
205139	180000
34305	180000
9957	176000
11142	176000
22691	174000
262847	174000
3257	172000
21777	171000
18450	170000
35805	170000
132215	170000
9997	170000
52908	170000
53152	170000
43656	170000
52468	170000
34120	170000
45011	170000
202409	170000
4780	168000
27955	168000
37613	168000
1836	166000
9246	166000
262505	166000
199503	166000
35575	165000
49290	165000
13896	164000
38758	164000
57866	163000
13122	161000
39899	160040
21409	160000
19318	160000
41420	160000
18200	160000
7671	160000
37358	160000
39444	160000
59384	160000
7162	160000
37892	160000
1659	160000
262343	160000
327901	160000
134139	160000
24572	160000
34058	160000
26133	160000
131912	160000
9457	160000
39551	160000
131934	160000
136907	160000
1759	160000
8540	160000
41275	160000
14061	160000
6799	160000
37611	160000
224	157000
13009	156000
3225	156000
47195	155000
58307	155000
133120	155000
132770	153000
28166	152000
55329	152000
133930	152000
7713	151000
12693	150000
4818	150000
23783	150000
13370	150000
12387	150000
23114	150000
59536	150000
40220	150000
23089	150000
54329	150000
19189	150000
262444	150000
52751	150000
262434	150000
263055	150000
28370	150000
21559	150000
32505	150000
23704	150000
59460	150000
266448	150000
61157	150000
199408	150000
22697	150000
35640	150000
15598	150000
61189	148000
15763	146500
9297	146000
262532	145408
42456	145000
52937	145000
59699	144800
56308	144000
22363	144000
262732	144000
202004	144000
32217	144000
42	143200
197727	143000
41096	142000
23105	142000
60474	141500
45629	141000
18150	140000
31727	140000
38322	140000
59900	140000
6679	140000
11835	140000
17882	140000
23314	140000
10002	140000
23778	140000
4557	140000
53147	140000
38861	140000
40217	140000
21367	140000
32233	140000
50050	140000
267590	140000
37468	140000
15377	140000
12350	138000
37150	138000
28258	138000
26613	138000
34803	136000
6663	136000
24709	136000
20910	136000
58057	136000
132255	135000
37254	134000
19889	134000
4770	133000
34245	132000
24852	132000
45437	132000
327698	132000
204053	132000
204222	132000
51060	132000
44646	132000
1280	131000
8343	131000
56828	131000
15399	130000
10021	130000
5541	130000
10094	130000
50629	130000
52689	130000
51706	130000
37515	130000
42504	130000
263880	130000
40317	130000
137280	130000
199995	130000
62040	129024
55720	128000
25818	127000
10490	126000
7752	126000
16586	126000
27008	126000
4844	126000
16371	126000
13243	126000
4628	126000
22772	126000
25460	126000
57353	126000
50272	126000
262516	126000
28978	126000
51018	126000
262441	126000
49102	126000
199723	126000
200889	126000
60191	126000
24183	125000
53115	124000
28605	124000
197113	124000
37028	123300
11377	122880
262854	122000
39184	122000
20804	122000
327984	122000
50083	122000
7610	121820
9435	121000
9245	120600
8607	120000
15422	120000
25441	120000
25309	120000
35028	120000
16150	120000
3605	120000
8897	120000
27552	120000
6315	120000
15366	120000
16713	120000
30914	120000
25761	120000
12312	120000
31477	120000
16082	120000
5467	120000
20161	120000
8732	120000
2544	120000
2044	120000
21221	120000
12969	120000
855	120000
34594	120000
8608	120000
13868	120000
35819	120000
36416	120000
8057	120000
48971	120000
8903	120000
17514	120000
1930	120000
32869	120000
37105	120000
8896	120000
11030	120000
50295	120000
34555	120000
18678	120000
15474	120000
9186	120000
49788	120000
50821	120000
17955	120000
59835	120000
34456	120000
394739	120000
7642	120000
8821	120000
55480	120000
47155	120000
10297	120000
56030	120000
15440	120000
21099	120000
62047	120000
5619	120000
35017	120000
50606	120000
10973	120000
13730	120000
1251	120000
23316	120000
23678	120000
19169	120000
14265	120000
51243	120000
18129	120000
43833	120000
46043	120000
16243	120000
393223	120000
3333	120000
18978	120000
56329	120000
60955	120000
12996	120000
20836	120000
10019	120000
22799	120000
28224	120000
28667	120000
11815	120000
8055	120000
28668	120000
15502	120000
7057	120000
37596	120000
26609	120000
12338	120000
62752	120000
61231	120000
32204	120000
393523	120000
62715	120000
36112	120000
263311	120000
53597	120000
54665	120000
26479	120000
57864	120000
28349	120000
44356	120000
26292	120000
199860	120000
12670	120000
197013	120000
55785	120000
10733	120000
13739	120000
11468	120000
6994	120000
31950	120000
54527	120000
11924	120000
262696	120000
11280	120000
17310	120000
24611	120000
6325	120000
63124	120000
20952	120000
28310	120000
20850	120000
14627	120000
46435	120000
33713	120000
263535	120000
17809	120000
4809	120000
41046	120000
23669	120000
59899	120000
9615	120000
10001	120000
202119	120000
24249	120000
58589	120000
25083	120000
44914	120000
37439	120000
134053	120000
20717	120000
20715	120000
200852	120000
38924	120000
9146	120000
22442	120000
12735	120000
54290	120000
29866	120000
11240	120000
18419	120000
6122	120000
13977	120000
47438	120000
262457	120000
265206	120000
35205	120000
56890	120000
62499	120000
27618	120000
41549	120000
32212	120000
48793	120000
27216	120000
263482	120000
17726	120000
202895	120000
15669	120000
264437	120000
56282	120000
61584	120000
51619	120000
198537	120000
41026	120000
11014	120000
200594	120000
198948	120000
197667	120000
24271	120000
198418	120000
28545	120000
47254	120000
58863	120000
55805	120000
34092	120000
60860	120000
43509	120000
198525	120000
52106	120000
51636	120000
206890	120000
41160	120000
204126	120000
199250	120000
48503	120000
50705	120000
51390	120000
5582	120000
50767	120000
43571	120000
133206	120000
202228	120000
37701	120000
37699	120000
62622	120000
43679	120000
135814	120000
21171	120000
395466	120000
13381	120000
58942	120000
58943	120000
63839	120000
63832	120000
64219	120000
64216	120000
64222	120000
395081	120000
58548	120000
395383	120000
135739	120000
394625	120000
24745	120000
198551	120000
15924	120000
37340	120000
3662	120000
203165	120000
39431	120000
206314	120000
2590	120000
35614	120000
53231	120000
6917	120000
61917	120000
28658	120000
3479	120000
134312	120000
39840	120000
39871	120000
45187	120000
198371	120000
394308	120000
15659	120000
131920	120000
34612	120000
263998	120000
8895	120000
4673	120000
56635	120000
57279	120000
35539	120000
55872	120000
201105	120000
7337	120000
61053	120000
264450	120000
56864	120000
31004	120000
18390	120000
17608	120000
17889	120000
39798	120000
198612	120000
54578	120000
62282	120000
25454	120000
267530	120000
37317	120000
15624	120000
393979	120000
33166	120000
264023	120000
36493	120000
32564	120000
7838	120000
135662	120000
34702	120000
54198	120000
137562	120000
262456	120000
48287	120000
31200	120000
132692	120000
60893	120000
27745	120000
60415	120000
35709	120000
56309	120000
210278	120000
17717	120000
200539	119000
28130	118000
58396	117000
262794	116640
6619	116000
27924	116000
131744	116000
34577	115500
16839	114000
53187	114000
266211	111000
30212	110000
22561	110000
8544	110000
13360	110000
264543	110000
327824	110000
28145	110000
9946	110000
52531	110000
265130	110000
9694	110000
48452	110000
328278	110000
46276	110000
264270	110000
35612	110000
16211	109500
55581	109200
33763	109000
5564	108000
136119	108000
57169	107000
22438	106000
12470	106000
398131	106000
2857	105000
53171	105000
37157	105000
201054	105000
395561	105000
43607	105000
17356	104000
328146	104000
41202	104000
9293	103000
38623	103000
264005	103000
44654	102700
8763	102000
12676	102000
18059	102000
4851	102000
62455	102000
28131	102000
263544	102000
262548	102000
262594	102000
61438	101400
135060	101000
264493	101000
266341	101000
45931	100600
30972	100000
16245	100000
35916	100000
13536	100000
23700	100000
17506	100000
20771	100000
28309	100000
39090	100000
54540	100000
52962	100000
22085	100000
31115	100000
28359	100000
4581	100000
15054	100000
262699	100000
27364	100000
11708	100000
290	100000
8387	100000
132323	100000
5518	100000
132934	100000
262676	100000
50153	100000
199585	100000
266409	100000
18274	100000
265496	100000
202120	100000
13767	100000
136838	100000
58713	100000
56318	100000
35237	100000
53156	100000
13329	100000
2682	100000
51048	100000
266444	100000
394073	100000
55943	100000
137912	100000
205881	100000
267624	100000
132528	100000
14593	100000
23540	100000
264150	100000
49624	100000
328437	100000
14860	100000
32415	100000
9136	100000
4694	100000
32440	100000
262595	100000
23059	100000
32703	100000
24955	100000
5078	100000
8757	100000
29073	100000
33588	100000
131745	99200
20960	98000
4589	98000
55666	97500
9416	96000
28250	96000
200043	96000
63859	96000
132453	95000
262365	94000
15576	93000
264460	91200
34087	91000
7784	90000
12360	90000
49835	90000
22652	90000
44788	90000
38657	90000
262744	90000
57463	90000
262765	90000
26827	90000
262150	90000
45356	90000
53196	90000
52694	90000
46455	90000
262715	90000
52930	90000
52940	90000
8680	90000
263321	90000
197588	90000
16374	90000
266468	90000
264582	90000
263347	90000
264367	90000
50073	90000
393891	90000
266131	90000
268221	90000
137557	90000
32798	90000
397095	90000
134220	90000
263271	90000
266453	90000
7381	90000
44061	90000
48422	90000
24535	88000
31257	88000
262409	88000
32299	87000
268331	86400
264397	86000
262725	86000
267521	86000
3856	85760
59842	85000
262293	85000
3462	85000
50316	84700
52662	84200
25542	84000
39792	84000
12703	84000
38583	84000
57119	84000
12926	84000
34934	84000
14380	84000
203658	84000
37700	84000
24186	84000
265061	84000
267201	84000
55359	84000
3549	84000
132476	83700
28134	83200
266498	83000
38511	82000
37273	82000
72	82000
5416	82000
199434	82000
264052	82000
12455	82000
61512	81000
1342	80800
28294	80480
197133	80400
262463	80240
50472	80200
29686	80000
34106	80000
41690	80000
10594	80000
14793	80000
803	80000
24105	80000
39869	80000
6295	80000
18077	80000
41572	80000
6739	80000
4058	80000
20718	80000
15497	80000
55862	80000
27887	80000
5056	80000
28591	80000
15191	80000
59497	80000
200052	80000
262493	80000
62523	80000
199335	80000
61871	80000
263405	80000
262983	80000
58708	80000
264359	80000
263626	80000
263516	80000
14828	80000
263982	80000
64255	80000
36866	80000
263427	80000
134033	80000
57249	80000
264111	80000
264517	80000
6718	80000
264344	80000
263625	80000
264223	80000
59964	80000
41693	80000
25615	80000
265886	80000
395332	80000
41691	80000
52766	80000
210	80000
265359	80000
266156	80000
265019	80000
7539	80000
267075	80000
10947	80000
202414	80000
61751	80000
136521	80000
8369	80000
131627	80000
50698	80000
133380	80000
136518	80000
203942	80000
52007	80000
29588	80000
2526	80000
396125	80000
4652	80000
328170	80000
9795	80000
263779	80000
328417	80000
18676	80000
133898	80000
47478	80000
46375	80000
27984	80000
6846	80000
61201	80000
4857	80000
27901	80000
13649	80000
3238	80000
198792	80000
60171	80000
3910	80000
61573	79000
35619	78400
20634	78000
13002	78000
4775	78000
14717	78000
37333	78000
52888	78000
28209	78000
14701	78000
5118	78000
63928	78000
197473	78000
44964	78000
39823	78000
198517	77000
263237	77000
45896	76000
38220	76000
33182	76000
15699	76000
39279	76000
17828	76000
24338	76000
52666	76000
133840	76000
264564	76000
7131	76000
262537	76000
51795	75000
263394	75000
263542	75000
132146	75000
137367	75000
46723	75000
21859	74000
51918	74000
262761	74000
3908	74000
263336	73000
328242	73000
15772	73000
34006	72660
43545	72400
5430	72000
6130	72000
12779	72000
17660	72000
20969	72000
4927	72000
43708	72000
34108	72000
8902	72000
58451	72000
34790	72000
8246	72000
21430	72000
49455	72000
57356	72000
14633	72000
58779	72000
58980	72000
262318	72000
198736	72000
263265	72000
28226	72000
42511	72000
263329	72000
199846	72000
35306	72000
197400	72000
265278	72000
7656	72000
57513	72000
2847	72000
39067	72000
28124	71000
23913	71000
132449	71000
196879	71000
9155	71000
9038	70300
49888	70200
7568	70000
13354	70000
10075	70000
19750	70000
28284	70000
25447	70000
22177	70000
15280	70000
62943	70000
53211	70000
58689	70000
35007	70000
200781	70000
201081	70000
61588	70000
267289	70000
202709	70000
52772	70000
209116	70000
37645	69000
8752	69000
13272	68000
44099	68000
34347	68000
57151	68000
43142	68000
48539	67584
327962	67584
327756	67584
45411	67000
58495	67000
2915	66000
2153	66000
16186	66000
4150	66000
286	66000
30827	66000
35244	66000
26785	66000
24167	66000
8788	66000
29611	66000
23171	66000
5631	66000
29141	66000
42093	66000
39637	66000
42612	66000
25151	66000
31167	66000
50572	66000
36149	66000
48850	66000
16175	66000
47408	66000
39904	66000
11233	66000
29834	66000
6777	66000
36817	66000
1126	66000
28287	66000
28132	66000
17625	66000
36907	66000
43406	66000
53889	66000
29462	66000
23550	66000
327745	66000
28110	66000
15008	66000
262454	66000
52660	66000
262288	66000
262481	66000
32867	66000
4678	66000
32338	66000
20904	66000
51055	66000
52438	66000
60610	66000
262388	66000
64044	66000
264268	66000
24651	66000
20412	66000
199803	66000
133421	66000
29522	66000
38197	66000
47551	66000
7540	66000
38714	66000
56949	66000
198151	66000
47252	66000
198389	66000
61709	66000
201290	66000
197592	66000
197747	66000
197262	66000
198401	66000
198040	66000
199754	66000
50550	66000
199978	66000
200176	66000
8280	66000
25509	66000
395400	66000
263396	66000
42490	66000
198380	66000
49409	66000
31726	66000
133616	66000
47626	66000
8194	66000
37720	66000
37675	66000
42947	66000
202454	66000
264138	66000
58821	66000
21485	65000
53587	65000
56449	65000
55674	64800
132894	64200
31708	64000
22556	64000
30851	64000
16206	64000
52866	64000
57731	64000
262706	64000
39351	64000
14576	64000
61094	64000
15188	64000
328216	64000
58376	64000
263584	63000
30813	63000
51948	63000
55259	63000
28169	62800
264575	62048
24043	62000
20764	62000
18229	62000
56246	62000
45280	62000
53195	62000
9244	62000
36923	62000
207073	62000
62275	62000
59288	62000
28183	61440
29918	61440
133001	61440
262691	61440
61686	61440
196695	61440
53107	61440
132976	61024
132857	61000
58299	61000
18351	61000
28154	61000
7606	61000
17306	60960
42669	60600
8637	60480
131296	60480
264598	60288
197091	60020
60261	60000
55429	60000
63311	60000
7091	60000
8560	60000
8190	60000
5605	60000
30176	60000
26347	60000
29748	60000
21947	60000
12008	60000
35985	60000
23686	60000
24121	60000
9989	60000
11537	60000
20080	60000
24931	60000
6623	60000
23260	60000
31736	60000
394070	60000
17645	60000
36683	60000
6423	60000
31400	60000
3512	60000
29208	60000
24642	60000
35843	60000
43683	60000
5539	60000
26792	60000
39598	60000
23265	60000
13041	60000
43284	60000
16814	60000
5577	60000
42227	60000
35332	60000
11051	60000
42184	60000
13692	60000
8744	60000
29562	60000
20712	60000
47172	60000
47841	60000
47215	60000
11995	60000
47344	60000
33737	60000
48943	60000
46484	60000
47490	60000
11664	60000
45668	60000
38478	60000
33139	60000
20985	60000
33796	60000
12316	60000
47143	60000
11071	60000
21250	60000
12188	60000
33470	60000
41601	60000
52892	60000
11922	60000
59895	60000
11798	60000
29404	60000
22546	60000
53131	60000
513	60000
46849	60000
22653	60000
14116	60000
45711	60000
8728	60000
13703	60000
44160	60000
53070	60000
29037	60000
49895	60000
46793	60000
16095	60000
19531	60000
40581	60000
51929	60000
6723	60000
23627	60000
13857	60000
21525	60000
24554	60000
19844	60000
16178	60000
10024	60000
41412	60000
25764	60000
6336	60000
12578	60000
600	60000
53175	60000
32613	60000
23816	60000
19782	60000
37235	60000
27947	60000
197377	60000
48500	60000
17246	60000
32365	60000
54154	60000
26167	60000
10653	60000
45634	60000
43852	60000
34270	60000
54652	60000
21412	60000
18199	60000
25780	60000
9584	60000
53306	60000
8823	60000
53100	60000
1120	60000
44858	60000
12033	60000
11242	60000
42239	60000
54376	60000
50673	60000
16724	60000
132267	60000
10102	60000
54327	60000
63060	60000
57187	60000
18400	60000
7849	60000
58656	60000
199339	60000
25273	60000
58010	60000
60717	60000
27026	60000
41281	60000
8245	60000
57068	60000
18049	60000
33604	60000
28277	60000
28153	60000
262777	60000
28306	60000
262903	60000
28571	60000
262780	60000
14571	60000
12536	60000
53080	60000
11475	60000
10996	60000
17685	60000
38043	60000
57029	60000
11081	60000
199364	60000
29485	60000
54929	60000
29933	60000
262333	60000
14103	60000
57193	60000
40700	60000
33606	60000
55923	60000
36444	60000
18516	60000
32421	60000
33515	60000
40413	60000
10993	60000
23274	60000
26288	60000
62915	60000
25653	60000
5664	60000
28366	60000
196844	60000
53143	60000
40676	60000
262704	60000
31877	60000
32479	60000
32100	60000
15267	60000
22921	60000
15108	60000
52251	60000
18094	60000
133534	60000
262620	60000
10886	60000
53221	60000
27833	60000
20207	60000
6368	60000
262724	60000
52558	60000
14463	60000
24730	60000
61951	60000
11414	60000
133579	60000
57963	60000
198203	60000
62469	60000
30466	60000
262989	60000
52846	60000
262377	60000
42775	60000
43317	60000
54002	60000
262402	60000
264531	60000
264492	60000
53224	60000
53122	60000
262675	60000
27768	60000
36445	60000
133420	60000
28163	60000
61950	60000
9022	60000
199256	60000
262667	60000
62183	60000
50148	60000
56301	60000
28066	60000
32710	60000
24278	60000
133873	60000
49063	60000
198477	60000
10481	60000
42845	60000
11976	60000
327893	60000
5690	60000
16832	60000
40028	60000
393965	60000
61244	60000
15433	60000
9999	60000
25068	60000
262256	60000
263587	60000
134363	60000
42567	60000
31769	60000
263668	60000
4043	60000
263789	60000
18616	60000
25003	60000
132167	60000
48642	60000
26271	60000
59	60000
819	60000
32277	60000
263822	60000
6561	60000
61942	60000
263569	60000
29244	60000
263797	60000
25165	60000
25227	60000
201602	60000
133959	60000
198785	60000
7687	60000
11174	60000
8714	60000
42334	60000
16130	60000
43391	60000
58815	60000
263363	60000
28270	60000
28308	60000
11279	60000
53407	60000
262413	60000
35998	60000
17429	60000
29788	60000
19082	60000
15102	60000
55270	60000
21632	60000
25248	60000
52726	60000
51164	60000
52363	60000
20559	60000
133590	60000
18683	60000
54661	60000
19689	60000
135246	60000
52794	60000
134809	60000
52519	60000
8008	60000
394437	60000
328400	60000
264016	60000
52878	60000
58762	60000
45684	60000
202831	60000
52989	60000
197524	60000
45775	60000
264961	60000
201782	60000
327952	60000
52981	60000
61836	60000
62818	60000
198235	60000
199494	60000
51394	60000
133652	60000
32165	60000
27895	60000
10299	60000
197615	60000
43733	60000
32743	60000
264768	60000
58965	60000
27951	60000
46692	60000
57608	60000
262186	60000
27272	60000
263674	60000
35760	60000
50533	60000
40731	60000
200414	60000
199551	60000
51337	60000
134012	60000
35891	60000
60098	60000
29974	60000
25472	60000
262791	60000
35491	60000
60884	60000
57033	60000
394141	60000
27382	60000
36008	60000
55957	60000
11109	60000
206758	60000
52195	60000
265065	60000
199226	60000
7004	60000
57478	60000
60534	60000
27964	60000
39716	60000
41966	60000
59862	60000
202220	60000
7806	60000
395573	60000
395768	60000
52153	60000
262766	60000
50411	60000
41319	60000
395470	60000
265303	60000
17077	60000
395578	60000
50017	60000
42667	60000
135292	60000
263702	60000
49565	60000
23423	60000
395880	60000
134674	60000
1101	60000
11178	60000
23307	60000
59060	60000
197672	60000
51648	60000
13838	60000
202050	60000
264562	60000
395719	60000
133952	60000
394740	60000
57219	60000
201026	60000
394676	60000
34296	60000
14832	60000
58906	60000
29614	60000
6503	60000
61826	60000
45265	60000
12687	60000
206548	60000
12690	60000
25385	60000
44692	60000
202169	60000
131915	60000
202761	60000
131916	60000
265101	60000
196749	60000
205811	60000
61521	60000
328064	60000
196865	60000
135278	60000
27553	60000
53591	60000
53189	60000
135011	60000
265478	60000
198604	60000
38627	60000
23419	60000
24251	60000
262643	60000
7514	60000
28032	60000
206299	60000
36515	60000
50270	60000
28114	60000
63772	60000
328036	60000
6712	60000
22908	60000
41138	60000
263445	60000
17303	60000
38851	60000
52542	60000
53454	60000
6752	60000
265436	60000
198496	60000
56972	60000
42812	60000
327790	60000
393455	60000
41480	60000
265021	60000
46155	60000
40545	60000
62632	60000
53338	60000
35518	60000
394146	60000
62406	60000
25190	60000
266995	60000
19465	60000
27286	60000
137250	60000
40773	60000
54483	60000
264127	60000
13415	60000
61943	60000
204789	60000
266420	60000
204821	60000
199421	60000
32389	60000
200478	60000
15011	60000
49020	60000
267196	60000
44979	60000
20874	60000
266977	60000
267452	60000
263985	60000
134739	60000
263523	60000
205100	60000
43848	60000
31236	60000
196776	60000
5760	60000
31445	60000
23777	60000
51790	60000
132890	60000
394140	60000
27660	60000
63131	60000
263461	60000
64233	60000
63774	60000
267428	60000
38949	60000
41006	60000
197155	60000
265999	60000
134895	60000
202006	60000
51920	60000
1226	60000
262662	60000
25637	60000
47723	60000
37897	60000
11077	60000
262970	60000
131273	60000
197294	60000
265032	60000
18024	60000
131933	60000
54086	60000
57424	60000
200185	60000
55140	60000
265086	60000
136769	60000
40339	60000
196819	60000
29091	60000
11635	60000
132491	60000
263250	60000
29689	60000
198426	60000
27255	60000
134359	60000
49457	60000
61462	60000
138147	60000
41033	60000
47095	60000
59371	60000
397116	60000
202281	60000
267587	60000
131895	60000
196714	60000
197146	60000
209835	60000
44358	60000
50794	60000
55766	60000
137575	60000
58171	60000
9976	60000
8803	60000
20618	60000
56655	60000
24429	60000
207972	60000
268819	60000
262964	60000
266608	60000
24532	60000
45298	60000
328388	60000
37020	60000
39065	60000
134369	60000
16030	60000
55803	60000
61012	60000
23947	60000
52439	59000
62597	59000
37619	57000
262259	57000
264811	57000
327750	56144
7500	56000
262429	56000
51263	56000
53102	56000
15447	56000
37451	56000
45305	56000
262352	55120
25459	55000
53246	55000
56099	55000
263154	55000
200668	55000
29608	54600
48559	54000
9652	54000
135697	54000
138064	54000
53172	53000
204805	53000
132137	52224
4007	52100
51784	52100
6648	52000
37276	52000
17483	52000
64475	52000
199496	52000
132771	52000
202805	52000
50618	52000
8220	52000
208477	51300
13657	51000
2685	51000
25466	51000
12042	51000
11123	51000
53349	51000
11195	51000
262230	51000
13549	51000
18615	51000
57613	51000
61478	51000
31617	51000
23871	50800
25482	50176
6405	50000
26914	50000
7303	50000
18530	50000
42005	50000
31252	50000
9137	50000
35470	50000
59940	50000
53130	50000
62239	50000
24309	50000
57896	50000
134055	50000
25961	50000
263990	50000
133934	50000
203629	50000
19310	50000
64223	50000
48716	50000
55507	50000
262316	50000
136026	50000
31857	50000
48408	50000
131914	50000
197902	50000
396503	50000
63343	50000
15426	50000
28319	50000
268267	50000
20846	50000
11751	50000
32067	50000
3145	50000
201447	50000
394449	50000
46950	50000
56373	50000
50554	50000
63298	50000
30168	50000
35795	50000
12459	50000
264679	50000
9910	50000
132808	50000
57073	50000
33044	50000
52760	50000
23808	50000
197522	50000
23618	50000
41327	50000
56381	50000
3223	50000
205473	50000
35425	50000
35176	50000
262808	50000
21267	49000
55814	49000
47275	48800
33480	48384
21069	48000
10881	48000
14609	48000
35833	48000
8723	48000
49349	48000
61287	48000
21880	48000
262733	48000
63028	48000
61211	48000
327794	48000
133324	48000
265147	48000
202020	48000
59945	48000
38769	48000
35940	48000
48011	48000
10204	47000
12684	46000
40300	46000
53589	46000
262721	46000
33725	46000
262394	46000
37154	46000
39806	46000
205081	46000
31800	45600
137166	45056
58940	45000
53052	45000
264939	45000
41913	44000
36143	44000
21709	44000
33302	44000
48728	44000
59214	44000
61730	44000
132931	44000
52685	44000
133658	44000
52858	44000
133676	44000
58650	44000
39192	44000
49028	44000
39479	44000
198910	44000
6798	44000
57723	43120
45194	43008
134881	43008
51944	43000
202566	43000
26838	42048
21724	42000
19117	42000
26531	42000
20811	42000
54225	42000
39543	42000
35074	42000
60690	42000
327826	42000
262474	42000
201838	42000
57121	42000
28037	42000
262494	42000
52643	42000
263793	42000
262819	42000
262610	42000
266152	42000
37786	42000
37294	42000
58477	42000
262901	42000
58868	42000
51945	41400
42004	41000
6738	41000
61570	41000
264425	41000
12773	41000
43500	40960
61666	40960
11062	40960
264404	40960
13054	40400
33130	40200
28219	40010
30740	40000
16265	40000
21392	40000
20495	40000
33920	40000
15743	40000
48268	40000
18209	40000
39138	40000
9621	40000
14877	40000
12941	40000
23465	40000
23106	40000
62874	40000
262420	40000
17978	40000
56910	40000
4540	40000
264360	40000
33808	40000
262979	40000
17997	40000
263314	40000
52968	40000
196968	40000
59444	40000
52686	40000
263483	40000
29465	40000
262692	40000
328065	40000
206499	40000
53199	40000
200064	40000
328145	40000
263961	40000
263411	40000
264294	40000
199330	40000
60890	40000
135607	40000
204861	40000
267095	40000
22324	40000
18407	40000
23379	40000
60051	40000
266430	40000
264491	40000
20919	40000
39337	40000
393434	40000
39335	40000
37545	40000
2588	40000
266961	40000
266144	40000
266721	40000
48438	40000
40244	40000
19186	40000
36813	40000
209813	40000
3132	40000
268133	40000
6696	40000
29900	40000
25837	40000
266968	40000
23775	40000
210264	40000
264398	40000
14726	40000
265294	40000
397544	40000
265892	40000
51520	40000
268952	40000
37653	40000
17197	40000
328480	40000
131896	40000
264210	40000
267593	40000
265954	40000
266192	40000
209208	40000
2675	40000
57276	40000
16342	40000
9952	40000
267348	40000
267360	40000
328517	40000
263852	40000
204006	40000
208431	40000
26484	40000
266927	40000
266480	40000
15391	40000
37110	40000
46475	40000
199362	40000
19045	40000
14288	40000
45361	40000
32621	40000
7941	40000
19306	40000
138840	40000
264998	40000
52639	40000
41985	40000
20657	40000
137373	40000
22534	40000
328538	40000
37453	40000
327738	40000
263009	40000
39902	40000
396501	40000
133339	40000
9891	40000
35137	40000
397806	40000
43060	40000
35847	40000
207353	40000
8435	40000
265135	40000
7065	40000
14824	40000
4693	40000
198605	40000
33873	40000
28178	40000
198726	40000
23805	40000
133385	40000
37199	40000
64476	40000
134705	40000
328365	40000
52977	39000
56286	39000
328327	39000
9313	38000
58820	38000
7048	38000
394530	38000
263531	38000
264524	38000
2134	37000
263649	37000
199659	36600
48072	36400
8943	36400
52661	36288
21396	36000
7521	36000
44980	36000
18779	36000
2602	36000
57928	36000
9280	36000
53066	36000
264228	36000
49638	36000
55219	36000
262417	36000
327950	36000
38541	36000
43760	36000
263647	36000
266263	36000
267055	36000
262488	34384
264552	34200
13680	34000
55555	34000
262822	34000
7005	34000
37195	34000
206184	33792
263442	33500
327992	33072
29551	33000
33843	33000
45769	33000
9201	33000
56229	33000
59953	33000
51681	33000
11647	33000
36914	33000
263591	33000
43100	32000
23756	32000
29014	32000
61888	32000
268323	32000
42692	32000
8368	32000
262591	32000
47096	32000
21263	31100
24521	31000
262828	31000
203421	31000
28890	31000
59165	31000
136696	31000
45766	31000
18886	30720
20640	30000
5459	30000
34011	30000
29668	30000
42455	30000
39591	30000
5524	30000
53563	30000
49909	30000
5396	30000
55879	30000
198440	30000
58587	30000
262750	30000
45498	30000
53008	30000
262862	30000
262673	30000
25375	30000
133854	30000
28352	30000
263801	30000
52444	30000
17426	30000
134732	30000
263661	30000
23860	30000
264577	30000
50231	30000
131607	30000
61582	30000
262268	30000
61006	30000
38442	30000
265429	30000
24173	30000
52339	30000
18422	30000
45118	30000
45349	30000
49296	30000
267280	30000
396040	30000
57877	30000
54574	30000
267399	30000
263947	30000
263840	30000
35913	30000
137142	30000
266347	30000
264017	30000
59156	30000
394302	30000
6059	30000
29802	30000
202596	30000
10279	30000
196954	30000
42705	30000
10099	30000
48128	30000
135010	30000
264186	30000
207054	30000
12796	30000
205813	30000
209328	30000
328536	30000
45278	30000
2731	30000
45705	30000
27979	30000
31202	30000
29357	30000
50475	30000
57844	30000
14979	30000
53764	30000
32261	30000
44291	30000
13194	30000
131322	30000
134014	30000
58659	30000
17253	30000
136522	30000
9374	30000
4647	30000
137079	30000
56665	29400
44953	29000
6643	29000
15211	29000
33452	29000
51290	28000
131755	28000
12597	27000
31595	27000
45763	27000
262539	27000
203687	27000
13150	27000
55653	27000
264415	26600
53097	26400
48424	26400
33748	26000
198781	26000
262464	26000
9785	26000
134316	26000
38896	26000
9326	26000
58392	26000
63862	26000
135582	26000
24157	26000
34135	25800
38809	25500
31078	25200
44123	25200
262893	25000
203140	25000
263196	25000
137331	25000
131758	25000
265484	25000
138816	25000
53237	24900
30071	24600
61134	24576
52475	24576
43019	24400
263089	24200
53142	24096
3213	24000
35706	24000
41692	24000
33079	24000
24047	24000
25061	24000
21513	24000
39301	24000
8664	24000
32880	24000
34171	24000
9658	24000
25295	24000
42303	24000
55518	24000
20722	24000
197000	24000
8677	24000
29545	24000
47622	24000
29680	24000
20365	24000
28279	24000
133075	24000
199947	24000
393513	24000
27940	24000
28009	24000
263076	24000
327813	24000
7020	24000
53708	24000
38565	24000
4508	24000
55521	24000
23628	24000
30798	24000
28257	24000
262346	24000
32160	24000
132220	24000
263833	24000
201106	24000
37342	24000
45686	24000
264765	24000
49787	24000
48727	24000
14522	24000
24536	24000
206342	24000
262509	24000
328156	24000
263776	24000
61822	24000
265656	24000
23815	24000
206478	24000
264514	24000
133838	24000
38147	24000
138100	24000
198857	23600
264925	23248
52932	23000
328351	23000
31250	23000
9830	23000
23951	23000
42459	22500
265426	22384
37996	22000
48292	22000
51646	22000
262684	22000
28773	22000
52539	22000
263774	22000
263270	22000
10022	22000
33544	22000
51569	22000
28656	22000
136093	22000
39505	22000
59279	22000
12491	22000
9381	22000
38527	22000
327907	22000
8612	22000
34119	21000
49405	21000
53139	21000
17671	21000
37479	21000
266713	21000
53050	21000
59347	21000
208751	21000
26451	21000
37980	21000
2593	21000
32244	21000
56550	20500
17439	20480
328164	20480
265451	20480
45528	20480
133275	20480
7908	20000
250	20000
4764	20000
38280	20000
16253	20000
8301	20000
5505	20000
262730	20000
45287	20000
52765	20000
55256	20000
15734	20000
201754	20000
133613	20000
52973	20000
132847	20000
203261	20000
136873	20000
133410	20000
47203	20000
268548	20000
1640	20000
11272	20000
138576	20000
54506	20000
1916	20000
33164	20000
7516	20000
21277	20000
12857	20000
207588	20000
201102	20000
207199	20000
131960	20000
46595	20000
134618	20000
139225	20000
267522	20000
37680	20000
52951	20000
263518	20000
262900	20000
268749	20000
269462	20000
263067	20000
266059	20000
270299	20000
269499	20000
264596	20000
269208	20000
46023	20000
138839	20000
24299	20000
38081	20000
20001	20000
19035	20000
62712	20000
62819	20000
9751	20000
37356	20000
59276	20000
133803	20000
17995	20000
378	20000
36311	20000
64313	20000
210142	20000
33951	20000
60816	20000
32437	20000
267278	20000
55003	20000
57999	20000
56668	20000
265383	20000
265038	20000
19551	20000
137001	20000
16604	20000
263155	20000
19754	20000
16803	20000
11767	20000
267	20000
31042	20000
23486	20000
45754	20000
45804	20000
133296	20000
12883	20000
56528	20000
139734	20000
13681	20000
393573	20000
395471	20000
49192	20000
37783	20000
328395	20000
37682	20000
22941	20000
196755	20000
35699	20000
31452	20000
139970	20000
6515	20000
267815	20000
56264	20000
43533	20000
34718	20000
29785	20000
327849	20000
37529	20000
55002	20000
265974	20000
27688	20000
3242	20000
42064	20000
264570	20000
267032	20000
24008	20000
31169	20000
25374	20000
15960	20000
39029	20000
3737	20000
10103	20000
22591	20000
17378	20000
33445	20000
41088	20000
51088	20000
197301	20000
11383	20000
51395	20000
5662	20000
17707	20000
199524	20000
44513	20000
58715	20000
30259	20000
28265	20000
62240	20000
18881	20000
40328	20000
59112	20000
32425	20000
58678	20000
393670	20000
262868	20000
49690	20000
17113	20000
133315	20000
61805	20000
263049	20000
264331	20000
263124	20000
134293	20000
394994	20000
135193	20000
33771	20000
206125	20000
202766	20000
133680	20000
58430	20000
393420	20000
135098	20000
263151	20000
25853	20000
200738	20000
61873	20000
134715	20000
44030	20000
267513	20000
47043	20000
205099	20000
263258	20000
52201	20000
31430	20000
31122	20000
25091	20000
4721	20000
17939	20000
38195	20000
8660	20000
61174	20000
15738	20000
62856	20000
61186	20000
135126	20000
49463	19800
263478	19500
30880	19200
51254	19200
17666	19000
23661	19000
23074	19000
38753	19000
55685	19000
47680	19000
139967	19000
60602	18700
22873	18600
31235	18600
200794	18600
53165	18500
262336	18432
12902	18000
15657	18000
2128	18000
33419	18000
15766	18000
41391	18000
8784	18000
25593	18000
8513	18000
13135	18000
8553	18000
20915	18000
37986	18000
39636	18000
13826	18000
27822	18000
43013	18000
34304	18000
18559	18000
4677	18000
51906	18000
55644	18000
39287	18000
50837	18000
43858	18000
37519	18000
197617	18000
54119	18000
45348	18000
46156	18000
11179	18000
53169	18000
52352	18000
27879	18000
28590	18000
53218	18000
38289	18000
24195	18000
47027	18000
549	18000
9519	18000
3067	18000
34768	18000
61928	18000
133720	18000
262993	18000
203086	18000
36868	18000
262374	18000
35313	18000
134622	18000
135484	18000
198091	18000
37482	18000
197447	18000
61968	18000
263251	18000
266177	18000
39816	18000
45707	18000
62227	18000
137410	18000
136302	18000
48067	18000
197204	18000
138296	18000
14551	17600
15589	17304
57633	17000
37090	17000
18103	17000
136377	17000
263283	17000
197692	16800
4434	16080
30132	16000
8545	16000
2595	16000
43890	16000
32563	16000
136373	16000
9129	16000
264518	16000
17482	16000
267554	16000
8565	15800
16191	15600
27865	15600
20621	15500
34624	15400
263589	15360
10135	15300
13237	15000
17920	15000
43323	15000
12502	15000
28657	15000
44431	15000
62838	15000
17069	15000
53088	15000
53230	15000
134021	15000
18840	15000
135526	15000
134707	15000
58460	15000
266972	15000
45288	15000
265158	15000
58482	15000
201214	15000
266346	14500
38310	14336
30999	14200
55832	14192
134375	14096
6851	14000
58404	14000
43942	14000
36731	14000
52965	14000
262952	14000
263308	14000
12143	14000
46886	14000
262902	14000
262770	14000
21140	14000
205344	14000
137352	14000
137121	14000
204196	14000
136841	14000
263378	14000
29838	14000
28292	14000
35655	13600
9104	13200
41090	13200
24028	13200
44295	13200
199660	13200
199150	13200
328160	13100
4777	13000
262792	13000
49605	13000
47727	13000
48504	13000
37656	13000
52911	13000
262453	13000
28065	12900
9153	12800
262557	12800
8554	12600
33845	12600
29286	12600
53116	12600
34683	12600
41153	12600
24204	12400
263739	12290
10704	12288
17754	12288
265141	12288
328032	12288
52300	12288
203885	12288
56507	12288
21101	12200
136632	12192
58408	12144
31126	12120
20799	12000
29452	12000
15290	12000
14280	12000
5409	12000
8195	12000
3224	12000
33811	12000
7829	12000
16467	12000
53459	12000
33082	12000
23712	12000
33072	12000
30129	12000
30134	12000
30128	12000
52243	12000
33558	12000
23711	12000
23709	12000
30962	12000
16842	12000
9710	12000
2863	12000
39104	12000
28001	12000
31383	12000
26228	12000
8222	12000
25152	12000
12634	12000
34997	12000
34021	12000
34781	12000
15782	12000
3561	12000
13284	12000
29083	12000
35156	12000
24973	12000
25976	12000
41960	12000
11190	12000
45037	12000
35584	12000
40015	12000
9583	12000
23752	12000
29846	12000
48484	12000
37652	12000
11796	12000
50032	12000
13722	12000
47836	12000
23829	12000
30295	12000
17961	12000
8587	12000
53424	12000
24753	12000
16523	12000
35719	12000
24951	12000
50244	12000
50763	12000
14232	12000
33835	12000
44902	12000
38437	12000
41289	12000
45816	12000
13157	12000
31662	12000
17088	12000
12775	12000
57315	12000
1304	12000
51896	12000
51483	12000
37312	12000
45932	12000
53727	12000
9123	12000
197422	12000
24029	12000
49604	12000
23949	12000
27665	12000
6660	12000
58560	12000
52462	12000
42204	12000
33125	12000
24518	12000
24550	12000
44608	12000
35799	12000
15072	12000
56990	12000
18206	12000
49300	12000
39783	12000
198423	12000
12290	12000
20555	12000
16168	12000
42400	12000
8789	12000
31328	12000
59410	12000
29263	12000
51406	12000
16174	12000
50737	12000
9328	12000
35834	12000
197653	12000
43190	12000
53698	12000
35180	12000
48972	12000
25093	12000
5602	12000
43252	12000
28757	12000
53494	12000
59620	12000
49360	12000
28239	12000
28141	12000
53140	12000
133023	12000
132837	12000
53869	12000
3324	12000
9165	12000
3220	12000
54643	12000
37628	12000
10133	12000
54523	12000
41847	12000
262500	12000
53861	12000
29881	12000
263499	12000
133389	12000
53178	12000
28615	12000
37775	12000
29583	12000
262933	12000
63034	12000
47228	12000
23673	12000
62537	12000
52431	12000
7772	12000
262737	12000
10617	12000
52323	12000
202042	12000
61924	12000
52877	12000
36898	12000
16162	12000
60899	12000
25943	12000
28216	12000
18046	12000
131584	12000
41059	12000
201791	12000
56182	12000
28327	12000
264470	12000
26563	12000
18393	12000
39072	12000
200700	12000
55427	12000
62502	12000
58627	12000
327939	12000
31459	12000
36909	12000
59933	12000
393874	12000
203851	12000
264590	12000
393350	12000
134295	12000
262645	12000
55699	12000
61397	12000
43558	12000
393662	12000
328023	12000
264723	12000
13006	12000
201990	12000
28323	12000
11399	12000
204019	12000
35585	12000
52079	12000
198416	12000
22518	12000
199410	12000
45561	12000
47627	12000
15190	12000
135543	12000
63529	12000
60458	12000
52967	12000
263070	12000
198391	12000
37324	12000
9893	12000
21774	12000
203741	12000
206894	12000
52009	12000
197418	12000
199413	12000
36965	12000
39107	12000
199338	12000
56783	12000
48742	12000
35695	12000
11046	12000
40752	12000
39560	12000
52101	12000
203548	12000
327751	12000
203230	12000
39729	12000
57221	12000
203223	12000
8550	12000
132734	12000
207101	12000
133660	12000
23169	12000
198591	12000
44974	12000
132004	12000
44503	12000
199451	12000
39566	12000
202971	12000
41882	12000
52909	12000
266630	12000
262195	12000
206373	12000
265972	12000
58894	12000
42180	12000
26198	12000
263675	12000
263728	12000
5401	12000
264815	12000
52680	12000
264923	12000
36640	12000
58927	12000
60430	12000
262518	12000
198891	12000
12630	12000
15035	12000
205296	12000
64234	12000
265806	12000
17537	12000
206442	12000
200480	12000
135869	12000
134856	12000
5500	12000
197645	12000
204536	12000
266866	12000
58146	12000
138174	12000
55679	12000
264996	12000
135843	12000
12565	12000
18350	12000
138009	12000
200278	12000
8393	12000
5406	12000
205442	12000
138995	12000
269060	12000
28244	12000
58500	12000
45184	12000
37053	12000
44514	11500
135301	11500
328423	11264
201877	11200
138211	11200
34486	11000
38235	11000
45839	11000
37002	11000
202867	11000
48685	11000
49088	11000
14259	11000
394330	11000
328051	11000
133648	11000
8486	11000
4608	10900
209218	10888
36217	10600
48920	10600
31543	10600
202322	10500
59816	10240
61895	10240
53112	10240
262743	10240
20832	10200
30447	10050
15594	10000
33077	10000
14390	10000
31715	10000
26788	10000
8038	10000
36943	10000
12835	10000
199283	10000
28207	10000
4666	10000
45725	10000
198184	10000
58910	10000
38506	10000
60134	10000
55652	10000
59185	10000
29104	10000
37576	10000
200428	10000
134325	10000
60670	10000
199610	10000
38200	10000
200438	10000
60917	10000
262296	10000
45706	10000
48846	10000
265699	10000
7628	10000
266400	10000
267088	10000
137246	10000
137851	10000
135232	10000
51023	10000
45937	10000
133971	10000
29424	10000
138359	10000
37347	10000
138570	10000
268503	10000
24132	10000
394151	10000
268126	10000
263869	10000
55247	10000
53356	10000
262889	10000
64115	10000
60945	10000
209400	10000
34569	10000
38524	10000
61064	10000
64300	10000
39923	10000
210323	10000
12365	10000
34762	10000
55352	10000
262772	10000
262387	10000
134326	10000
262612	10000
263495	10000
35280	10000
61056	10000
265188	10000
133372	10000
393490	10000
56583	10000
262470	10000
267242	10000
269075	10000
135760	10000
394581	10000
262898	10000
266298	10000
29129	10000
207310	10000
42156	10000
140362	10000
270436	10000
328633	10000
56472	10000
207274	10000
268546	10000
328598	10000
1410	10000
47116	10000
61602	10000
26388	10000
13951	10000
30622	10000
266853	10000
32097	10000
135223	10000
204526	10000
14642	10000
3214	10000
34655	10000
12586	10000
13618	10000
15808	10000
271	10000
41349	10000
17604	10000
5583	10000
19969	10000
29154	10000
8793	10000
198408	10000
22302	10000
58882	10000
23688	10000
327930	10000
133100	10000
1351	10000
20205	10000
9607	10000
133968	10000
132031	10000
50782	10000
134858	10000
19711	10000
135753	10000
197140	10000
328176	10000
3580	10000
45355	10000
33922	10000
134937	10000
21211	10000
38067	10000
43513	10000
328204	10000
328341	10000
138041	10000
268430	10000
265962	10000
60371	10000
4765	9900
7717	9800
205388	9400
17473	9200
50467	9200
42476	9000
8491	9000
15692	9000
3599	9000
28073	9000
22080	9000
7597	9000
48712	9000
47850	9000
327922	9000
267588	9000
137295	9000
37109	9000
206404	9000
44141	8700
17374	8600
198093	8600
263480	8500
43599	8200
52869	8192
266374	8192
132923	8192
266470	8144
200983	8100
29215	8000
40528	8000
16876	8000
30123	8000
25572	8000
27916	8000
58406	8000
2484	8000
8859	8000
35223	8000
28707	8000
50683	8000
44314	8000
28165	8000
51514	8000
5017	8000
24523	8000
132774	8000
52625	8000
49792	8000
22750	8000
5692	8000
47169	8000
20928	8000
54042	8000
60157	8000
53197	8000
264130	8000
133881	8000
264009	8000
133797	8000
201508	8000
59954	8000
23696	8000
42228	8000
202918	8000
201333	8000
131303	8000
45650	8000
262788	8000
262755	8000
266028	8000
25590	8000
136885	8000
137080	8000
131775	8000
43369	8000
135419	8000
61929	8000
58750	8000
200392	8000
209261	8000
42300	8000
206640	8000
394914	8000
37627	8000
397524	8000
328237	8000
33791	8000
29446	8000
267117	8000
34936	8000
55670	8000
131717	8000
45312	8000
138829	8000
6881	8000
42353	8000
16685	8000
7578	8000
51580	8000
262811	7800
7631	7600
263393	7500
34549	7500
23541	7200
44583	7200
50858	7200
45950	7200
38477	7200
21351	7200
198271	7200
48374	7200
135423	7200
133664	7168
27789	7144
24557	7000
24077	7000
9497	7000
28859	7000
25473	7000
5071	7000
40739	7000
196689	7000
39318	7000
39310	7000
54415	7000
12975	7000
132919	7000
327943	7000
134929	7000
2606	7000
135465	7000
264295	7000
28139	7000
209086	7000
208976	7000
208188	7000
133817	7000
204264	6744
132901	6744
9092	6600
2500	6600
20917	6600
29246	6600
17435	6600
39600	6600
31576	6600
50620	6600
29513	6600
44334	6600
14500	6600
16218	6600
16363	6600
199248	6600
199396	6600
17996	6600
62336	6600
198334	6600
32614	6600
23774	6600
25471	6600
23666	6600
327700	6600
133173	6600
268568	6600
133718	6596
13226	6500
18104	6400
50796	6400
50857	6200
52458	6200
7496	6200
22989	6144
35184	6144
27345	6144
196640	6144
56209	6144
27932	6144
263128	6144
262753	6144
12305	6144
58969	6144
26068	6144
28438	6144
263917	6144
44084	6144
41522	6144
135253	6144
198216	6144
29245	6144
58725	6144
135861	6144
37030	6144
30988	6144
57079	6144
28639	6144
136330	6144
25328	6144
267121	6144
136533	6144
136480	6144
133967	6144
263459	6144
137627	6144
262727	6090
37650	6060
37357	6048
58683	6000
19817	6000
10255	6000
12059	6000
28877	6000
31216	6000
16559	6000
13101	6000
19752	6000
3043	6000
25975	6000
5462	6000
20704	6000
8804	6000
4837	6000
10848	6000
31661	6000
5418	6000
26627	6000
14833	6000
19214	6000
25286	6000
32105	6000
40193	6000
46199	6000
15149	6000
27318	6000
24049	6000
27320	6000
33073	6000
28054	6000
30130	6000
30131	6000
40475	6000
8495	6000
15773	6000
4319	6000
36824	6000
13246	6000
42366	6000
40068	6000
38181	6000
26972	6000
5568	6000
29488	6000
8596	6000
43436	6000
11830	6000
24989	6000
15935	6000
34960	6000
29655	6000
34554	6000
14585	6000
31641	6000
40495	6000
6903	6000
12968	6000
38321	6000
4795	6000
3248	6000
8092	6000
6900	6000
18392	6000
42585	6000
56065	6000
8648	6000
5726	6000
49190	6000
24586	6000
41644	6000
8391	6000
48519	6000
12348	6000
22781	6000
44259	6000
13871	6000
44765	6000
39915	6000
25795	6000
393225	6000
10745	6000
393220	6000
394018	6000
31972	6000
17579	6000
48885	6000
42416	6000
23308	6000
14866	6000
15857	6000
39449	6000
42760	6000
7296	6000
7595	6000
9167	6000
46195	6000
49492	6000
31474	6000
24796	6000
13214	6000
48514	6000
19528	6000
21336	6000
42605	6000
46656	6000
31147	6000
1133	6000
29243	6000
9266	6000
48315	6000
4280	6000
49854	6000
43782	6000
43911	6000
47328	6000
20569	6000
5683	6000
26088	6000
28196	6000
21864	6000
49820	6000
24321	6000
49983	6000
44219	6000
50066	6000
42973	6000
38948	6000
48284	6000
12541	6000
17444	6000
50087	6000
38149	6000
7522	6000
9026	6000
30162	6000
38544	6000
9877	6000
30583	6000
52841	6000
1850	6000
26546	6000
51040	6000
6850	6000
8950	6000
12347	6000
23779	6000
53582	6000
22300	6000
20501	6000
48528	6000
37113	6000
50370	6000
9003	6000
50292	6000
51224	6000
50719	6000
53093	6000
20633	6000
36052	6000
15388	6000
29297	6000
30640	6000
25139	6000
38199	6000
46064	6000
46235	6000
19842	6000
51218	6000
15301	6000
196621	6000
41628	6000
55915	6000
44009	6000
16217	6000
8330	6000
2470	6000
46309	6000
13573	6000
20738	6000
16866	6000
28192	6000
2108	6000
46231	6000
33005	6000
6834	6000
52102	6000
21911	6000
7753	6000
49232	6000
197764	6000
13746	6000
31564	6000
26918	6000
56848	6000
29152	6000
9931	6000
57124	6000
53837	6000
3401	6000
30998	6000
53948	6000
45144	6000
54046	6000
27464	6000
12757	6000
57423	6000
38278	6000
27541	6000
51823	6000
18588	6000
50387	6000
198239	6000
29553	6000
39470	6000
42841	6000
57202	6000
20924	6000
41872	6000
27626	6000
12540	6000
46215	6000
4224	6000
53389	6000
48362	6000
52328	6000
41811	6000
46664	6000
132111	6000
14746	6000
12327	6000
24582	6000
54444	6000
57381	6000
33361	6000
6086	6000
51050	6000
57516	6000
198570	6000
34510	6000
198818	6000
59560	6000
16004	6000
40999	6000
45945	6000
34233	6000
36959	6000
50372	6000
41695	6000
33854	6000
57228	6000
28654	6000
198492	6000
34942	6000
40850	6000
262787	6000
3633	6000
48297	6000
19233	6000
50468	6000
61215	6000
197219	6000
55350	6000
51886	6000
50206	6000
198288	6000
10654	6000
9208	6000
10367	6000
132435	6000
34868	6000
21461	6000
18638	6000
132730	6000
132536	6000
29998	6000
198554	6000
197736	6000
27193	6000
49902	6000
49505	6000
36958	6000
16737	6000
38781	6000
132426	6000
56833	6000
21360	6000
262680	6000
262757	6000
53235	6000
28640	6000
60532	6000
12362	6000
262839	6000
29231	6000
14558	6000
52896	6000
61337	6000
50968	6000
20338	6000
32738	6000
197589	6000
37079	6000
59554	6000
26320	6000
262501	6000
132876	6000
3842	6000
60362	6000
3250	6000
52836	6000
52944	6000
3186	6000
15691	6000
10431	6000
52550	6000
62929	6000
62182	6000
22919	6000
393316	6000
16798	6000
62947	6000
199706	6000
12650	6000
262492	6000
26689	6000
51744	6000
14613	6000
11045	6000
29606	6000
15398	6000
199937	6000
46873	6000
24290	6000
4270	6000
200163	6000
53901	6000
263062	6000
14829	6000
45680	6000
62588	6000
28152	6000
57007	6000
52275	6000
58792	6000
53022	6000
132933	6000
393431	6000
46110	6000
262805	6000
20681	6000
393470	6000
131291	6000
52465	6000
45496	6000
20686	6000
263337	6000
200187	6000
21478	6000
201764	6000
52317	6000
61470	6000
262189	6000
52420	6000
52498	6000
52824	6000
17673	6000
29844	6000
29305	6000
45910	6000
58436	6000
10670	6000
29897	6000
39373	6000
52380	6000
63128	6000
12236	6000
24226	6000
61816	6000
35949	6000
201962	6000
201505	6000
32432	6000
11514	6000
45884	6000
27790	6000
62782	6000
33781	6000
22402	6000
50710	6000
13064	6000
263460	6000
4594	6000
28026	6000
11114	6000
28364	6000
9355	6000
32678	6000
30691	6000
40966	6000
52736	6000
3669	6000
196670	6000
54039	6000
133678	6000
50597	6000
393717	6000
36273	6000
45133	6000
61026	6000
32397	6000
59102	6000
2607	6000
201506	6000
262871	6000
133936	6000
199188	6000
59370	6000
47608	6000
57660	6000
37177	6000
37181	6000
22748	6000
51728	6000
263432	6000
9559	6000
132848	6000
131475	6000
48588	6000
132917	6000
20448	6000
63383	6000
21832	6000
12276	6000
201222	6000
36483	6000
52490	6000
60116	6000
52401	6000
26312	6000
39391	6000
34916	6000
53173	6000
63450	6000
11986	6000
34450	6000
10925	6000
393945	6000
32546	6000
18986	6000
29355	6000
26414	6000
63863	6000
19381	6000
30076	6000
30919	6000
134355	6000
394010	6000
11301	6000
53154	6000
198095	6000
28670	6000
264101	6000
9916	6000
25081	6000
200780	6000
6082	6000
133344	6000
53191	6000
46047	6000
28941	6000
52795	6000
39764	6000
262229	6000
32764	6000
11948	6000
48294	6000
12696	6000
44994	6000
64200	6000
200759	6000
394356	6000
132142	6000
49524	6000
52399	6000
263126	6000
201206	6000
327894	6000
16039	6000
198342	6000
16652	6000
3624	6000
57141	6000
18534	6000
37629	6000
7530	6000
53164	6000
52631	6000
42555	6000
203640	6000
15154	6000
17832	6000
7489	6000
262878	6000
198313	6000
201020	6000
202030	6000
30247	6000
62363	6000
131602	6000
25581	6000
47814	6000
11342	6000
28317	6000
49855	6000
263395	6000
48461	6000
37399	6000
33623	6000
18650	6000
39532	6000
262607	6000
262650	6000
263818	6000
41721	6000
63126	6000
265159	6000
34723	6000
262949	6000
135036	6000
23352	6000
21889	6000
52348	6000
12929	6000
394514	6000
264062	6000
52381	6000
50333	6000
198913	6000
262149	6000
57961	6000
60435	6000
52999	6000
203112	6000
28635	6000
63421	6000
37634	6000
196949	6000
202054	6000
27734	6000
27884	6000
131603	6000
53233	6000
21919	6000
262585	6000
51551	6000
52702	6000
135247	6000
43578	6000
264704	6000
55043	6000
264116	6000
8542	6000
262378	6000
204028	6000
20193	6000
56190	6000
203591	6000
30892	6000
20015	6000
135192	6000
28118	6000
3061	6000
262614	6000
327960	6000
30986	6000
26968	6000
17014	6000
199888	6000
198269	6000
31394	6000
202744	6000
327859	6000
33772	6000
200001	6000
201986	6000
23641	6000
197186	6000
3165	6000
32334	6000
131911	6000
64415	6000
27733	6000
202921	6000
199517	6000
199645	6000
49761	6000
32337	6000
52601	6000
196969	6000
200142	6000
12102	6000
31479	6000
263768	6000
327821	6000
207195	6000
199550	6000
198430	6000
201049	6000
199787	6000
20714	6000
26343	6000
198909	6000
50515	6000
204121	6000
202994	6000
52455	6000
8458	6000
201068	6000
264191	6000
11844	6000
207028	6000
133130	6000
62373	6000
131274	6000
200577	6000
9648	6000
197046	6000
201953	6000
263873	6000
393907	6000
135793	6000
61487	6000
198072	6000
202177	6000
26317	6000
52290	6000
62560	6000
264527	6000
59686	6000
14211	6000
199842	6000
132535	6000
35047	6000
206999	6000
395152	6000
199981	6000
265639	6000
264797	6000
199201	6000
14845	6000
7270	6000
262685	6000
133232	6000
196928	6000
15765	6000
207156	6000
199790	6000
40165	6000
264152	6000
42717	6000
56745	6000
18568	6000
50016	6000
264785	6000
61864	6000
199468	6000
38805	6000
29571	6000
31510	6000
24743	6000
265672	6000
37103	6000
263897	6000
266210	6000
136300	6000
52596	6000
37623	6000
262167	6000
46401	6000
328125	6000
327900	6000
52716	6000
136417	6000
56441	6000
263235	6000
28103	6000
206720	6000
59670	6000
266610	6000
262786	6000
262452	6000
134366	6000
136552	6000
10778	6000
28160	6000
36730	6000
37055	6000
265041	6000
134319	6000
264282	6000
7663	6000
32806	6000
52327	6000
52372	6000
30900	6000
265771	6000
206108	6000
263968	6000
10217	6000
27935	6000
133007	6000
263120	6000
267507	6000
264230	6000
265995	6000
52236	6000
37027	6000
131483	6000
263384	6000
264471	6000
52349	6000
263228	6000
52413	6000
263190	6000
16350	6000
24806	6000
5385	6000
27259	6000
265760	6000
265729	6000
57508	6000
265030	6000
265952	6000
201950	6000
328232	6000
136323	6000
25563	6000
61527	6000
43009	6000
135639	6000
132097	6000
51484	6000
18021	6000
200799	6000
19147	6000
197518	6000
395612	6000
395627	6000
47989	6000
205260	6000
132722	6000
265871	6000
15757	6000
200960	6000
42325	6000
263248	6000
136764	6000
266044	6000
263713	6000
263963	6000
37616	6000
263572	6000
267102	6000
5397	6000
327941	6000
131446	6000
43154	6000
137144	6000
266657	6000
131248	6000
31914	6000
203146	6000
63998	6000
60752	6000
59572	6000
134736	6000
52169	6000
134305	6000
135801	6000
198330	6000
60314	6000
265016	6000
24620	6000
60082	6000
267294	6000
266926	6000
16827	6000
204086	6000
204558	6000
203255	6000
205389	6000
198279	6000
132836	6000
64477	6000
204346	6000
202488	6000
21388	6000
46506	6000
61242	6000
59986	6000
48487	6000
134264	6000
132974	6000
136713	6000
328275	6000
205535	6000
268222	6000
45954	6000
263698	6000
28050	6000
28748	6000
265209	6000
197529	6000
136287	6000
263606	6000
18875	6000
3268	6000
328339	6000
37916	6000
396914	6000
202086	6000
133915	6000
328346	6000
23676	6000
266840	6000
264297	6000
206483	6000
23038	6000
37281	6000
200736	6000
132046	6000
136668	6000
25557	6000
263732	6000
63945	6000
396951	6000
394650	6000
396960	6000
61633	6000
266835	6000
137236	6000
31277	6000
37999	6000
56140	6000
209874	6000
394366	6000
58239	6000
25946	6000
48027	6000
57136	6000
266640	6000
135383	6000
209287	6000
397715	6000
265056	6000
263019	6000
267620	6000
22798	6000
134643	6000
136131	6000
135468	6000
59155	6000
24530	6000
139425	6000
136861	6000
139947	6000
60810	6000
133808	6000
209752	6000
61600	6000
139075	6000
39905	6000
53018	6000
327733	6000
133593	6000
202829	6000
2515	5600
25467	5600
20984	5500
9872	5500
199121	5400
27877	5400
328144	5400
34458	5200
266092	5200
22355	5200
135180	5120
135850	5120
135792	5120
137608	5120
9051	5100
136338	5072
23713	5000
42755	5000
34419	5000
28855	5000
15562	5000
21315	5000
31251	5000
52640	5000
29438	5000
198738	5000
203679	5000
41201	5000
30261	5000
57118	5000
200753	5000
47529	5000
20677	5000
63320	5000
18918	5000
51191	5000
38595	5000
395378	5000
265983	5000
263084	5000
40861	5000
205191	5000
20218	5000
26038	5000
137042	5000
262818	5000
206048	5000
328167	5000
202519	5000
63069	5000
134152	5000
328152	5000
132160	5000
136670	5000
138195	5000
209678	5000
210144	5000
18647	5000
17716	5000
396472	5000
136749	5000
30730	5000
19523	5000
37130	5000
267746	5000
13837	5000
15414	5000
52503	5000
137824	5000
132641	5000
54037	5000
39671	5000
61221	5000
138847	5000
134178	5000
29169	5000
9145	5000
51313	5000
37266	5000
266020	5000
53096	4900
33554	4800
61749	4800
267649	4800
23708	4600
13878	4600
266300	4600
52952	4600
52532	4500
263401	4500
33081	4400
138686	4400
208970	4400
38456	4200
28056	4200
200077	4200
136990	4200
265238	4200
139641	4120
38457	4096
264290	4096
134883	4096
132562	4096
134035	4096
135854	4096
131215	4096
58438	4096
263374	4096
134278	4096
135202	4096
267540	4096
264238	4096
135184	4048
53106	4048
132540	4048
38712	4024
202384	4020
39469	4000
12414	4000
33074	4000
27848	4000
27319	4000
27322	4000
26790	4000
24469	4000
21013	4000
49432	4000
43407	4000
50234	4000
19875	4000
10929	4000
14651	4000
25689	4000
55799	4000
8916	4000
33522	4000
134391	4000
134399	4000
134395	4000
134396	4000
18210	4000
58620	4000
134390	4000
48291	4000
50809	4000
56260	4000
56233	4000
13926	4000
52789	4000
34274	4000
135754	4000
37674	4000
49695	4000
40809	4000
199863	4000
132515	4000
45294	4000
26156	4000
201353	4000
393280	4000
50607	4000
52769	4000
17445	4000
262957	4000
37455	4000
133487	4000
19807	4000
52938	4000
52884	4000
135028	4000
43503	4000
37704	4000
132988	4000
262338	4000
43126	4000
265644	4000
48276	4000
37429	4000
38742	4000
206506	4000
200608	4000
134663	4000
28189	4000
12732	4000
136358	4000
133638	4000
267573	4000
45170	4000
328119	4000
131609	4000
328110	4000
267282	4000
45587	4000
47884	4000
205819	4000
266803	4000
133354	4000
266494	4000
328287	4000
62445	4000
263645	4000
327743	4000
131314	4000
210234	4000
48825	4000
268490	4000
38004	4000
39855	4000
205844	4000
24076	4000
136908	4000
14224	4000
203649	4000
37695	4000
197686	4000
201553	4000
39126	4000
63981	4000
15739	4000
35711	4000
131644	4000
52786	4000
209408	4000
36394	4000
60930	4000
200147	4000
23938	4000
267859	4000
266715	4000
37777	4000
34235	4000
12976	4000
37428	4000
209673	4000
207146	4000
50377	4000
43065	4000
46939	4000
328476	4000
137178	4000
268809	4000
328223	4000
132445	4000
199976	4000
327906	4000
31611	4000
207622	4000
266140	4000
61802	4000
268144	4000
131749	4000
17538	4000
59139	4000
137363	4000
24527	4000
138838	4000
58474	4000
133352	4000
58485	4000
38148	4000
38783	4000
45701	4000
135464	4000
138131	4000
59613	4000
30272	4000
135763	4000
207618	4000
52436	4000
59766	4000
268710	4000
34225	4000
29636	4000
20766	4000
33078	4000
44134	4000
33597	4000
38915	4000
30803	4000
28846	4000
41497	4000
56511	4000
202032	4000
30933	4000
134078	4000
327909	4000
262644	4000
18931	4000
264580	4000
52547	4000
202053	4000
39233	4000
24446	4000
264992	4000
134946	4000
24243	4000
265865	3700
48626	3600
52419	3600
267326	3500
268619	3500
265715	3300
37638	3300
264752	3200
44977	3200
137069	3100
37186	3100
262756	3072
136230	3072
27754	3072
131442	3072
58405	3072
53192	3020
30122	3000
30133	3000
6102	3000
12759	3000
21056	3000
1798	3000
34362	3000
51446	3000
41357	3000
19468	3000
131310	3000
34407	3000
28801	3000
28187	3000
22431	3000
262561	3000
262695	3000
31222	3000
61902	3000
393626	3000
52722	3000
52669	3000
60501	3000
11910	3000
28307	3000
264311	3000
52813	3000
57254	3000
202627	3000
134832	3000
198374	3000
262466	3000
264708	3000
35489	3000
265027	3000
264022	3000
264795	3000
133615	3000
23667	3000
205381	3000
204981	3000
262711	3000
267219	3000
202313	3000
135597	3000
266149	3000
52326	3000
24691	3000
135841	3000
200590	3000
6233	3000
135055	3000
33582	3000
33569	3000
43338	3000
29097	3000
206945	3000
200191	3000
205168	3000
268525	3000
262231	3000
38150	3000
134863	3000
31960	3000
36865	3000
138627	3000
135415	3000
131636	3000
135234	3000
26709	3000
7727	3000
135719	3000
6505	3000
135218	3000
6373	3000
208097	3000
138143	3000
138276	3000
266260	3000
197197	3000
50903	3000
59164	3000
134009	3000
61092	3000
135780	3000
135269	3000
204982	3000
24594	2800
24206	2800
47748	2800
268060	2600
265409	2500
207866	2500
5560	2400
2854	2400
198290	2400
61785	2400
263978	2400
266365	2400
204994	2400
55680	2320
197890	2300
200303	2200
207401	2200
48126	2200
24005	2200
56791	2100
52681	2100
201494	2100
132268	2100
34800	2100
7532	2048
42235	2048
205086	2048
138115	2048
27659	2048
58898	2048
134605	2048
27967	2048
393807	2048
132559	2048
134922	2048
53127	2048
135226	2048
52688	2048
28589	2000
37098	2000
49933	2000
51786	2000
262527	2000
62100	2000
42183	2000
131247	2000
262307	2000
135000	2000
25516	2000
47522	2000
37698	2000
209263	2000
23923	2000
201695	2000
134933	2000
57166	2000
267654	2000
138988	2000
398202	2000
202347	2000
139329	2000
134522	2000
43928	2000
31673	2000
133089	2000
267386	2000
266598	2000
268523	2000
266545	2000
270383	2000
265297	2000
52477	2000
135480	2000
24207	2000
138130	2000
137378	2000
24212	2000
138887	2000
38776	2000
63882	2000
196922	2000
139605	2000
50311	2000
63874	2000
137316	2000
139446	2000
56239	2000
139972	2000
208817	2000
139909	2000
201714	2000
328543	2000
139956	2000
135323	2000
55789	2000
137159	2000
28602	2000
263720	2000
135964	2000
396841	2000
52356	2000
263762	2000
138876	2000
37708	2000
138745	2000
139528	2000
269258	2000
60304	2000
30286	2000
43518	2000
209152	2000
47442	2000
139833	2000
209109	2000
41666	2000
34927	2000
207549	2000
138365	2000
207317	2000
327720	2000
23679	2000
38143	2000
49781	2000
139431	2000
45296	2000
131773	2000
58401	2000
139978	2000
138119	2000
138079	2000
136088	2000
137358	2000
14295	2000
18520	2000
132448	2000
38771	2000
34019	2000
8201	2000
23342	2000
3130	2000
24541	2000
27781	2000
39145	2000
12826	2000
29449	2000
41495	2000
8820	2000
47617	2000
18221	2000
46609	2000
41471	2000
35260	2000
36687	2000
14333	2000
45500	2000
39583	2000
26253	2000
55761	2000
47297	2000
38757	2000
11624	2000
55658	2000
132646	2000
199516	2000
17561	2000
263536	2000
28328	2000
52344	2000
15672	2000
197922	2000
19116	2000
37363	2000
204005	2000
263555	2000
61913	2000
327850	2000
22549	2000
264262	2000
134877	2000
131459	2000
38515	2000
134259	2000
266344	2000
328033	2000
59432	2000
263043	2000
54721	2000
327814	2000
48105	2000
263143	2000
262887	2000
133651	2000
52923	2000
394102	2000
265959	2000
59368	2000
135848	2000
42774	2000
60975	2000
136255	2000
136708	2000
35135	2000
327817	2000
24953	2000
30126	2000
2042	2000
41393	2000
197669	2000
20406	2000
23201	2000
56203	2000
29170	2000
133536	2000
38496	2000
52936	2000
327761	2000
134204	2000
37302	2000
328262	2000
264555	1900
13917	1800
47138	1800
35053	1800
16210	1800
29140	1800
1880	1800
53114	1800
53166	1800
61319	1800
263356	1800
264754	1800
263755	1800
6083	1600
6853	1600
48252	1600
24232	1600
266280	1600
53209	1600
12577	1500
37223	1500
51159	1500
198721	1500
49653	1500
61203	1500
263548	1400
137935	1300
209291	1300
43573	1300
27024	1250
29876	1200
36184	1200
23710	1200
24048	1200
21476	1200
12381	1200
29259	1200
18227	1200
55865	1200
54210	1200
40034	1200
39931	1200
197551	1200
63829	1200
35551	1200
51349	1200
48310	1200
47628	1200
17400	1200
263290	1200
42310	1200
263893	1200
133501	1200
264608	1200
60718	1200
58475	1200
24880	1200
45956	1200
39010	1200
266896	1200
52387	1200
15401	1200
43853	1200
139249	1124
35579	1100
209530	1100
131668	1100
17890	1100
209555	1100
267427	1024
133989	1024
23893	1024
55806	1024
18230	1024
9115	1005
45220	1000
24129	1000
17895	1000
9189	1000
137937	1000
267126	1000
206782	1000
21659	1000
262416	1000
207654	1000
207491	1000
6735	1000
60391	1000
52545	1000
52998	1000
58145	1000
7562	1000
266571	1000
268280	1000
30362	1000
267732	1000
37622	1000
39070	1000
36827	1000
267830	1000
269040	1000
267062	1000
21058	1000
267833	1000
16921	1000
328518	1000
53057	1000
269432	1000
49752	1000
51001	1000
63027	1000
133809	1000
207770	1000
136244	1000
207439	1000
45424	1000
131091	1000
139021	1000
22425	1000
269091	1000
206215	1000
205920	1000
269875	1000
139449	1000
213377	1000
268268	1000
36198	1000
23855	1000
139628	1000
213342	1000
41051	1000
134917	1000
62321	1000
135225	1000
35568	1000
138663	1000
36936	1000
268821	1000
53046	1000
53185	1000
54728	1000
57695	1000
136370	1000
57782	1000
58731	1000
328441	1000
4618	1000
138910	1000
20932	1000
24050	1000
33071	1000
34505	1000
6775	1000
7469	1000
17824	1000
42473	1000
15177	1000
37159	1000
3595	1000
27413	1000
59414	1000
47692	1000
31402	1000
28198	1000
27693	1000
202194	1000
26753	1000
24492	1000
132679	1000
133043	1000
17469	1000
199230	1000
327908	1000
45951	1000
50677	1000
262568	1000
17416	1000
262713	1000
25435	1000
53094	1000
132372	1000
41651	1000
135876	1000
135425	1000
136451	1000
52373	1000
41139	1000
48507	1000
134265	1000
133311	1000
39650	1000
204708	1000
136175	1000
328255	1000
205614	1000
205964	1000
205718	1000
37395	1000
328043	1000
136982	1000
137273	1000
203976	1000
204671	1000
32030	1000
57581	1000
204633	1000
328229	1000
206262	1000
33932	1000
135190	1000
42181	1000
137016	1000
17806	1000
138536	1000
202328	1000
34553	1000
6066	930
28262	900
9341	900
21246	900
18052	800
24892	800
42587	800
266355	800
266133	800
138632	700
13049	660
55420	660
30889	600
23310	600
11271	600
34746	600
33472	600
15436	600
25752	600
30141	600
41037	600
20507	600
41399	600
1982	600
8481	600
25504	600
29430	600
14970	600
34764	600
13105	600
34144	600
21840	600
44212	600
28929	600
23677	600
20081	600
9290	600
15716	600
31555	600
20483	600
31653	600
33211	600
42937	600
45425	600
24238	600
49867	600
3661	600
4641	600
14166	600
47302	600
17501	600
196967	600
28182	600
36275	600
46373	600
197439	600
2597	600
196763	600
32586	600
26106	600
12431	600
45444	600
48913	600
13591	600
10015	600
57821	600
18149	600
38190	600
35399	600
197038	600
61044	600
24006	600
47762	600
31319	600
52920	600
18612	600
36315	600
173	600
27983	600
133444	600
12822	600
11008	600
59752	600
199547	600
8310	600
132645	600
8922	600
56109	600
24347	600
59919	600
17970	600
263928	600
37120	600
56204	600
50623	600
133072	600
25491	600
48847	600
11947	600
35001	600
49640	600
24634	600
266475	600
21201	600
393629	600
205610	600
262266	600
131996	600
38217	600
57089	600
37190	600
62230	600
267673	600
202806	600
204909	600
266687	600
204662	600
17689	600
264650	600
34527	600
12556	600
204188	600
37472	600
35090	500
39615	500
38887	500
31680	500
25433	500
6734	500
16347	500
42492	500
12854	500
52186	500
17747	500
328107	500
52051	500
203040	500
204185	500
265890	500
268539	500
5377	500
53061	500
9601	500
4558	424
5764	400
10678	400
29471	400
36388	400
9327	400
39180	400
19089	400
34578	400
24632	400
45054	400
52828	400
28303	400
133318	400
46045	400
264382	400
137936	400
267801	400
27806	400
32398	400
205927	400
28215	400
263486	400
327822	400
264602	400
203968	400
28211	400
265356	400
265464	400
267520	400
264756	360
29006	300
29590	300
48344	300
262716	300
265702	300
44207	300
59340	300
328522	300
201146	300
61903	300
18719	300
48821	300
208063	300
267083	280
37192	270
62166	250
31055	240
13287	200
268713	200
37286	200
36369	200
207454	200
140219	200
51778	200
328585	200
207394	200
209645	200
47902	200
24776	200
39196	200
24381	200
35821	200
9892	200
8338	200
30528	200
5111	200
56662	200
132022	200
58578	200
53216	200
132882	200
327775	200
132376	200
133309	200
134232	200
36889	200
8661	200
132531	180
2499	120
327981	120
44024	100
204438	100
140244	100
213386	100
10557	100
135206	100
27744	100
202301	100
213253	100
55784	100
21158	100
209833	100
16242	100
9229	100
56911	100
33983	100
131477	100
38592	100
138023	100
202479	100
206610	100
57757	100
203615	80
16503	60
15434	60
50088	60
13357	60
393853	60
37224	60
213330	50
20291	50
55822	42
15469	40
37044	40
36997	40
61417	40
39271	40
43660	30
37209	28
132003	24
269163	20
54049	12
269104	10
21693	10
37062	8
37133	6
263855	6
52423	5
137653	2
13594	2
13273	2
270320	1
6762	0
32787	0
2519	0
31133	0
26193	0
8015	0
17222	0
60497	0
21339	0
8470	0
51324	0
21083	0
327692	0
4755	0
6895	0
327976	0
56196	0
15932	0
57724	0
200125	0
41841	0
56575	0
198529	0
44124	0
196883	0
37424	0
6300	0
198035	0
197318	0
38942	0
42935	0
20530	0
198187	0
48694	0
43171	0
50095	0
200602	0
35199	0
200750	0
197181	0
3169	0
199510	0
44784	0
197345	0
22541	0
200089	0
52031	0
55714	0
43495	0
198007	0
48629	0
41833	0
62328	0
197697	0
199774	0
203937	0
203742	0
35787	0
206910	0
51863	0
197809	0
41379	0
42374	0
197099	0
42852	0
60755	0
29070	0
61154	0
202936	0
197295	0
198709	0
198424	0
198906	0
199265	0
197572	0
203505	0
203306	0
59611	0
198214	0
206489	0
10355	0
263097	0
57890	0
203765	0
199005	0
51101	0
62201	0
197375	0
199381	0
60219	0
196979	0
395478	0
56983	0
57665	0
3352	0
198766	0
201531	0
197437	0
201001	0
51960	0
199341	0
51068	0
265692	0
262690	0
206762	0
37087	0
52414	0
3582	0
59776	0
201332	0
264857	0
57945	0
197766	0
203157	0
33494	0
135895	0
49633	0
264853	0
10803	0
133859	0
206736	0
205073	0
21030	0
52664	0
62184	0
3249	0
206406	0
263699	0
264013	0
199473	0
132556	0
36707	0
205384	0
57332	0
198493	0
56324	0
57701	0
202626	0
57101	0
203582	0
136857	0
197837	0
136336	0
41044	0
50916	0
198081	0
37345	0
19091	0
28468	0
41297	0
203667	0
138222	0
31230	0
327753	0
60265	0
209854	0
24064	0
202434	0
328111	0
268801	0
396300	0
47237	0
206460	0
137597	0
136994	0
328401	0
52473	0
27017	0
10361	0
131954	0
49941	0
12833	0
60119	0
52544	0
199138	0
58158	0
32082	0
37550	0
27993	0
395326	0
209451	0
207306	0
43824	0
134331	0
207834	0
269826	0
328055	0
51185	0
265777	0
205897	0
207071	0
18997	0
56523	0
59598	0
204479	0
24257	0
38207	0
206479	0
135031	0
2486	0
33333	0
47950	0
17048	0
210283	0
50321	0
51262	0
63830	0
26930	0
43653	0
