32934	246540000
714	220780000
16509	215400000
8075	146620000
13335	132490000
54113	96670000
20940	94609000
22822	71060000
16276	60070000
6939	45610000
46489	44420000
17676	41380000
6805	32580000
33891	30440000
7342	27200000
3209	25180000
31334	24960000
39386	21986000
2516	20736000
6461	18344000
3356	17476000
9498	17150000
64049	17040000
2497	16650000
328058	16000000
19679	14760000
4230	14600000
8447	14400000
29990	14140000
2119	13930000
28604	13800000
25506	13230000
9002	12556000
15169	12280000
20115	12260000
12389	11670000
6667	11648000
5650	11100000
49544	11100000
2856	11050000
1136	11000000
8966	10806000
63293	10770000
3216	10634000
4181	10547000
2635	10510000
2518	10370000
2914	9800000
4637	9785000
8473	9770000
226	9760000
38022	9600000
1267	9501600
12552	9460000
5607	9120000
41095	9033000
17511	8870000
6830	8850010
6730	8686000
55391	8640000
15133	8610000
9009	8430000
5578	8080000
5400	8059000
265950	7913000
21320	7715000
8359	7516000
12874	7260000
20485	7140000
12989	7040000
2514	6850000
36408	6822000
5410	6720000
6774	6712000
2527	6690000
25933	6674000
57344	6440000
34756	6400000
328045	6400000
13285	6390000
36459	6350000
6327	6346000
5089	6260000
2686	6256000
29314	6110000
2907	6004000
16086	6000000
680	5990000
15435	5960000
56478	5950000
2818	5930000
12189	5928000
2603	5920000
38634	5900000
4760	5760000
58453	5670000
61832	5625060
6079	5560000
47541	5490000
1103	5482000
1547	5476000
15557	5470000
52320	5360000
22356	5278000
132164	5132000
15412	5112000
12713	5100000
7843	5090000
45899	5090000
15305	4930000
11164	4900000
16591	4890000
38082	4852000
13030	4850000
28663	4805000
1273	4800000
18734	4800000
23620	4800000
5645	4710000
61955	4680020
52580	4646000
32098	4626000
35228	4480000
4556	4480000
12322	4450000
9304	4376000
15704	4360000
11260	4250000
6507	4250000
46786	4220000
6509	4188000
13768	4022000
37447	4004000
270346	4000000
3292	3940000
23393	3856000
11404	3840000
12430	3820000
2510	3800000
37100	3784000
3265	3680000
36692	3640300
20880	3640000
9534	3610000
9121	3580000
25192	3577000
12083	3560000
39651	3531000
786	3520000
30722	3520000
24203	3510000
24785	3500000
1257	3480600
9824	3440000
5588	3420000
812	3410000
202276	3400000
29535	3380000
668	3360000
327693	3350000
2711	3320000
40356	3320000
14413	3318000
42708	3310000
62041	3300000
16637	3260000
19151	3250000
23520	3240000
7575	3232000
27381	3220000
5432	3200000
6661	3200000
262206	3200000
15962	3200000
11888	3200000
38091	3160000
8717	3140000
9318	3034000
137872	3000000
3630	2940000
55818	2927600
4739	2880000
20504	2880000
15802	2880000
28368	2875000
23563	2820000
4800	2768000
23576	2720000
12479	2720000
18403	2660000
12714	2656000
34224	2610000
9269	2605000
35320	2600000
3255	2600000
43531	2596000
50384	2590000
42525	2576000
34984	2540000
5378	2540000
37271	2462000
9680	2460000
8426	2458000
8529	2448000
5713	2440210
26615	2440000
47764	2430000
47377	2400000
37662	2390000
6057	2350000
11232	2340000
5413	2292000
59605	2286000
264144	2260000
7738	2256000
13760	2250000
38895	2250000
13037	2230000
23184	2230000
30517	2210000
15542	2200000
1741	2200000
30600	2120000
12849	2100000
132203	2100000
109	2081000
12200	2080000
7029	2080000
40788	2080000
31500	2072000
2851	2060000
205216	2060000
34867	2040000
4766	2030000
22646	2030000
7155	2020000
3327	2010000
52941	2000000
139023	2000000
702	1992600
31027	1990000
53180	1990000
9505	1976000
13489	1970000
3741	1969300
9050	1960000
7195	1950000
4648	1940000
197595	1940000
46450	1940000
4134	1930000
3491	1926000
2828	1920000
23881	1920000
58073	1920000
393565	1920000
8657	1910000
13445	1897000
36089	1890000
2116	1856000
38880	1856000
6128	1840000
18081	1820000
31655	1800000
6768	1800000
396253	1765000
4713	1760000
293	1760000
200981	1760000
11269	1760000
28580	1754000
62887	1750000
23473	1715000
48237	1712500
4761	1712000
64050	1700000
7545	1682000
6614	1680000
14630	1658000
262503	1648000
2852	1640000
40428	1640000
10474	1632000
50304	1630000
3601	1600000
33362	1600000
58682	1600000
49378	1600000
47605	1596000
43727	1590000
28146	1580000
197790	1560000
17451	1555000
28126	1540000
28343	1535000
25180	1532000
2906	1530000
196925	1520000
55900	1520000
17072	1520000
15600	1510000
61449	1510000
4685	1500000
132825	1500000
28260	1490000
30094	1488000
15224	1484000
14282	1483000
30844	1476000
10026	1475840
9930	1470000
14868	1468000
13170	1466000
53013	1460000
9723	1440000
10143	1440000
39608	1440000
2559	1440000
21245	1430000
137922	1430000
16904	1420000
18705	1410000
62955	1410000
6697	1410000
17639	1403000
34218	1400000
24748	1400000
267056	1400000
47582	1400000
44050	1398000
29119	1380000
27471	1368000
7552	1350000
31939	1350000
200455	1350000
38883	1341000
4773	1340000
24115	1340000
52871	1340000
11686	1330000
8455	1330000
9231	1318000
25358	1313000
30781	1307000
53766	1302000
2611	1300000
35407	1300000
263903	1300000
20943	1300000
6465	1300000
202425	1300000
17559	1296000
39326	1294000
22689	1292800
28158	1291000
35753	1290000
52925	1290000
9354	1286000
26415	1286000
262355	1285000
7795	1280000
39202	1280000
33915	1280000
10030	1280000
766	1280000
6866	1280000
62	1280000
54183	1280000
54312	1280000
27715	1280000
63221	1280000
201641	1280000
59027	1280000
52840	1270000
28338	1260000
262740	1250000
4651	1250000
8781	1241000
9116	1240000
36062	1240000
8220	1236000
12353	1230000
21976	1230000
54133	1220000
61400	1220000
18106	1207000
2110	1200000
19009	1200000
101	1200000
38622	1190000
33132	1190000
262287	1180020
6908	1180000
9595	1180000
7473	1170000
53162	1168000
2860	1160000
263297	1160000
263327	1152000
266470	1151928
6412	1146000
5603	1140000
5009	1140000
263073	1140000
30081	1140000
58507	1134000
26801	1130000
200020	1125000
852	1120000
29550	1120000
577	1120000
18121	1120000
13124	1120000
3786	1120000
25512	1120000
38790	1120000
8095	1120000
23404	1110000
27475	1110000
23148	1100000
39832	1100000
4258	1100000
43332	1100000
28598	1100000
45158	1095000
62904	1090000
15830	1085000
5483	1080000
26162	1072000
1680	1070000
703	1064000
24940	1060000
43205	1060000
8632	1056000
25885	1040000
12392	1040000
33438	1040000
28716	1036000
9500	1020000
24033	1020000
30990	1020000
2687	1019000
45780	1017000
7679	1010000
262848	1009000
12731	1000000
37153	1000000
59930	1000000
209222	1000000
7418	1000000
136106	989000
12956	985000
9924	980200
51500	980000
21385	979200
44053	976400
262659	976000
4788	972500
6407	972000
23889	962000
2152	961500
21502	960000
9070	960000
29695	960000
43646	960000
21321	960000
32184	960000
38819	960000
45204	960000
6848	960000
49685	960000
7415	960000
6471	960000
38858	950000
53158	950000
36924	949000
21574	948000
39912	944000
17709	940000
5769	930000
12871	920000
41798	920000
37168	916000
262729	910000
265937	910000
132132	900000
62044	900000
6181	890000
262773	888000
137	885000
8462	885000
48919	882000
35213	881000
28171	880000
22616	880000
35432	878000
9031	874000
5511	870000
262428	870000
6922	870000
9342	862000
7992	860000
9365	860000
43561	853000
46	840000
13189	829000
36236	825000
11758	820000
41998	820000
13193	816000
26803	816000
49158	810000
31272	804800
559	800000
25899	800000
13249	800000
7632	800000
34700	800000
263665	800000
719	800000
42830	800000
197482	800000
23693	800000
19324	800000
35362	800000
327987	800000
50473	800000
49477	800000
36040	790000
17941	790000
262807	789500
262778	788000
28624	780000
13576	780000
266989	780000
138132	777000
9729	776000
7862	772000
62668	770000
264668	768000
206819	761000
8452	750000
19108	740000
12129	740000
39642	740000
263080	740000
52005	740000
58601	730000
37282	726000
10310	720000
15419	720000
133612	720000
14026	720000
17885	720000
34305	720000
1828	719000
7670	710000
262468	710000
27988	710000
14969	709000
58530	704000
9667	700000
63242	700000
137831	700000
9605	700000
20144	696000
11814	696000
26554	692000
53184	690960
7049	690000
43668	690000
136743	690000
34244	684000
4635	682000
30419	680000
51852	680000
131917	680000
45558	680000
10036	680000
11979	680000
9902	676000
24130	672000
12678	672000
21371	670000
42000	670000
327991	670000
53065	666000
19165	665000
12041	662000
22724	661000
202023	660000
30838	660000
52551	658050
28202	658000
3267	657600
6067	656000
15958	656000
36937	655000
9650	652000
48166	651000
27524	650000
132296	650000
58580	645000
8365	640000
29422	640000
11096	640000
17819	640000
25577	640000
39102	640000
36351	640000
39704	640000
4787	640000
20845	640000
60339	640000
31242	640000
8535	640000
15517	640000
1424	640000
13147	640000
8866	640000
41678	640000
28666	640000
28267	640000
8448	640000
19996	640000
18260	640000
41164	640000
35193	640000
58209	640000
47242	640000
25255	640000
48634	640000
54998	640000
22147	640000
8445	640000
5403	640000
10118	640000
17054	640000
197451	640000
56038	640000
3261	640000
17012	640000
132680	640000
48620	640000
50204	640000
44735	640000
28576	640000
13807	640000
27919	640000
40526	640000
3754	640000
28554	640000
30818	640000
6307	640000
135262	640000
266167	640000
55182	640000
27925	640000
51069	640000
3320	636000
52579	636000
14492	635000
38466	632000
9044	630000
25668	630000
28331	630000
24703	630000
267469	630000
6447	628100
4657	622000
18182	620000
53037	620000
61102	620000
58941	620000
64220	620000
54827	620000
47481	618000
9299	615000
45638	615000
16302	611500
23498	610000
50643	610000
15085	610000
38333	610000
262476	610000
12709	610000
7600	602000
35717	600000
17924	600000
21413	600000
10158	600000
53240	600000
44416	600000
264215	600000
56444	600000
49824	600000
20347	600000
50129	600000
49374	600000
44066	600000
47872	600000
27589	596000
37417	593000
11666	592000
32286	592000
28330	592000
10098	591600
28649	591000
8308	590000
26496	590000
5391	590000
27747	590000
24751	590000
44843	590000
58243	590000
266931	590000
41206	580000
26446	580000
3300	576000
34610	576000
197888	576000
41018	576000
14340	570200
8674	570000
1241	570000
18278	570000
28229	570000
26120	570000
35745	563000
262760	562000
38987	562000
44684	560000
30041	560000
262664	560000
52696	560000
262731	560000
43729	560000
136557	557000
17922	556000
8968	556000
17583	550000
24324	544000
16570	544000
56396	540000
28191	540000
265399	540000
15598	540000
262865	539000
263421	536000
40029	530000
37693	530000
13000	530000
136784	530000
12859	528000
33011	528000
1239	527000
6677	520000
38107	520000
7782	520000
21232	520000
15502	520000
59384	520000
60169	520000
16110	520000
25019	520000
15377	520000
37697	520000
64315	514000
41552	513500
47422	513000
8487	512400
22691	512000
12310	512000
7311	512000
56258	512000
35761	512000
134697	510900
37678	507000
10003	507000
14361	506000
9264	504000
20121	504000
17665	502500
10029	502000
45352	500800
24916	500000
29009	500000
20773	500000
16700	500000
28665	500000
24277	500000
21488	500000
133403	500000
63290	500000
12847	500000
11550	500000
41194	500000
56931	500000
10010	500000
3701	496000
8399	496000
3262	496000
17547	496000
31463	496000
199319	496000
28125	492000
63516	490000
263616	490000
9749	487000
30539	486000
18283	486000
11142	486000
12654	481600
10835	481600
7475	481500
701	480000
2381	480000
237	480000
6695	480000
2529	480000
12306	480000
40511	480000
36944	480000
39605	480000
11403	480000
26163	480000
9008	480000
59900	480000
48918	480000
16735	480000
1406	480000
8530	480000
33083	480000
25148	480000
18268	480000
34056	480000
39545	480000
36012	480000
26677	480000
36280	480000
10302	480000
2614	480000
55569	480000
23786	480000
47708	480000
47264	480000
36222	480000
57866	480000
35805	480000
38651	480000
262403	480000
13825	480000
61374	480000
52752	480000
51409	480000
9993	480000
3128	480000
10578	480000
63270	480000
3252	480000
262485	480000
9834	480000
53078	480000
9029	480000
16851	480000
36734	480000
30028	480000
42981	480000
41508	480000
18747	480000
48956	480000
35434	480000
196729	480000
202103	480000
202196	480000
45269	480000
29107	480000
18255	480000
39251	480000
8819	480000
202409	480000
131937	480000
39507	480000
205139	480000
23930	473000
21777	471000
1422	470000
23089	470000
394497	470000
267484	470000
9957	466000
20459	466000
199503	466000
38327	466000
41420	460000
9997	460000
53152	460000
36873	460000
43656	460000
34120	460000
7385	460000
262847	459000
1836	456000
3257	455000
7713	452000
21409	450000
6473	450000
12693	450000
17534	450000
45031	450000
1659	450000
327901	450000
61157	450000
9457	450000
45011	450000
21808	450000
27955	448000
30950	440000
8540	440000
49290	437500
9246	436000
262505	436000
35575	435000
13896	435000
47195	434000
44788	430000
18450	430000
39444	430000
132215	429000
15763	426500
37613	421000
19318	420000
13370	420000
59536	420000
7671	420000
17882	420000
52751	420000
4780	420000
131912	420000
39551	420000
131934	420000
31898	420000
3302	416000
13009	416000
3225	416000
38758	416000
58057	411000
13122	410000
18200	410000
54329	410000
19189	410000
28370	410000
7162	410000
37892	410000
52468	410000
224	406000
133120	402500
28166	402000
133930	402000
39899	400200
37105	400000
56329	400000
262343	400000
134139	400000
34058	400000
26133	400000
22697	400000
136907	400000
59783	400000
376	400000
37611	400000
37358	399000
266448	395000
55329	392000
61189	392000
56308	391000
52937	390500
4818	390000
23783	390000
23114	390000
16243	390000
262444	390000
55785	390000
132770	390000
23704	390000
59460	390000
396356	390000
50050	390000
35640	390000
197727	387000
9297	384000
22363	384000
60474	383500
202004	381000
42	380900
5541	380000
12387	380000
6679	380000
40220	380000
10002	380000
263055	380000
23778	380000
4557	380000
42456	378800
6663	375000
59699	374400
262532	372736
41096	372000
31727	370000
56030	370000
28145	370000
199408	370000
21367	370000
32233	370000
16839	369000
12350	368000
10021	368000
38322	368000
37150	368000
26613	368000
19889	365000
20910	365000
34803	364000
24709	363000
28201	363000
32217	363000
8544	360000
22742	360000
11835	360000
23314	360000
24572	360000
206548	360000
1759	360000
56309	360000
41275	360000
38861	358000
37254	357000
4770	354000
34245	352000
24852	352000
327698	352000
204053	352000
204222	352000
51060	352000
44646	352000
10094	350000
50629	350000
52908	350000
53147	350000
13786	350000
210278	350000
15399	348000
62040	344064
53115	344000
28258	344000
55720	343000
56828	342000
327984	342000
50083	342000
18150	340000
15440	340000
17506	340000
54665	340000
262434	340000
26479	340000
52689	340000
42504	340000
21559	340000
263880	340000
32505	340000
40317	340000
137280	340000
37468	340000
61323	340000
25818	338900
10490	336000
7752	336000
16586	336000
27008	336000
4844	336000
16371	336000
13243	336000
4628	336000
22772	336000
25460	336000
57353	336000
50272	336000
262516	336000
28978	336000
262441	336000
49102	336000
199723	336000
200889	336000
60191	336000
51018	335000
11014	335000
264493	334000
132255	333000
197113	333000
8343	331000
50821	330000
10019	330000
28349	330000
37515	330000
9146	330000
199250	330000
35614	330000
37028	329900
1280	329000
200539	329000
51706	328000
58307	325000
262854	325000
7610	324840
9293	323000
53187	323000
263482	323000
39184	322000
266211	322000
9435	322000
9245	321500
23678	321000
12996	321000
55805	321000
8607	320000
15422	320000
25441	320000
25309	320000
35028	320000
3605	320000
8897	320000
27552	320000
6315	320000
15366	320000
16713	320000
30914	320000
25761	320000
12312	320000
31477	320000
16082	320000
5467	320000
20161	320000
8732	320000
2544	320000
2044	320000
21221	320000
12969	320000
855	320000
34594	320000
8608	320000
13868	320000
35819	320000
36416	320000
8057	320000
48971	320000
8903	320000
17514	320000
1930	320000
32869	320000
8896	320000
11030	320000
50295	320000
34555	320000
18678	320000
15474	320000
9186	320000
49788	320000
17955	320000
59835	320000
34456	320000
394739	320000
7642	320000
8821	320000
55480	320000
47155	320000
10297	320000
21099	320000
62047	320000
5619	320000
35017	320000
50606	320000
10973	320000
13730	320000
1251	320000
23316	320000
19169	320000
14265	320000
51243	320000
18129	320000
43833	320000
46043	320000
393223	320000
3333	320000
18978	320000
60955	320000
20836	320000
22799	320000
28224	320000
28667	320000
11815	320000
8055	320000
28668	320000
7057	320000
37596	320000
26609	320000
12338	320000
62752	320000
61231	320000
32204	320000
393523	320000
62715	320000
36112	320000
263311	320000
53597	320000
57864	320000
44356	320000
26292	320000
199860	320000
12670	320000
197013	320000
10733	320000
13739	320000
11468	320000
6994	320000
31950	320000
54527	320000
11924	320000
262696	320000
11280	320000
17310	320000
24611	320000
6325	320000
63124	320000
20952	320000
28310	320000
20850	320000
14627	320000
46435	320000
33713	320000
263535	320000
4809	320000
41046	320000
23669	320000
9615	320000
202119	320000
24249	320000
58589	320000
25083	320000
44914	320000
37439	320000
134053	320000
20717	320000
20715	320000
200852	320000
38924	320000
22442	320000
12735	320000
54290	320000
29866	320000
11240	320000
18419	320000
6122	320000
13977	320000
47438	320000
262457	320000
35205	320000
56890	320000
62499	320000
27618	320000
41549	320000
32212	320000
48793	320000
27216	320000
17726	320000
202895	320000
15669	320000
264437	320000
56282	320000
61584	320000
51619	320000
198537	320000
41026	320000
200594	320000
198948	320000
197667	320000
24271	320000
198418	320000
28545	320000
47254	320000
58863	320000
34092	320000
60860	320000
43509	320000
198525	320000
52106	320000
51636	320000
206890	320000
41160	320000
204126	320000
48503	320000
50705	320000
51390	320000
5582	320000
50767	320000
43571	320000
133206	320000
202228	320000
62622	320000
43679	320000
135814	320000
21171	320000
395466	320000
13381	320000
58942	320000
58943	320000
63839	320000
63832	320000
64219	320000
64222	320000
58548	320000
395383	320000
394625	320000
24745	320000
198551	320000
15924	320000
3662	320000
203165	320000
39431	320000
206314	320000
2590	320000
53231	320000
6917	320000
61917	320000
28658	320000
3479	320000
134312	320000
39840	320000
39871	320000
45187	320000
198371	320000
394308	320000
15659	320000
34612	320000
4673	320000
56635	320000
57279	320000
35539	320000
55872	320000
201105	320000
7337	320000
61053	320000
264450	320000
56864	320000
31004	320000
18390	320000
17608	320000
17889	320000
39798	320000
198612	320000
54578	320000
62282	320000
25454	320000
267530	320000
15624	320000
393979	320000
33166	320000
264023	320000
36493	320000
32564	320000
7838	320000
135662	320000
34702	320000
137562	320000
262456	320000
48287	320000
31200	320000
132692	320000
27745	320000
60415	320000
35709	320000
3238	320000
6799	320000
23105	317000
27924	316000
24183	316000
22438	315000
34577	314500
6619	312000
131744	312000
28605	312000
52531	310000
135739	310000
9694	310000
40217	310000
328278	310000
37317	310000
327824	308000
11377	307200
262732	306000
45437	304000
37699	302000
266341	301000
16150	300000
22561	300000
13536	300000
5056	300000
26827	300000
17809	300000
59899	300000
10001	300000
27364	300000
265206	300000
37701	300000
64216	300000
395081	300000
37340	300000
131920	300000
263998	300000
8895	300000
48452	300000
13329	300000
2682	300000
46276	300000
137912	300000
54198	300000
26077	300000
131160	300000
133496	300000
20394	300000
32440	300000
32703	300000
5078	300000
29073	300000
33588	300000
47147	300000
262794	296720
20804	296000
12470	295000
53171	294000
395561	294000
61438	293300
16211	292500
5564	291000
23700	290000
13360	290000
264543	290000
5518	290000
9946	290000
50153	290000
199585	290000
132528	290000
58396	290000
328146	288000
9416	286000
8763	284000
45629	282000
44654	281400
30972	280000
17356	280000
30212	280000
39090	280000
52962	280000
22085	280000
262983	280000
11708	280000
8387	280000
262676	280000
265130	280000
136838	280000
35237	280000
51048	280000
55943	280000
136119	280000
205881	280000
14593	280000
23540	280000
328437	280000
267590	280000
198792	280000
15576	279000
57169	279000
28250	276000
2857	275000
62455	275000
28130	274000
43607	274000
34934	273000
4851	272000
28359	272000
43142	272000
33763	271000
37157	271000
16245	270000
22652	270000
28309	270000
54540	270000
262699	270000
290	270000
265496	270000
50073	270000
264270	270000
397095	270000
20960	269000
38623	267900
263544	266000
197133	261300
34106	260000
12360	260000
41572	260000
6739	260000
40581	260000
62523	260000
4581	260000
264005	260000
266409	260000
202120	260000
58713	260000
395332	260000
56318	260000
41691	260000
53156	260000
266444	260000
394073	260000
50698	260000
264150	260000
49624	260000
32261	260000
262548	257000
200043	256000
262293	255000
55581	253700
31257	252000
264052	252000
45931	251600
53080	250000
31115	250000
15054	250000
52940	250000
8680	250000
132323	250000
263321	250000
18274	250000
267624	250000
12676	248000
63859	248000
203658	248000
28131	246000
262594	246000
53196	245000
132453	244000
264460	243200
267201	242000
52662	241500
24535	241000
131745	240500
35916	240000
28591	240000
45356	240000
262715	240000
52930	240000
263427	240000
197588	240000
266468	240000
263347	240000
13767	240000
266131	240000
267075	240000
60893	240000
134220	240000
52007	240000
29588	240000
2526	240000
4652	240000
55002	240000
17717	240000
13649	240000
3910	240000
55666	239500
3462	238000
393891	238000
199434	234000
196879	231000
328170	231000
7784	230000
34087	230000
49835	230000
27887	230000
20771	230000
61871	230000
264359	230000
264582	230000
264367	230000
32798	230000
35176	230000
8647	230000
265061	228000
268331	227400
262409	227000
3856	225250
28209	225000
199995	225000
35619	224200
39792	224000
57119	224000
24186	224000
266498	223000
264575	222048
37273	221000
262761	221000
14380	221000
14793	220000
24105	220000
18077	220000
38657	220000
4058	220000
20718	220000
262765	220000
262150	220000
46455	220000
263626	220000
263982	220000
64255	220000
264517	220000
263625	220000
266156	220000
265019	220000
268221	220000
203942	220000
9795	220000
35612	220000
32299	219000
135060	217000
132476	216600
18059	216000
55862	216000
38511	215000
201054	214000
37700	212000
262365	212000
137367	212000
3908	212000
50316	211750
29686	210000
6295	210000
51918	210000
262493	210000
199335	210000
52694	210000
132934	210000
16374	210000
264344	210000
264223	210000
59964	210000
41693	210000
131627	210000
7381	210000
44061	210000
48422	210000
263009	210000
28134	209600
52888	209000
20634	208000
4775	208000
39869	208000
14717	208000
57463	208000
14701	208000
5118	208000
63928	208000
197473	208000
44964	208000
39823	208000
72	207000
39279	206000
328242	206000
12455	206000
38220	205000
263405	205000
17828	205000
264564	205000
262537	205000
61573	204500
52439	204000
25542	203000
21859	203000
12703	203000
12926	203000
46723	203000
15699	202000
262318	202000
42511	202000
263394	202000
202414	202000
14537	201024
7131	201000
28294	200960
3303	200200
10594	200000
10075	200000
20712	200000
45896	200000
51795	200000
15497	200000
262744	200000
15191	200000
59497	200000
200052	200000
58708	200000
263516	200000
134033	200000
57249	200000
264111	200000
6718	200000
133840	200000
59776	200000
265886	200000
52766	200000
210	200000
265359	200000
10947	200000
136521	200000
133380	200000
136518	200000
263779	200000
18676	200000
32415	200000
27984	200000
6846	200000
61201	200000
262595	200000
23059	200000
60171	200000
24955	200000
8757	200000
39572	200000
198517	198000
263237	198000
59842	197000
33182	196000
36149	196000
24338	196000
13002	195000
9280	195000
52666	195000
34006	193760
43545	193000
263329	193000
5430	192000
6130	192000
17660	192000
20969	192000
4927	192000
43708	192000
34108	192000
8902	192000
58451	192000
34790	192000
21430	192000
49455	192000
57356	192000
58779	192000
58980	192000
198736	192000
263265	192000
199846	192000
35306	192000
197400	192000
7656	192000
57513	192000
132449	192000
2847	192000
39067	192000
8246	191000
262463	190480
7568	190000
803	190000
28277	190000
28124	190000
14828	190000
25615	190000
7539	190000
266453	190000
4857	190000
38583	189000
37645	189000
263542	189000
264397	188000
265278	188000
200781	188000
49888	187200
50572	185000
34347	185000
43406	185000
32867	185000
262725	185000
61709	185000
13272	184000
56449	184000
263336	184000
56246	183000
1342	182800
20764	182000
44099	182000
23913	182000
28226	182000
5416	182000
8637	181440
37333	181000
14633	181000
267521	181000
9038	180600
48539	180224
327962	180224
327756	180224
20080	180000
13354	180000
19750	180000
18400	180000
28284	180000
25447	180000
22177	180000
15280	180000
62943	180000
53211	180000
25472	180000
35007	180000
264562	180000
201081	180000
61588	180000
61751	180000
137557	180000
267289	180000
328417	180000
133898	180000
263271	180000
47478	180000
16030	180000
61012	180000
23947	180000
45411	179000
58495	178000
327750	176384
2915	176000
2153	176000
16186	176000
4150	176000
286	176000
30827	176000
35244	176000
26785	176000
24167	176000
8788	176000
29611	176000
23171	176000
5631	176000
29141	176000
39637	176000
42612	176000
25151	176000
31167	176000
48850	176000
16175	176000
47408	176000
39904	176000
11233	176000
6777	176000
36817	176000
1126	176000
28132	176000
17625	176000
36907	176000
53889	176000
29462	176000
23550	176000
327745	176000
28110	176000
15008	176000
262454	176000
262288	176000
262481	176000
4678	176000
32338	176000
20904	176000
51055	176000
60610	176000
262388	176000
64044	176000
24651	176000
20412	176000
199803	176000
133421	176000
29522	176000
38197	176000
47551	176000
7540	176000
38714	176000
56949	176000
198151	176000
47252	176000
198389	176000
201290	176000
197592	176000
197747	176000
197262	176000
198401	176000
198040	176000
199754	176000
50550	176000
199978	176000
200176	176000
25509	176000
263396	176000
42490	176000
198380	176000
49409	176000
31726	176000
133616	176000
47626	176000
8194	176000
37720	176000
37675	176000
264138	176000
28287	175000
28153	175000
52438	175000
15447	175000
8752	174040
12779	174000
30851	174000
21485	174000
53587	174000
55259	174000
262706	173000
61094	173000
328216	173000
204805	173000
42947	173000
16206	172000
15188	172000
132894	171200
132976	171024
31708	171000
22556	171000
57731	171000
14576	171000
55429	170000
16814	170000
31252	170000
262903	170000
51263	170000
262675	170000
15433	170000
133590	170000
203629	170000
10299	170000
58965	170000
40731	170000
17077	170000
58689	170000
263702	170000
44692	170000
46155	170000
15011	170000
265086	170000
202709	170000
52772	170000
263584	169000
16178	168000
52866	168000
30813	168000
51948	168000
55359	168000
53195	167000
8280	167000
42093	166000
37619	166000
39351	166000
52660	166000
264268	166000
29834	165000
263154	165000
395400	165000
59288	165000
24043	164000
45280	164000
36923	164000
398131	164000
28183	163840
29918	163840
61686	163840
196695	163840
53107	163840
61512	163200
17306	162640
18229	162000
132857	162000
58299	162000
18351	162000
28154	162000
202805	162000
42669	161600
131296	160960
60261	160000
63311	160000
7091	160000
8560	160000
8190	160000
5605	160000
30176	160000
26347	160000
29748	160000
21947	160000
12008	160000
35985	160000
23686	160000
24121	160000
9989	160000
11537	160000
24931	160000
6623	160000
23260	160000
31736	160000
41690	160000
17645	160000
36683	160000
6423	160000
31400	160000
3512	160000
29208	160000
24642	160000
35843	160000
43683	160000
5539	160000
26792	160000
39598	160000
23265	160000
13041	160000
43284	160000
5577	160000
42227	160000
35332	160000
11051	160000
42184	160000
13692	160000
8744	160000
29562	160000
47172	160000
47841	160000
47215	160000
11995	160000
47344	160000
33737	160000
48943	160000
46484	160000
47490	160000
11664	160000
45668	160000
38478	160000
33139	160000
20985	160000
33796	160000
12316	160000
47143	160000
11071	160000
21250	160000
12188	160000
33470	160000
41601	160000
52892	160000
11922	160000
59895	160000
11798	160000
29404	160000
22546	160000
53131	160000
513	160000
46849	160000
22653	160000
14116	160000
45711	160000
8728	160000
44160	160000
53070	160000
29037	160000
46793	160000
16095	160000
19531	160000
51929	160000
6723	160000
23627	160000
13857	160000
21525	160000
24554	160000
19844	160000
10024	160000
41412	160000
25764	160000
6336	160000
12578	160000
600	160000
53175	160000
32613	160000
23816	160000
19782	160000
27947	160000
197377	160000
48500	160000
17246	160000
32365	160000
54154	160000
26167	160000
10653	160000
45634	160000
43852	160000
34270	160000
54652	160000
21412	160000
18199	160000
25780	160000
9584	160000
53306	160000
8823	160000
53100	160000
1120	160000
44858	160000
12033	160000
11242	160000
42239	160000
54376	160000
50673	160000
16724	160000
132267	160000
10102	160000
54327	160000
63060	160000
57187	160000
7849	160000
58656	160000
199339	160000
25273	160000
58010	160000
60717	160000
27026	160000
41281	160000
8245	160000
57068	160000
18049	160000
33604	160000
262777	160000
28306	160000
28571	160000
262780	160000
14571	160000
12536	160000
11475	160000
10996	160000
17685	160000
38043	160000
57029	160000
11081	160000
199364	160000
29485	160000
54929	160000
29933	160000
262333	160000
14103	160000
57193	160000
40700	160000
33606	160000
55923	160000
36444	160000
18516	160000
32421	160000
33515	160000
40413	160000
10993	160000
23274	160000
26288	160000
62915	160000
25653	160000
5664	160000
28366	160000
196844	160000
40676	160000
262704	160000
31877	160000
32100	160000
15267	160000
22921	160000
15108	160000
52251	160000
18094	160000
133534	160000
262620	160000
10886	160000
53221	160000
27833	160000
20207	160000
6368	160000
262724	160000
52558	160000
14463	160000
24730	160000
61951	160000
11414	160000
133579	160000
57963	160000
198203	160000
62469	160000
30466	160000
262989	160000
52846	160000
262377	160000
42775	160000
43317	160000
37276	160000
54002	160000
262402	160000
264531	160000
264492	160000
53224	160000
53122	160000
27768	160000
36445	160000
133420	160000
28163	160000
61950	160000
9022	160000
199256	160000
262667	160000
62183	160000
50148	160000
56301	160000
28066	160000
32710	160000
24278	160000
133873	160000
49063	160000
198477	160000
10481	160000
42845	160000
11976	160000
327893	160000
5690	160000
16832	160000
40028	160000
393965	160000
61244	160000
9999	160000
25068	160000
262256	160000
134363	160000
42567	160000
31769	160000
263668	160000
4043	160000
263789	160000
18616	160000
25003	160000
132167	160000
48642	160000
26271	160000
59	160000
819	160000
32277	160000
263822	160000
61942	160000
263569	160000
29244	160000
263797	160000
25165	160000
25227	160000
201602	160000
133959	160000
198785	160000
7687	160000
11174	160000
8714	160000
42334	160000
16130	160000
43391	160000
58815	160000
263363	160000
28270	160000
28308	160000
11279	160000
53407	160000
262413	160000
35998	160000
17429	160000
29788	160000
19082	160000
15102	160000
55270	160000
21632	160000
25248	160000
52726	160000
51164	160000
52363	160000
20559	160000
18683	160000
54661	160000
19689	160000
135246	160000
52794	160000
134809	160000
52519	160000
8008	160000
394437	160000
328400	160000
264016	160000
52878	160000
58762	160000
45684	160000
202831	160000
52989	160000
197524	160000
45775	160000
264961	160000
201782	160000
327952	160000
52981	160000
62818	160000
198235	160000
199494	160000
51394	160000
36866	160000
133652	160000
32165	160000
27895	160000
197615	160000
43733	160000
264768	160000
27951	160000
46692	160000
57608	160000
262186	160000
27272	160000
263674	160000
35760	160000
50533	160000
200414	160000
199551	160000
51337	160000
134012	160000
35891	160000
60098	160000
29974	160000
262791	160000
35491	160000
60884	160000
57033	160000
394141	160000
27382	160000
36008	160000
55957	160000
11109	160000
206758	160000
52195	160000
199226	160000
7004	160000
57478	160000
60534	160000
27964	160000
39716	160000
41966	160000
59862	160000
202220	160000
7806	160000
395768	160000
52153	160000
262766	160000
50411	160000
41319	160000
395470	160000
265303	160000
395578	160000
50017	160000
42667	160000
135292	160000
49565	160000
23423	160000
395880	160000
134674	160000
1101	160000
11178	160000
23307	160000
59060	160000
197672	160000
51648	160000
13838	160000
202050	160000
395719	160000
133952	160000
394740	160000
57219	160000
201026	160000
394676	160000
34296	160000
14832	160000
58906	160000
29614	160000
6503	160000
61826	160000
45265	160000
12687	160000
12690	160000
25385	160000
202169	160000
131915	160000
202761	160000
131916	160000
265101	160000
196749	160000
205811	160000
61521	160000
328064	160000
196865	160000
135278	160000
27553	160000
53591	160000
53189	160000
135011	160000
265478	160000
198604	160000
38627	160000
23419	160000
24251	160000
262643	160000
7514	160000
28032	160000
206299	160000
36515	160000
50270	160000
28114	160000
63772	160000
328036	160000
6712	160000
22908	160000
41138	160000
17303	160000
38851	160000
52542	160000
53454	160000
6752	160000
265436	160000
198496	160000
56972	160000
42812	160000
327790	160000
393455	160000
41480	160000
265021	160000
40545	160000
62632	160000
53338	160000
35518	160000
394146	160000
62406	160000
25190	160000
266995	160000
19465	160000
27286	160000
137250	160000
40773	160000
54483	160000
13415	160000
204789	160000
266420	160000
204821	160000
199421	160000
32389	160000
49020	160000
267196	160000
44979	160000
20874	160000
266977	160000
267452	160000
263985	160000
134739	160000
263523	160000
205100	160000
43848	160000
31236	160000
196776	160000
5760	160000
31445	160000
23777	160000
51790	160000
132890	160000
394140	160000
27660	160000
63131	160000
263461	160000
64233	160000
63774	160000
267428	160000
38949	160000
41006	160000
197155	160000
265999	160000
134895	160000
202006	160000
51920	160000
1226	160000
262662	160000
25637	160000
47723	160000
37897	160000
11077	160000
262970	160000
131273	160000
197294	160000
265032	160000
18024	160000
131933	160000
54086	160000
57424	160000
200185	160000
55140	160000
136769	160000
40339	160000
196819	160000
29091	160000
11635	160000
132491	160000
263250	160000
29689	160000
198426	160000
27255	160000
49457	160000
61462	160000
138147	160000
41033	160000
8369	160000
47095	160000
59371	160000
397116	160000
202281	160000
267587	160000
131895	160000
196714	160000
197146	160000
209835	160000
44358	160000
50794	160000
56373	160000
396125	160000
46375	160000
9136	160000
14061	160000
58376	160000
209116	160000
27901	160000
7065	160000
37199	160000
64476	160000
10084	160000
49895	159000
47275	158600
28169	158300
264811	158000
62597	158000
202454	158000
41202	158000
262429	156000
48559	156000
9244	155000
55766	155000
25459	154000
200668	154000
207073	154000
132146	154000
133001	153610
262691	153600
13657	151000
2685	151000
7500	151000
11123	151000
53349	151000
135697	151000
9155	151000
197091	150050
394070	150000
35470	150000
13703	150000
37235	150000
53143	150000
32479	150000
263587	150000
6561	150000
327950	150000
196968	150000
61836	150000
32743	150000
48716	150000
265065	150000
395573	150000
197902	150000
63343	150000
264127	150000
61943	150000
15426	150000
134359	150000
32067	150000
46950	150000
50554	150000
63298	150000
30168	150000
35795	150000
137575	150000
14860	150000
9976	150000
266608	150000
45298	150000
13194	150000
28178	150000
262259	149000
53172	149000
21267	147000
264598	146960
40300	146000
33725	146000
132137	145408
262394	145000
53052	145000
53102	144000
62275	144000
36143	143000
33302	143000
17483	143000
53246	143000
25466	142000
12042	142000
11195	142000
262230	142000
57613	142000
61478	142000
31617	142000
6648	141000
51944	141000
37451	141000
26914	140000
7303	140000
18530	140000
42005	140000
9137	140000
59940	140000
62239	140000
24309	140000
52858	140000
133324	140000
134055	140000
25961	140000
55507	140000
262316	140000
136026	140000
31857	140000
48408	140000
131914	140000
396503	140000
28319	140000
20846	140000
11751	140000
3145	140000
394449	140000
12459	140000
264679	140000
8803	140000
20618	140000
56655	140000
268819	140000
3223	140000
134369	140000
33873	140000
133385	140000
134705	140000
29608	139600
57151	136000
57896	136000
201838	134000
199496	134000
138064	134000
45305	134000
43500	133120
13549	133000
18615	133000
25482	132096
262733	132000
133658	132000
59945	132000
55814	132000
38769	132000
58821	132000
49349	131000
64223	131000
48011	131000
30740	130000
6405	130000
20495	130000
15743	130000
23106	130000
17997	130000
19310	130000
64475	130000
56099	130000
29465	130000
262692	130000
267095	130000
200478	130000
22324	130000
20919	130000
39337	130000
9910	130000
132808	130000
57073	130000
33044	130000
52760	130000
23808	130000
197522	130000
23618	130000
207972	130000
24532	130000
328388	130000
23871	129200
33480	128768
14609	128000
35833	128000
21880	128000
263445	128000
35940	128000
12684	126000
37154	126000
265147	126000
132771	126000
262901	126000
53130	125000
263432	125000
263990	125000
262352	124836
31800	124600
21724	124000
35074	124000
57121	124000
61287	122000
63028	122000
264425	122000
61211	122000
56286	122000
41327	122000
7606	122000
133934	121100
132931	121000
39192	121000
16265	120000
39138	120000
21709	120000
14877	120000
2602	120000
23465	120000
56910	120000
52685	120000
4540	120000
263314	120000
59444	120000
328065	120000
328145	120000
199330	120000
60890	120000
396040	120000
268267	120000
37545	120000
201447	120000
19186	120000
3132	120000
23775	120000
210264	120000
264398	120000
58171	120000
262964	120000
37020	120000
39065	120000
14824	120000
4693	120000
55803	120000
198726	120000
53589	118000
394530	118000
202566	117000
4007	116300
51784	115300
7521	115000
263793	115000
328327	115000
55674	114800
61730	114000
133676	114000
50618	114000
21069	113000
8723	113000
327794	113000
15772	113000
6738	112600
11062	112160
266152	112000
198910	112000
10204	111000
21392	110000
4764	110000
48268	110000
18209	110000
9621	110000
12941	110000
262420	110000
264360	110000
33808	110000
262979	110000
206499	110000
53199	110000
200064	110000
205081	110000
204861	110000
48438	110000
209813	110000
35913	110000
265294	110000
397544	110000
265892	110000
35425	110000
328365	110000
264556	110000
45194	109328
33920	109000
19117	106000
26531	106000
54225	106000
17978	106000
327826	106000
262474	106000
262610	106000
58477	105000
39543	104000
52977	104000
59214	104000
23860	104000
202020	104000
24157	104000
208477	102600
18886	102400
61666	102400
137166	102400
264404	102400
57723	102336
198440	102000
39806	102000
9652	102000
13054	101200
264524	101000
262488	100768
28219	100030
39591	100000
44980	100000
18779	100000
55879	100000
262750	100000
25375	100000
28352	100000
58650	100000
52686	100000
265429	100000
24173	100000
264294	100000
45118	100000
135607	100000
18407	100000
23379	100000
60051	100000
266430	100000
393434	100000
2588	100000
267399	100000
266961	100000
266144	100000
266721	100000
268133	100000
29900	100000
25837	100000
266968	100000
14726	100000
51520	100000
17197	100000
328480	100000
131896	100000
266192	100000
209208	100000
2675	100000
57276	100000
16342	100000
9952	100000
267348	100000
328517	100000
14288	100000
4694	100000
138840	100000
264998	100000
137373	100000
328538	100000
39902	100000
397806	100000
205473	100000
398415	100000
13999	100000
134881	99328
51945	99300
49028	99000
42004	98000
2134	98000
53066	98000
58820	98000
262417	98000
15734	98000
262819	98000
4589	98000
199659	97600
60690	97000
52661	96576
21396	96000
33748	96000
57928	96000
262721	96000
264228	96000
49638	96000
38541	96000
43760	96000
266263	96000
262591	96000
263531	95500
262673	95000
264491	95000
58868	95000
15211	94000
58940	94000
267055	94000
7005	93000
7048	93000
43100	92000
61570	92000
48728	92000
268952	92000
13680	91000
263647	91000
50472	90200
5524	90000
53008	90000
263483	90000
59165	90000
61582	90000
263961	90000
38442	90000
39335	90000
40244	90000
263947	90000
263840	90000
37653	90000
264210	90000
267593	90000
263852	90000
204006	90000
208431	90000
26484	90000
266927	90000
266480	90000
15391	90000
133339	90000
262808	90000
131322	90000
8943	88400
56665	88200
26838	88192
20811	88000
29014	88000
263649	88000
28037	88000
262494	88000
52643	88000
6798	88000
37786	87000
10881	86000
44953	86000
55219	86000
264415	85800
23756	85000
263801	85000
136696	85000
9201	84000
28890	84000
37294	84000
8368	84000
3549	84000
262828	83500
24521	83000
268323	83000
33843	82000
37195	82000
12773	82000
17439	81920
45769	81000
39479	81000
137331	81000
33130	80800
5459	80000
42455	80000
9313	80000
53563	80000
49909	80000
5396	80000
58587	80000
62874	80000
17426	80000
52968	80000
199610	80000
264577	80000
50231	80000
131607	80000
61006	80000
52339	80000
45349	80000
49296	80000
267280	80000
54574	80000
36813	80000
6696	80000
265954	80000
267360	80000
37110	80000
46475	80000
199362	80000
19045	80000
24429	80000
7941	80000
19306	80000
37453	80000
35847	80000
8435	80000
265135	80000
198605	80000
199524	80000
58715	80000
28265	80000
23805	80000
58678	80000
33771	80000
263151	80000
267513	80000
205099	80000
9790	80000
268205	80000
327992	79216
56229	79000
263661	79000
59953	79000
263591	79000
6643	78000
137142	78000
29668	77000
51290	77000
57877	77000
265484	77000
38809	76500
48072	76300
42692	76000
55653	76000
327907	76000
61888	75000
262268	75000
264939	75000
262539	74500
12597	74000
13150	74000
48292	73000
266713	73000
59156	73000
264552	72600
43019	72100
55555	72000
31595	72000
263442	72000
134316	72000
33452	72000
266347	72000
131755	71000
51681	71000
58816	71000
48424	70400
29551	70000
52765	70000
11647	70000
36914	70000
263411	70000
53050	70000
47203	70000
196954	70000
42705	70000
262900	70000
264186	70000
207054	70000
12796	70000
205813	70000
209328	70000
328536	70000
45278	70000
45705	70000
27979	70000
57844	70000
43060	70000
25374	70000
32097	70000
197301	70000
18881	70000
40328	70000
393670	70000
134014	70000
58659	70000
4647	70000
9785	69000
23951	69000
34135	68800
20640	68000
34011	68000
198781	68000
262822	68000
262862	68000
262464	68000
262346	68000
264765	68000
263270	68000
206184	67584
44123	67200
31078	67100
53097	67000
9830	67000
53237	66400
38896	66000
8612	66000
52475	65536
52944	65000
262893	65000
203421	65000
263196	65000
9326	65000
58392	65000
30071	64600
263478	64600
3213	64000
41692	64000
41913	64000
33079	64000
24047	64000
25061	64000
39301	64000
8664	64000
32880	64000
34171	64000
25295	64000
42303	64000
55518	64000
20722	64000
197000	64000
29545	64000
47622	64000
29680	64000
20365	64000
133075	64000
199947	64000
27940	64000
28009	64000
263076	64000
327813	64000
7020	64000
38565	64000
4508	64000
55521	64000
30798	64000
28257	64000
52932	64000
37342	64000
45686	64000
263774	64000
14522	64000
206342	64000
262509	64000
328156	64000
263776	64000
61822	64000
265656	64000
23815	64000
131758	64000
63862	64000
47096	64000
61134	63488
9658	63000
393513	63000
265426	62248
35706	62000
263833	62000
53142	61264
21513	61000
8677	61000
201106	61000
48727	61000
24536	61000
205344	61000
45766	61000
198857	60900
22534	60010
133854	60000
134732	60000
18422	60000
138816	60000
53356	60000
264017	60000
264514	60000
394302	60000
6059	60000
29802	60000
202596	60000
10279	60000
10099	60000
45361	60000
32621	60000
48128	60000
135010	60000
52639	60000
41985	60000
133838	60000
20657	60000
327738	60000
2731	60000
31202	60000
29357	60000
50475	60000
14979	60000
53764	60000
9891	60000
35137	60000
207353	60000
44291	60000
15960	60000
10103	60000
41088	60000
51088	60000
51395	60000
5662	60000
44513	60000
30259	60000
61805	60000
263124	60000
135193	60000
206125	60000
393420	60000
135098	60000
200738	60000
134715	60000
47043	60000
136522	60000
14642	60000
263258	60000
52201	60000
31430	60000
9374	60000
62856	60000
137079	60000
56971	60000
51646	59000
52444	59000
200794	58500
16253	58000
53169	58000
203140	58000
31250	57500
49405	57000
268503	57000
263089	56700
38280	56000
8301	56000
28279	56000
11179	56000
52539	56000
33544	56000
250	55000
42459	55000
52973	55000
28656	55000
136093	55000
59279	55000
17671	54000
37479	54000
267554	54000
262730	53000
262902	53000
49463	52800
7908	52000
37996	52000
53708	52000
55685	52000
45287	52000
61928	52000
32160	52000
132847	52000
10022	52000
38527	52000
30880	51200
51254	51200
328164	51200
265451	51200
133275	51200
132220	51000
59276	51000
59347	51000
263283	51000
60602	50800
264925	50592
56381	50400
34119	50000
16842	50000
6660	50000
5505	50000
53230	50000
262684	50000
55256	50000
203687	50000
28323	50000
133613	50000
266630	50000
133410	50000
394151	50000
266972	50000
11272	50000
138576	50000
1916	50000
7516	50000
21277	50000
201102	50000
207199	50000
134618	50000
267522	50000
37680	50000
52951	50000
263518	50000
268749	50000
269462	50000
269499	50000
46023	50000
138839	50000
20001	50000
19035	50000
62712	50000
133803	50000
17995	50000
33951	50000
265383	50000
16604	50000
19754	50000
16803	50000
23486	50000
45754	50000
45804	50000
393573	50000
196755	50000
139970	50000
56264	50000
39029	50000
22591	50000
17378	50000
33445	50000
11383	50000
17707	50000
59112	50000
262868	50000
17113	50000
133315	50000
263049	50000
264331	50000
61873	50000
17253	50000
61186	50000
135126	50000
22873	49600
31235	49600
53165	49400
262336	49152
17666	49000
45763	49000
12902	48000
15657	48000
2128	48000
33419	48000
15766	48000
41391	48000
8784	48000
25593	48000
8513	48000
8553	48000
20915	48000
37986	48000
39636	48000
13826	48000
27822	48000
43013	48000
34304	48000
18559	48000
4677	48000
51906	48000
55644	48000
39287	48000
43858	48000
37519	48000
197617	48000
54119	48000
38753	48000
45348	48000
46156	48000
52352	48000
27879	48000
28590	48000
53218	48000
38289	48000
24195	48000
47027	48000
549	48000
9519	48000
34768	48000
133720	48000
262993	48000
203086	48000
36868	48000
35313	48000
134622	48000
135484	48000
198091	48000
37482	48000
197447	48000
61968	48000
263251	48000
266177	48000
39816	48000
62227	48000
136302	48000
48067	48000
197204	48000
328351	48000
136377	48000
136873	48000
47680	48000
23661	47000
37090	47000
3067	47000
45707	47000
137410	47000
20621	46500
138100	46000
15589	45844
13135	45000
2595	45000
23074	45000
57633	45000
18103	45000
201214	45000
30132	44000
43890	44000
12491	44000
9381	44000
262792	43500
53139	43000
23628	43000
49787	43000
56550	42500
197692	42400
4434	42220
17920	42000
8545	42000
6851	42000
12143	42000
53088	42000
262557	42000
136373	42000
135419	42000
138296	42000
139967	42000
26451	42000
37980	42000
34624	41100
50837	41000
131584	41000
262374	41000
264923	41000
21140	41000
37529	41000
45528	40960
8565	40800
13237	40000
28657	40000
32563	40000
45498	40000
264723	40000
135526	40000
11046	40000
266400	40000
9129	40000
17482	40000
138570	40000
268126	40000
268548	40000
29169	40000
46595	40000
139225	40000
263067	40000
38147	40000
378	40000
36311	40000
210142	40000
57999	40000
265038	40000
267	40000
133296	40000
12883	40000
396501	40000
395471	40000
37783	40000
328395	40000
37682	40000
35699	40000
267815	40000
43533	40000
265974	40000
27688	40000
3242	40000
328633	40000
42064	40000
264570	40000
267032	40000
24008	40000
31169	40000
3737	40000
62240	40000
32425	40000
49690	40000
134293	40000
394994	40000
202766	40000
133680	40000
58430	40000
25853	40000
44030	40000
25091	40000
17939	40000
38195	40000
8660	40000
61174	40000
63920	40000
134090	40000
201119	40000
206141	40000
30999	39600
44431	39500
31126	39320
43323	39000
132876	39000
25943	39000
35695	39000
51569	39000
206478	39000
135582	39000
38310	38912
14551	38600
134375	38192
46886	38000
134021	38000
52911	38000
265141	37888
263308	37000
200428	37000
35585	37000
137352	37000
204196	37000
58500	37000
55832	36480
136632	36384
43942	36000
36731	36000
262952	36000
133389	36000
28773	36000
52967	36000
262770	36000
264518	36000
264996	36000
45288	36000
16191	35600
27865	35600
9104	35200
41090	35200
24028	35200
44295	35200
199660	35200
199150	35200
3561	35000
4777	35000
199517	35000
263589	34816
21101	34600
35655	34300
10135	34300
28065	34100
328160	34100
24204	34100
9153	34000
44514	34000
58404	34000
12502	34000
49605	34000
47727	34000
62838	34000
48504	34000
37656	34000
17069	34000
262645	34000
18840	34000
134707	34000
132004	34000
58460	34000
136841	34000
29838	34000
8554	33600
33845	33600
29286	33600
53116	33600
41153	33600
34683	33500
266346	33500
33125	33000
265972	33000
262453	33000
58482	33000
39505	33000
208751	33000
8486	33000
263739	32772
10704	32768
17754	32768
328032	32768
203885	32768
56507	32768
58408	32384
20799	32000
29452	32000
5409	32000
8195	32000
3224	32000
33811	32000
23712	32000
52243	32000
23711	32000
30962	32000
9710	32000
2863	32000
39104	32000
28001	32000
31383	32000
26228	32000
25152	32000
12634	32000
34997	32000
34021	32000
34781	32000
15782	32000
13284	32000
29083	32000
35156	32000
24973	32000
41960	32000
45037	32000
35584	32000
40015	32000
9583	32000
23752	32000
29846	32000
48484	32000
37652	32000
11796	32000
50032	32000
13722	32000
47836	32000
23829	32000
17961	32000
8587	32000
53424	32000
24753	32000
16523	32000
35719	32000
24951	32000
50244	32000
50763	32000
14232	32000
33835	32000
44902	32000
38437	32000
41289	32000
45816	32000
13157	32000
31662	32000
17088	32000
12775	32000
57315	32000
1304	32000
51896	32000
51483	32000
37312	32000
45932	32000
53727	32000
9123	32000
197422	32000
24029	32000
49604	32000
23949	32000
27665	32000
58560	32000
52462	32000
42204	32000
24518	32000
24550	32000
44608	32000
35799	32000
15072	32000
56990	32000
18206	32000
49300	32000
39783	32000
198423	32000
12290	32000
20555	32000
16168	32000
42400	32000
8789	32000
31328	32000
59410	32000
29263	32000
51406	32000
16174	32000
50737	32000
9328	32000
35834	32000
197653	32000
43190	32000
53698	32000
35180	32000
48972	32000
25093	32000
5602	32000
43252	32000
28757	32000
53494	32000
59620	32000
28239	32000
28141	32000
53140	32000
133023	32000
132837	32000
53869	32000
3324	32000
9165	32000
3220	32000
37628	32000
10133	32000
54523	32000
262500	32000
53861	32000
29881	32000
263499	32000
53178	32000
28615	32000
37775	32000
29583	32000
262933	32000
63034	32000
47228	32000
23673	32000
62537	32000
52431	32000
7772	32000
262737	32000
10617	32000
52323	32000
202042	32000
61924	32000
52877	32000
36898	32000
16162	32000
60899	32000
28216	32000
18046	32000
41059	32000
201791	32000
56182	32000
28327	32000
264470	32000
26563	32000
18393	32000
39072	32000
200700	32000
55427	32000
58627	32000
327939	32000
31459	32000
36909	32000
59933	32000
393874	32000
203851	32000
264590	32000
393350	32000
134295	32000
55699	32000
61397	32000
43558	32000
393662	32000
328023	32000
13006	32000
201990	32000
11399	32000
204019	32000
52079	32000
198416	32000
22518	32000
199410	32000
45561	32000
47627	32000
15190	32000
135543	32000
63529	32000
60458	32000
263070	32000
198391	32000
37324	32000
9893	32000
21774	32000
203741	32000
206894	32000
52009	32000
197418	32000
199413	32000
39107	32000
199338	32000
56783	32000
48742	32000
40752	32000
39560	32000
52101	32000
203548	32000
327751	32000
203230	32000
39729	32000
57221	32000
203223	32000
8550	32000
132734	32000
207101	32000
23169	32000
198591	32000
44974	32000
44503	32000
199451	32000
39566	32000
202971	32000
41882	32000
52909	32000
262195	32000
206373	32000
58894	32000
42180	32000
26198	32000
263675	32000
263728	32000
5401	32000
264815	32000
52680	32000
36640	32000
58927	32000
60430	32000
262518	32000
198891	32000
12630	32000
15035	32000
205296	32000
64234	32000
265806	32000
17537	32000
206442	32000
200480	32000
135869	32000
134856	32000
5500	32000
197645	32000
204536	32000
266866	32000
58146	32000
138174	32000
55679	32000
135843	32000
12565	32000
18350	32000
138009	32000
200278	32000
8393	32000
5406	32000
205442	32000
32437	32000
16685	32000
263378	31500
4765	31350
21263	31100
14280	31000
34486	31000
7829	31000
16467	31000
30129	31000
25976	31000
11190	31000
30295	31000
45839	31000
52965	31000
54643	31000
135301	31000
137121	31000
19551	31000
209218	30942
52300	30720
36217	30600
20832	30200
30447	30130
15290	30000
53459	30000
33082	30000
33072	30000
30134	30000
30128	30000
33558	30000
23709	30000
8222	30000
15692	30000
38235	30000
199283	30000
49360	30000
41847	30000
62502	30000
202867	30000
22080	30000
201754	30000
36965	30000
262296	30000
203261	30000
137851	30000
64115	30000
1640	30000
54506	30000
33164	30000
12857	30000
207588	30000
131960	30000
265158	30000
266059	30000
270299	30000
264596	30000
269208	30000
24299	30000
38081	30000
62819	30000
9751	30000
37356	30000
64313	30000
60816	30000
267278	30000
55003	30000
56668	30000
137001	30000
263155	30000
11767	30000
31042	30000
56528	30000
139734	30000
13681	30000
49192	30000
22941	30000
31452	30000
6515	30000
210323	30000
34718	30000
29785	30000
135760	30000
328598	30000
45184	30000
135223	30000
34655	30000
41349	30000
17604	30000
5583	30000
22302	30000
58882	30000
1351	30000
9607	30000
135753	30000
197140	30000
33922	30000
21211	30000
265962	30000
9268	30000
45177	30000
396071	30000
56654	30000
133070	30000
60316	30000
28142	30000
270600	30000
206067	30000
50467	29900
202322	29300
138211	29200
14390	29000
26788	29000
28207	29000
58910	29000
37002	29000
48685	29000
49088	29000
328423	28672
48920	28600
31543	28600
25471	28200
15594	28000
33077	28000
8038	28000
36943	28000
12835	28000
12975	28000
55652	28000
134325	28000
60670	28000
60917	28000
267088	28000
51023	28000
29424	28000
28292	28000
17473	27200
31715	27000
7522	27000
4666	27000
137295	27000
138995	27000
34549	27000
17374	26600
30123	26000
35223	26000
50683	26000
45725	26000
49792	26000
198184	26000
38506	26000
59185	26000
29104	26000
200438	26000
45706	26000
265699	26000
25590	26000
137246	26000
45937	26000
133971	26000
24132	26000
263869	26000
55247	26000
7717	25800
198093	25600
53093	25000
59560	25000
49855	25000
327960	25000
38200	25000
265639	25000
48846	25000
205388	25000
138359	25000
37347	25000
209400	25000
34569	25000
268525	25000
38524	25000
4608	24800
200983	24100
40528	24000
16876	24000
27916	24000
44314	24000
60134	24000
37576	24000
264130	24000
203640	24000
59954	24000
48712	24000
47850	24000
327922	24000
133660	24000
262755	24000
7628	24000
267102	24000
396472	24000
42300	24000
206640	24000
28244	24000
59155	24000
6881	24000
133593	24000
44141	23400
29215	23000
50620	23000
3599	23000
51514	23000
54042	23000
28073	23000
201333	23000
263480	23000
132923	22528
262889	22500
25572	22000
8491	22000
8859	22000
28165	22000
5017	22000
132774	22000
22750	22000
47169	22000
201877	22000
52938	22000
42228	22000
45650	22000
262788	22000
137080	22000
61929	22000
58750	22000
209261	22000
394330	22000
135425	22000
266374	21504
2484	21300
42476	21000
196689	21000
28707	21000
39310	21000
24523	21000
52625	21000
20928	21000
60157	21000
53197	21000
263393	21000
133797	21000
23696	21000
7597	21000
266028	21000
43369	21000
200392	21000
206404	21000
55670	21000
14259	21000
53018	21000
2593	21000
32244	21000
263586	21000
262811	20600
43599	20500
52869	20480
133664	20480
61895	20480
53112	20480
210218	20480
262756	20240
13357	20150
267588	20002
58406	20000
17444	20000
39318	20000
52550	20000
16039	20000
133881	20000
7489	20000
201508	20000
265030	20000
266044	20000
136885	20000
394914	20000
37627	20000
397524	20000
33791	20000
131717	20000
45312	20000
138829	20000
34762	20000
55352	20000
262772	20000
262387	20000
327849	20000
134326	20000
262612	20000
263495	20000
35280	20000
61056	20000
265188	20000
133372	20000
393490	20000
56583	20000
262470	20000
267242	20000
269075	20000
394581	20000
262898	20000
266298	20000
207310	20000
42156	20000
270436	20000
56472	20000
207274	20000
268546	20000
1410	20000
47116	20000
26388	20000
13951	20000
30622	20000
266853	20000
204526	20000
31122	20000
13618	20000
4721	20000
19969	20000
29154	20000
198408	20000
133100	20000
20205	20000
15738	20000
132031	20000
50782	20000
134858	20000
19711	20000
38067	20000
43513	20000
138041	20000
52637	20000
23838	20000
40449	20000
10083	20000
133187	20000
16684	20000
46700	20000
50154	20000
48273	20000
25182	20000
45974	20000
213065	20000
200070	20000
266454	20000
264969	20000
52706	20000
18187	20000
11744	20000
265344	20000
206389	20000
207489	20000
31273	20000
209421	20000
42861	20000
60113	20000
56858	20000
61020	20000
198967	20000
7631	19600
23541	19200
44583	19200
50858	19200
45950	19200
38477	19200
21351	19200
198271	19200
48374	19200
135423	19200
5692	19000
264009	19000
2606	19000
135465	19000
131775	19000
135232	19000
209086	19000
29446	19000
37109	19000
17538	19000
7578	19000
134009	19000
16363	18500
22989	18432
27345	18432
196640	18432
58969	18432
27789	18384
133718	18264
24557	18000
24077	18000
9497	18000
28859	18000
40739	18000
54415	18000
51050	18000
132919	18000
327943	18000
202918	18000
131303	18000
199790	18000
264295	18000
263713	18000
28139	18000
136287	18000
267117	18000
34936	18000
269060	18000
39905	18000
204264	17984
132901	17984
9092	17600
2500	17600
20917	17600
29246	17600
17435	17600
2515	17600
39600	17600
31576	17600
29513	17600
44334	17600
14500	17600
16218	17600
52458	17600
199248	17600
199396	17600
62336	17600
198334	17600
32614	17600
23774	17600
23666	17600
327700	17600
133173	17600
13226	17400
18104	17300
50796	17300
25473	17000
5071	17000
45144	17000
33522	17000
262501	17000
135247	17000
134929	17000
328275	17000
264297	17000
133817	17000
51313	17000
34458	16900
268568	16800
50857	16500
52896	16500
17996	16500
35184	16384
56209	16384
27932	16384
263128	16384
262753	16384
12305	16384
26068	16384
28438	16384
263917	16384
44084	16384
41522	16384
135253	16384
198216	16384
29245	16384
135861	16384
37030	16384
30988	16384
57079	16384
28639	16384
136330	16384
25328	16384
267121	16384
136533	16384
136480	16384
133967	16384
263459	16384
37650	16160
328144	16100
58683	16000
19817	16000
10255	16000
12059	16000
28877	16000
31216	16000
16559	16000
13101	16000
19752	16000
3043	16000
25975	16000
5462	16000
20704	16000
8804	16000
4837	16000
10848	16000
31661	16000
5418	16000
26627	16000
14833	16000
25286	16000
46199	16000
15149	16000
30131	16000
40475	16000
8495	16000
15773	16000
4319	16000
36824	16000
13246	16000
42366	16000
40068	16000
38181	16000
5568	16000
8596	16000
43436	16000
11830	16000
24989	16000
15935	16000
34960	16000
29655	16000
34554	16000
14585	16000
31641	16000
40495	16000
38321	16000
4795	16000
3248	16000
8092	16000
18392	16000
42585	16000
56065	16000
8648	16000
5726	16000
49190	16000
24586	16000
41644	16000
8391	16000
48519	16000
12348	16000
22781	16000
44259	16000
13871	16000
44765	16000
39915	16000
393225	16000
10745	16000
393220	16000
394018	16000
17579	16000
48885	16000
42416	16000
23308	16000
14866	16000
39449	16000
42760	16000
7296	16000
9167	16000
46195	16000
49492	16000
31474	16000
24796	16000
13214	16000
48514	16000
19528	16000
21336	16000
42605	16000
46656	16000
31147	16000
1133	16000
29243	16000
9266	16000
48315	16000
49854	16000
43782	16000
43911	16000
47328	16000
20569	16000
5683	16000
26088	16000
28196	16000
21864	16000
49820	16000
24321	16000
49983	16000
44219	16000
50066	16000
42973	16000
38948	16000
48284	16000
12541	16000
50087	16000
38149	16000
9026	16000
30162	16000
38544	16000
9877	16000
30583	16000
52841	16000
1850	16000
26546	16000
51040	16000
6850	16000
8950	16000
12347	16000
23779	16000
53582	16000
22300	16000
20501	16000
48528	16000
37113	16000
50370	16000
9003	16000
50292	16000
51224	16000
50719	16000
20633	16000
36052	16000
15388	16000
30640	16000
25139	16000
38199	16000
46064	16000
46235	16000
19842	16000
51218	16000
15301	16000
196621	16000
41628	16000
55915	16000
44009	16000
16217	16000
8330	16000
2470	16000
46309	16000
13573	16000
20738	16000
16866	16000
28192	16000
2108	16000
46231	16000
6834	16000
52102	16000
7753	16000
49232	16000
197764	16000
13746	16000
31564	16000
26918	16000
56848	16000
29152	16000
9931	16000
57124	16000
53837	16000
3401	16000
30998	16000
53948	16000
54046	16000
27464	16000
12757	16000
57423	16000
38278	16000
27541	16000
51823	16000
18588	16000
50387	16000
198239	16000
29553	16000
39470	16000
42841	16000
57202	16000
20924	16000
41872	16000
27626	16000
12540	16000
46215	16000
4224	16000
53389	16000
48362	16000
52328	16000
41811	16000
46664	16000
132111	16000
14746	16000
12327	16000
24582	16000
54444	16000
57381	16000
33361	16000
6086	16000
57516	16000
198570	16000
34510	16000
198818	16000
16004	16000
40999	16000
45945	16000
34233	16000
36959	16000
50372	16000
41695	16000
33854	16000
57228	16000
28654	16000
198492	16000
34942	16000
40850	16000
262787	16000
48297	16000
19233	16000
50468	16000
61215	16000
197219	16000
55350	16000
51886	16000
50206	16000
198288	16000
10654	16000
10367	16000
132435	16000
34868	16000
21461	16000
18638	16000
132730	16000
132536	16000
29998	16000
198554	16000
197736	16000
27193	16000
49902	16000
49505	16000
36958	16000
16737	16000
38781	16000
132426	16000
56833	16000
21360	16000
262680	16000
262757	16000
53235	16000
28640	16000
60532	16000
12362	16000
262839	16000
29231	16000
14558	16000
61337	16000
50968	16000
20338	16000
32738	16000
197589	16000
37079	16000
59554	16000
26320	16000
3842	16000
60362	16000
3250	16000
52836	16000
3186	16000
15691	16000
10431	16000
62929	16000
62182	16000
22919	16000
393316	16000
16798	16000
62947	16000
199706	16000
12650	16000
262492	16000
26689	16000
51744	16000
14613	16000
11045	16000
29606	16000
15398	16000
199937	16000
46873	16000
24290	16000
4270	16000
200163	16000
53901	16000
263062	16000
14829	16000
45680	16000
62588	16000
28152	16000
57007	16000
52275	16000
58792	16000
53022	16000
132933	16000
393431	16000
46110	16000
262805	16000
20681	16000
131291	16000
52465	16000
45496	16000
20686	16000
263337	16000
200187	16000
21478	16000
201764	16000
52317	16000
61470	16000
262189	16000
52420	16000
52498	16000
52824	16000
17673	16000
29844	16000
29305	16000
45910	16000
58436	16000
10670	16000
29897	16000
39373	16000
52380	16000
63128	16000
12236	16000
24226	16000
35949	16000
201962	16000
201505	16000
32432	16000
11514	16000
45884	16000
27790	16000
62782	16000
33781	16000
22402	16000
13064	16000
4594	16000
28026	16000
11114	16000
9355	16000
32678	16000
30691	16000
40966	16000
52736	16000
3669	16000
196670	16000
54039	16000
133678	16000
50597	16000
393717	16000
36273	16000
45133	16000
61026	16000
32397	16000
59102	16000
2607	16000
201506	16000
262871	16000
133936	16000
199188	16000
59370	16000
47608	16000
57660	16000
37177	16000
37181	16000
22748	16000
51728	16000
9559	16000
132848	16000
131475	16000
48588	16000
132917	16000
20448	16000
63383	16000
21832	16000
12276	16000
201222	16000
36483	16000
52490	16000
60116	16000
52401	16000
26312	16000
39391	16000
34916	16000
53173	16000
63450	16000
11986	16000
34450	16000
10925	16000
393945	16000
32546	16000
18986	16000
29355	16000
26414	16000
63863	16000
19381	16000
30076	16000
30919	16000
134355	16000
394010	16000
11301	16000
53154	16000
198095	16000
28670	16000
264101	16000
9916	16000
25081	16000
6082	16000
133344	16000
53191	16000
46047	16000
28941	16000
52795	16000
39764	16000
262229	16000
32764	16000
11948	16000
48294	16000
12696	16000
44994	16000
64200	16000
200759	16000
394356	16000
132142	16000
49524	16000
52399	16000
263126	16000
201206	16000
327894	16000
198342	16000
16652	16000
3624	16000
57141	16000
18534	16000
37629	16000
7530	16000
53164	16000
52631	16000
42555	16000
15154	16000
17832	16000
262878	16000
198313	16000
201020	16000
202030	16000
30247	16000
62363	16000
131602	16000
25581	16000
47814	16000
11342	16000
28317	16000
263395	16000
48461	16000
37399	16000
33623	16000
18650	16000
39532	16000
262607	16000
262650	16000
263818	16000
41721	16000
63126	16000
265159	16000
34723	16000
262949	16000
135036	16000
23352	16000
21889	16000
52348	16000
12929	16000
394514	16000
264062	16000
52381	16000
50333	16000
198913	16000
262149	16000
57961	16000
52999	16000
203112	16000
28635	16000
63421	16000
37634	16000
196949	16000
202054	16000
27734	16000
27884	16000
131603	16000
53233	16000
21919	16000
262585	16000
51551	16000
52702	16000
43578	16000
264704	16000
55043	16000
264116	16000
8542	16000
262378	16000
204028	16000
20193	16000
56190	16000
203591	16000
30892	16000
20015	16000
135192	16000
28118	16000
3061	16000
262614	16000
30986	16000
17014	16000
199888	16000
198269	16000
31394	16000
202744	16000
327859	16000
33772	16000
200001	16000
201986	16000
23641	16000
197186	16000
3165	16000
32334	16000
131911	16000
64415	16000
27733	16000
202921	16000
199645	16000
49761	16000
32337	16000
52601	16000
196969	16000
200142	16000
12102	16000
31479	16000
263768	16000
327821	16000
207195	16000
199550	16000
198430	16000
201049	16000
199787	16000
20714	16000
26343	16000
198909	16000
50515	16000
204121	16000
202994	16000
52455	16000
8458	16000
201068	16000
264191	16000
11844	16000
207028	16000
133130	16000
62373	16000
131274	16000
200577	16000
9648	16000
197046	16000
201953	16000
263873	16000
393907	16000
61487	16000
198072	16000
202177	16000
26317	16000
52290	16000
62560	16000
264527	16000
59686	16000
14211	16000
199842	16000
132535	16000
35047	16000
206999	16000
395152	16000
199981	16000
264797	16000
199201	16000
14845	16000
7270	16000
262685	16000
133232	16000
196928	16000
15765	16000
207156	16000
40165	16000
264152	16000
42717	16000
56745	16000
50016	16000
264785	16000
61864	16000
199468	16000
38805	16000
29571	16000
31510	16000
24743	16000
265672	16000
37103	16000
263897	16000
266210	16000
136300	16000
52596	16000
37623	16000
262167	16000
46401	16000
328125	16000
327900	16000
52716	16000
136417	16000
56441	16000
263235	16000
28103	16000
206720	16000
59670	16000
266610	16000
262786	16000
262452	16000
134366	16000
136552	16000
10778	16000
28160	16000
36730	16000
37055	16000
265041	16000
134319	16000
264282	16000
7663	16000
32806	16000
52327	16000
52372	16000
30900	16000
265771	16000
206108	16000
263968	16000
10217	16000
27935	16000
133007	16000
263120	16000
267507	16000
264230	16000
265995	16000
52236	16000
37027	16000
131483	16000
263384	16000
264471	16000
52349	16000
263228	16000
52413	16000
263190	16000
16350	16000
24806	16000
5385	16000
27259	16000
265760	16000
265729	16000
57508	16000
265952	16000
201950	16000
328232	16000
136323	16000
25563	16000
61527	16000
43009	16000
135639	16000
132097	16000
51484	16000
18021	16000
200799	16000
19147	16000
197518	16000
395612	16000
395627	16000
47989	16000
205260	16000
132722	16000
265871	16000
15757	16000
200960	16000
42325	16000
263248	16000
136764	16000
263963	16000
37616	16000
5397	16000
327941	16000
131446	16000
43154	16000
137144	16000
266657	16000
131248	16000
31914	16000
203146	16000
63998	16000
60752	16000
59572	16000
134736	16000
52169	16000
134305	16000
135801	16000
198330	16000
60314	16000
265016	16000
24620	16000
60082	16000
267294	16000
266926	16000
16827	16000
204086	16000
204558	16000
203255	16000
205389	16000
198279	16000
132836	16000
64477	16000
204346	16000
202488	16000
21388	16000
46506	16000
61242	16000
59986	16000
48487	16000
134264	16000
132974	16000
136713	16000
205535	16000
268222	16000
45954	16000
263698	16000
28050	16000
28748	16000
265209	16000
197529	16000
263606	16000
18875	16000
3268	16000
328339	16000
37916	16000
396914	16000
202086	16000
133915	16000
328346	16000
266840	16000
23038	16000
37281	16000
200736	16000
132046	16000
136668	16000
25557	16000
263732	16000
63945	16000
396951	16000
394650	16000
396960	16000
266835	16000
137236	16000
31277	16000
37999	16000
56140	16000
209874	16000
394366	16000
58239	16000
25946	16000
48027	16000
57136	16000
266640	16000
328237	16000
33078	16000
42353	16000
33597	16000
51580	16000
18931	16000
33554	15600
7496	15500
22355	15500
20984	15400
9872	15400
58725	15360
19214	15000
32105	15000
40193	15000
27318	15000
24049	15000
27320	15000
33073	15000
28054	15000
30130	15000
26972	15000
42755	15000
29488	15000
6903	15000
12968	15000
6900	15000
25795	15000
31972	15000
15857	15000
7595	15000
4280	15000
29297	15000
33005	15000
21911	15000
21315	15000
3633	15000
31251	15000
9208	15000
203679	15000
393470	15000
61816	15000
50710	15000
263460	15000
28364	15000
200780	15000
60435	15000
52532	15000
26968	15000
135793	15000
18568	15000
265983	15000
40861	15000
267573	15000
20218	15000
263572	15000
206048	15000
23676	15000
328167	15000
202519	15000
63069	15000
61633	15000
132160	15000
136670	15000
209678	15000
210144	15000
17716	15000
136749	15000
30730	15000
19523	15000
267746	15000
263019	15000
134643	15000
136131	15000
135468	15000
24530	15000
139425	15000
139947	15000
61064	15000
61600	15000
202829	15000
264992	15000
25467	14600
13878	14500
267062	14500
199121	14400
27877	14400
135180	14336
135850	14336
135792	14336
137608	14336
137627	14336
134278	14312
9051	14200
23713	14000
34419	14000
28855	14000
52640	14000
29438	14000
198738	14000
41201	14000
57118	14000
200753	14000
20677	14000
63320	14000
18918	14000
51191	14000
395378	14000
263084	14000
205191	14000
26038	14000
137042	14000
262818	14000
206483	14000
328152	14000
18647	14000
15414	14000
131644	14000
397715	14000
266598	14000
22798	14000
139909	14000
55789	14000
209752	14000
139075	14000
34225	14000
38915	14000
134078	14000
202053	14000
39233	14000
37053	14000
23708	13600
132562	13312
58438	13312
212895	13200
136338	13144
39469	13000
33074	13000
27322	13000
26790	13000
24469	13000
19875	13000
10929	13000
14651	13000
25689	13000
8916	13000
15562	13000
48291	13000
52789	13000
135754	13000
49695	13000
30261	13000
199863	13000
132515	13000
45294	13000
393280	13000
17445	13000
47529	13000
132988	13000
262338	13000
265644	13000
48276	13000
38595	13000
134663	13000
28189	13000
133638	13000
131609	13000
328110	13000
47884	13000
205819	13000
62445	13000
263645	13000
327743	13000
134152	13000
268490	13000
138195	13000
37130	13000
13837	13000
52503	13000
137824	13000
132641	13000
54037	13000
39671	13000
61221	13000
266092	13000
138847	13000
208188	13000
134946	13000
61749	12800
52952	12600
198721	12400
262727	12300
264290	12288
134883	12288
134035	12288
135854	12288
58405	12288
264238	12288
53096	12200
132540	12144
138686	12100
135184	12096
12414	12000
43407	12000
51446	12000
134391	12000
134399	12000
134395	12000
134396	12000
134390	12000
37674	12000
50607	12000
262957	12000
135028	12000
43503	12000
37704	12000
210234	12000
48825	12000
38004	12000
39855	12000
14224	12000
197686	12000
39126	12000
135383	12000
209287	12000
265056	12000
135763	12000
139833	12000
133808	12000
37622	12000
29129	12000
29636	12000
20766	12000
28846	12000
56511	12000
202032	12000
327733	12000
262644	12000
266344	12000
52547	12000
53086	12000
11845	12000
268619	11500
38457	11264
131215	11264
263374	11264
135202	11264
28056	11200
200077	11200
136990	11200
37357	11120
53106	11096
202384	11050
27848	11000
27319	11000
50234	11000
18210	11000
58620	11000
50809	11000
56260	11000
56233	11000
13926	11000
34274	11000
40809	11000
26156	11000
52769	11000
37455	11000
43126	11000
37429	11000
38742	11000
266300	11000
136358	11000
263401	11000
267282	11000
45587	11000
133354	11000
131314	11000
200590	11000
24076	11000
37695	11000
201553	11000
63981	11000
15739	11000
35711	11000
52786	11000
208970	11000
208976	11000
134178	11000
63027	11000
328051	11000
133648	11000
9448	11000
60725	11000
132458	11000
265450	11000
38456	10600
52884	10500
267540	10240
59816	10240
262743	10240
268013	10240
140269	10240
265238	10100
30122	10000
30133	10000
21013	10000
1798	10000
55799	10000
41357	10000
22431	10000
28307	10000
133487	10000
264311	10000
200608	10000
45170	10000
23667	10000
328119	10000
204981	10000
266803	10000
328287	10000
266149	10000
24691	10000
6233	10000
205844	10000
136908	10000
33582	10000
209408	10000
60930	10000
200147	10000
23938	10000
267859	10000
266715	10000
37777	10000
34235	10000
12976	10000
60945	10000
31611	10000
266140	10000
131749	10000
59139	10000
137363	10000
24527	10000
138838	10000
58474	10000
133352	10000
58485	10000
38148	10000
38783	10000
135464	10000
59613	10000
64300	10000
39923	10000
12365	10000
140362	10000
61602	10000
30803	10000
41497	10000
30933	10000
327909	10000
264580	10000
24446	10000
3214	10000
12586	10000
15808	10000
271	10000
8793	10000
23688	10000
327930	10000
133968	10000
328176	10000
3580	10000
45355	10000
134937	10000
328204	10000
328341	10000
268430	10000
60371	10000
266225	10000
11661	10000
49004	10000
20473	10000
29479	10000
58666	10000
132330	10000
135328	10000
17766	10000
136972	10000
137199	10000
45637	10000
137900	10000
15164	10000
264308	10000
21837	10000
54035	10000
7979	10000
54600	10000
19661	10000
11038	10000
51095	10000
205891	10000
198102	10000
21454	10000
136800	10000
204810	10000
208457	10000
205790	10000
23856	10000
14327	10000
28234	10000
263891	10000
263617	10000
262665	10000
262480	10000
267623	10000
61923	10000
269366	10000
269369	10000
267120	10000
22128	10000
265483	10000
266275	10000
30174	10000
33387	10000
51155	10000
37908	10000
328699	10000
328547	10000
328315	10000
265272	10000
267611	10000
138263	10000
199758	10000
52322	10000
13728	10000
263775	10000
16654	10000
38571	10000
133317	10000
265757	10000
136515	10000
135756	10000
138754	10000
200023	10000
50469	10000
263346	10000
21050	10000
1441	10000
31177	10000
137945	10000
266130	10000
398454	10000
138428	10000
52424	10000
263218	10000
264637	10000
52286	10000
265684	10000
28049	10000
267828	10000
16740	10000
35202	10000
48626	9950
24206	9800
267649	9600
265865	9400
33081	9100
24594	9100
6102	9000
12759	9000
34362	9000
19468	9000
262561	9000
393626	9000
201353	9000
11910	9000
19807	9000
35489	9000
265027	9000
264022	9000
12732	9000
205381	9000
135000	9000
262711	9000
202313	9000
135841	9000
36394	9000
37428	9000
209673	9000
207146	9000
50377	9000
43065	9000
46939	9000
328476	9000
137178	9000
267620	9000
45701	9000
136861	9000
60810	9000
30272	9000
37266	9000
197197	9000
50903	9000
59164	9000
135780	9000
52419	8800
264752	8800
267219	8500
134922	8192
49432	8000
131310	8000
34407	8000
28801	8000
28187	8000
262695	8000
31222	8000
61902	8000
52722	8000
60501	8000
52813	8000
51786	8000
57254	8000
202627	8000
134832	8000
198374	8000
262466	8000
206506	8000
264708	8000
264795	8000
133615	8000
266494	8000
135597	8000
52326	8000
135055	8000
203649	8000
268809	8000
328223	8000
132445	8000
199976	8000
327906	8000
207622	8000
61802	8000
138131	8000
207618	8000
52436	8000
59766	8000
268710	8000
27781	8000
39145	8000
44134	8000
264262	8000
24243	8000
265715	7900
53192	7550
52669	7500
262231	7500
9145	7500
201494	7300
139641	7210
61785	7200
204994	7200
27754	7168
393807	7168
268060	7150
49933	7000
265409	7000
23923	7000
201695	7000
33569	7000
200191	7000
205168	7000
138627	7000
6505	7000
208097	7000
267326	7000
34019	7000
23342	7000
3130	7000
46609	7000
14333	7000
39583	7000
52344	7000
38515	7000
133651	7000
135848	7000
136255	7000
52681	6900
21056	6800
55680	6640
137069	6600
37638	6600
37098	6500
62100	6500
42183	6500
5560	6400
2854	6400
198290	6400
263978	6400
266365	6400
53209	6400
262527	6250
132268	6200
136230	6144
131442	6144
135226	6144
38712	6048
262307	6000
209263	6000
43338	6000
29097	6000
206945	6000
268144	6000
24207	6000
137378	6000
134863	6000
31960	6000
36865	6000
135415	6000
131636	6000
135234	6000
26709	6000
7727	6000
138876	6000
135719	6000
135218	6000
6373	6000
138143	6000
8820	6000
18221	6000
36687	6000
45500	6000
47297	6000
38757	6000
55658	6000
132646	6000
199516	6000
17561	6000
263536	6000
15672	6000
204005	6000
61913	6000
134877	6000
263043	6000
394102	6000
265959	6000
266260	6000
2042	6000
135269	6000
45630	6000
136642	6000
139226	6000
267263	6000
47522	5800
56791	5600
28589	5500
24005	5500
44977	5200
42235	5120
205086	5120
138115	5120
27659	5120
134605	5120
53127	5120
213252	5100
47748	5000
24232	5000
197890	5000
131247	5000
25516	5000
134933	5000
57166	5000
138988	5000
202347	5000
139329	5000
43928	5000
133089	5000
267386	5000
135480	5000
138130	5000
24212	5000
138887	5000
139605	5000
63874	5000
137316	5000
139446	5000
139972	5000
135323	5000
28602	5000
396841	5000
138745	5000
269258	5000
60304	5000
30286	5000
43518	5000
47442	5000
207549	5000
23679	5000
38143	5000
49781	5000
139431	5000
45296	5000
131773	5000
58401	5000
138119	5000
136088	5000
137358	5000
38771	5000
8201	5000
29449	5000
47617	5000
41471	5000
35260	5000
26253	5000
55761	5000
11624	5000
19116	5000
37363	5000
263555	5000
327850	5000
22549	5000
134259	5000
328033	5000
327814	5000
263143	5000
57695	5000
52923	5000
59368	5000
42774	5000
60975	5000
136370	5000
35135	5000
327817	5000
266020	5000
205675	5000
134998	5000
267567	5000
267144	5000
264555	4950
13917	4800
47138	4800
35053	4800
16210	4800
29140	4800
1880	4800
53114	4800
53166	4800
61319	4800
263356	4800
264754	4800
6853	4600
200303	4600
6083	4500
207401	4400
48252	4300
7532	4096
58898	4096
27967	4096
132559	4096
52688	4096
9875	4096
49653	4000
267654	4000
398202	4000
266280	4000
38776	4000
56239	4000
201714	4000
139956	4000
52356	4000
139528	4000
209152	4000
138365	4000
138079	4000
132448	4000
24541	4000
12826	4000
41495	4000
53046	4000
28328	4000
197922	4000
131459	4000
59432	4000
54721	4000
48105	4000
262887	4000
136708	4000
138910	4000
30126	4000
56203	4000
133536	4000
38496	4000
52936	4000
328262	4000
206235	4000
61218	4000
137935	3800
27024	3750
54210	3600
58475	3600
263755	3600
43853	3600
26106	3500
61203	3500
263548	3500
12577	3400
37223	3400
51159	3400
48126	3300
17890	3300
267126	3250
29876	3200
36184	3200
23710	3200
24048	3200
21476	3200
12381	3200
29259	3200
18227	3200
55865	3200
40034	3200
39931	3200
63829	3200
35551	3200
51349	3200
48310	3200
47628	3200
263290	3200
263893	3200
133501	3200
264608	3200
60718	3200
24880	3200
45956	3200
39010	3200
266896	3200
52387	3200
42587	3200
197551	3100
37186	3100
27976	3072
9115	3013
17400	3000
42310	3000
137937	3000
209530	3000
206782	3000
21659	3000
31673	3000
268523	3000
270383	3000
265297	3000
52477	3000
63882	3000
38150	3000
196922	3000
50311	3000
208817	3000
328543	3000
137159	3000
263720	3000
135964	3000
263762	3000
37708	3000
209109	3000
41666	3000
34927	3000
207317	3000
207654	3000
327720	3000
139978	3000
14295	3000
18520	3000
30362	3000
16921	3000
138276	3000
139628	3000
54728	3000
57782	3000
4618	3000
6775	3000
42473	3000
3595	3000
27413	3000
59414	3000
24492	3000
50677	3000
262713	3000
61092	3000
135876	3000
134204	3000
52373	3000
205614	3000
205964	3000
204671	3000
33932	3000
42181	3000
204982	3000
209626	3000
270586	3000
63868	3000
38778	3000
58640	3000
263684	3000
35579	2900
17895	2900
209291	2900
45220	2800
9189	2800
24129	2700
24892	2600
393629	2500
262416	2500
53185	2500
207866	2500
6066	2480
18052	2400
197038	2400
28262	2400
15401	2400
209022	2400
139249	2248
131668	2200
34800	2100
267427	2048
133989	2048
55806	2048
37076	2048
266475	2000
204909	2000
37698	2000
134522	2000
266545	2000
6735	2000
60391	2000
52998	2000
58145	2000
266571	2000
268280	2000
267732	2000
39070	2000
36827	2000
267830	2000
269040	2000
21058	2000
267833	2000
328518	2000
53057	2000
269432	2000
49752	2000
51001	2000
133809	2000
207770	2000
136244	2000
207439	2000
45424	2000
131091	2000
139021	2000
22425	2000
269091	2000
206215	2000
205920	2000
269875	2000
139449	2000
268268	2000
23855	2000
213342	2000
41051	2000
134917	2000
62321	2000
135225	2000
35568	2000
138663	2000
36936	2000
268821	2000
266133	2000
58731	2000
20932	2000
24953	2000
7469	2000
17824	2000
41393	2000
15177	2000
37159	2000
47692	2000
197669	2000
20406	2000
27693	2000
23201	2000
202194	2000
132679	2000
133043	2000
29170	2000
17416	2000
25435	2000
327761	2000
37302	2000
136451	2000
133311	2000
204708	2000
136175	2000
205718	2000
137273	2000
57581	2000
135190	2000
137016	2000
17806	2000
138536	2000
34553	2000
4842	2000
24124	2000
208848	2000
204326	2000
138056	2000
139702	2000
45926	2000
18117	2000
209100	2000
269478	2000
133799	2000
18112	2000
63867	2000
47875	2000
57468	2000
139958	2000
63494	2000
29030	2000
137457	2000
134262	2000
201376	2000
138860	2000
28080	2000
62595	2000
45722	2000
266355	1900
11271	1800
5377	1800
9341	1800
13049	1760
55420	1760
52920	1650
30889	1600
23310	1600
34746	1600
33472	1600
15436	1600
25752	1600
30141	1600
41037	1600
20507	1600
41399	1600
1982	1600
8481	1600
25504	1600
29430	1600
14970	1600
34764	1600
13105	1600
34144	1600
21840	1600
44212	1600
28929	1600
23677	1600
20081	1600
9290	1600
15716	1600
31555	1600
20483	1600
33211	1600
42937	1600
45425	1600
24238	1600
49867	1600
3661	1600
4641	1600
14166	1600
47302	1600
17501	1600
196967	1600
28182	1600
36275	1600
46373	1600
197439	1600
2597	1600
196763	1600
32586	1600
12431	1600
45444	1600
48913	1600
13591	1600
10015	1600
57821	1600
18149	1600
38190	1600
35399	1600
61044	1600
24006	1600
47762	1600
31319	1600
18612	1600
36315	1600
173	1600
27983	1600
133444	1600
12822	1600
11008	1600
59752	1600
8310	1600
132645	1600
8922	1600
56109	1600
24347	1600
59919	1600
17970	1600
263928	1600
37120	1600
56204	1600
50623	1600
133072	1600
25491	1600
48847	1600
11947	1600
35001	1600
49640	1600
24634	1600
21201	1600
205610	1600
262266	1600
131996	1600
38217	1600
57089	1600
37190	1600
62230	1600
267673	1600
202806	1600
17689	1600
264650	1600
34527	1600
12556	1600
264602	1600
35090	1500
39615	1500
31680	1500
25433	1500
31653	1500
42492	1500
12854	1500
52186	1500
17747	1500
199547	1500
203040	1500
204662	1500
265890	1500
53061	1500
24220	1500
38887	1400
6734	1400
328107	1400
52051	1400
204185	1400
21158	1400
10678	1300
36388	1300
9327	1300
19089	1300
16347	1300
34578	1300
133318	1300
46045	1300
264382	1300
268539	1300
138632	1300
43573	1300
4558	1248
29590	1200
24632	1200
52828	1200
266687	1200
137936	1200
267801	1200
27806	1200
204188	1200
37472	1200
327822	1200
267520	1200
262911	1200
5764	1100
29471	1100
39180	1100
45054	1100
28303	1100
209555	1100
134563	1100
210025	1100
134331	1024
23893	1024
18230	1024
52573	1024
136842	1024
136722	1024
24508	1024
48344	1000
44207	1000
32398	1000
207491	1000
52545	1000
7562	1000
213377	1000
36198	1000
28211	1000
265356	1000
328441	1000
24050	1000
33071	1000
34505	1000
31402	1000
28198	1000
26753	1000
17469	1000
199230	1000
327908	1000
45951	1000
262568	1000
53094	1000
132372	1000
41651	1000
41139	1000
48507	1000
134265	1000
39650	1000
328255	1000
37395	1000
328043	1000
136982	1000
203976	1000
32030	1000
204633	1000
328229	1000
206262	1000
202328	1000
327796	1000
51972	1000
209385	1000
11017	1000
31649	1000
137995	1000
207335	1000
132708	1000
398335	1000
269535	1000
268091	1000
61748	1000
61652	1000
265497	1000
267584	1000
268647	1000
140407	1000
138866	1000
138117	1000
132669	1000
328582	1000
12186	1000
132198	1000
398570	1000
48428	1000
136835	1000
138886	1000
60592	1000
203287	1000
37491	1000
271053	1000
264513	1000
131645	1000
138317	1000
23013	1000
61678	1000
55695	1000
27876	1000
264787	1000
264656	1000
46032	1000
61762	1000
134875	1000
133334	1000
138769	1000
139533	1000
135746	1000
138762	1000
140144	1000
138279	1000
133000	1000
29000	1000
213031	1000
62997	1000
11805	1000
135298	1000
212799	1000
213126	1000
50869	1000
37067	1000
24457	1000
24470	1000
138837	1000
139952	1000
136054	1000
140476	1000
264242	1000
38031	1000
47253	1000
48966	1000
15975	1000
51737	1000
29310	1000
197350	1000
42013	1000
51440	1000
42314	1000
12754	1000
269762	1000
269872	1000
11139	1000
14694	1000
268707	1000
12161	1000
267083	980
264756	960
262716	900
21246	900
29006	800
265702	800
59340	800
8338	800
263486	800
203968	800
62166	750
37192	720
201146	700
208063	700
39196	700
9892	700
53216	700
31055	640
328522	600
61903	600
28215	600
18719	600
48821	600
24381	600
30528	600
5111	600
327775	600
133309	600
134232	600
36889	600
132642	550
44024	500
207454	500
328585	500
35821	500
56662	500
132022	500
58578	500
132882	500
132376	500
9601	500
269987	500
205927	400
268713	400
36369	400
207394	400
209645	400
47902	400
24776	400
265464	400
132531	360
2499	320
327981	320
204438	300
13287	300
37286	300
140219	300
51778	300
213253	300
55784	300
16242	300
131477	300
206610	300
205523	300
266551	300
58818	300
203615	260
140840	250
140244	200
213386	200
10557	200
135206	200
27744	200
9229	200
56911	200
8661	200
202479	200
57757	200
35145	200
327781	200
269023	200
63886	200
133832	200
16503	195
15434	160
50088	160
393853	160
37224	160
20291	150
15469	130
37044	130
36997	130
61417	120
213330	100
202301	100
209833	100
33983	100
38592	100
138023	100
139741	100
47251	100
213105	100
269923	100
269534	100
37209	91
43660	80
39271	80
132003	64
55822	62
269163	40
54049	32
37062	26
263855	21
269104	20
21693	20
213284	20
37133	16
137653	14
52423	13
40592	10
13273	5
13594	4
270320	2
264902	2
6762	0
32787	0
2519	0
31133	0
26193	0
8015	0
17222	0
60497	0
21339	0
8470	0
51324	0
21083	0
327692	0
4755	0
6895	0
327976	0
56196	0
15932	0
57724	0
200125	0
41841	0
56575	0
198529	0
44124	0
196883	0
37424	0
6300	0
198035	0
197318	0
38942	0
42935	0
20530	0
198187	0
48694	0
43171	0
50095	0
200602	0
35199	0
200750	0
197181	0
3169	0
199510	0
44784	0
197345	0
22541	0
200089	0
52031	0
55714	0
43495	0
198007	0
48629	0
41833	0
62328	0
197697	0
199774	0
203937	0
203742	0
35787	0
206910	0
51863	0
197809	0
41379	0
42374	0
197099	0
42852	0
60755	0
29070	0
61154	0
202936	0
197295	0
198709	0
198424	0
198906	0
199265	0
197572	0
203505	0
203306	0
59611	0
198214	0
206489	0
10355	0
263097	0
57890	0
203765	0
199005	0
51101	0
62201	0
197375	0
199381	0
60219	0
196979	0
395478	0
56983	0
57665	0
3352	0
198766	0
201531	0
197437	0
201001	0
51960	0
199341	0
51068	0
265692	0
262690	0
206762	0
37087	0
52414	0
3582	0
201332	0
264857	0
57945	0
197766	0
203157	0
33494	0
135895	0
49633	0
264853	0
10803	0
133859	0
206736	0
205073	0
21030	0
52664	0
62184	0
3249	0
206406	0
263699	0
264013	0
199473	0
132556	0
36707	0
205384	0
57332	0
198493	0
56324	0
57701	0
202626	0
57101	0
203582	0
136857	0
197837	0
136336	0
41044	0
50916	0
198081	0
37345	0
19091	0
28468	0
41297	0
203667	0
138222	0
31230	0
327753	0
60265	0
209854	0
24064	0
202434	0
328111	0
268801	0
396300	0
47237	0
206460	0
137597	0
136994	0
328401	0
52473	0
27017	0
10361	0
131954	0
49941	0
12833	0
60119	0
52544	0
199138	0
58158	0
32082	0
37550	0
27993	0
395326	0
209451	0
207306	0
43824	0
207834	0
269826	0
328055	0
51185	0
265777	0
205897	0
207071	0
18997	0
56523	0
59598	0
204479	0
24257	0
38207	0
206479	0
135031	0
2486	0
33333	0
47950	0
17048	0
210283	0
50321	0
51262	0
63830	0
26930	0
43653	0
197071	0
33108	0
196959	0
265098	0
37148	0
264568	0
207852	0
39533	0
51407	0
60357	0
24961	0
