32934	327470000
714	294620000
16509	292510000
8075	207190000
13335	177010000
54113	136020000
20940	126659000
22822	97420000
16276	78100000
6939	59361000
46489	57880000
17676	54950000
6805	43020000
33891	40960000
7342	35700000
3209	33830000
31334	32760000
39386	29971000
2516	28091000
3356	26294000
6461	24478000
9498	22850000
64049	22790000
2497	22720000
328058	21000000
19679	19500000
29990	19400000
4230	19150000
8447	18900000
28604	18450000
2119	18280000
49544	16865000
9002	16741000
20115	16460000
6667	16043000
12389	15890000
2856	14800000
1136	14800000
63293	14710000
5650	14690000
2518	14390000
8966	14336000
25506	14310000
2635	14120000
3216	14049000
4181	13812000
15169	13550000
8473	12970000
2914	12920000
4637	12873000
226	12810000
38022	12600000
1267	12532100
41095	12015000
5607	11970000
15133	11960000
6730	11726000
17511	11690000
12552	11620000
6830	11450010
55391	11040000
9009	11030000
5578	10800000
5400	10675000
21320	10605000
8359	10416000
265950	10413000
12874	9680000
2527	9450000
20485	9210000
36459	9200000
6774	9167000
2514	9050000
57344	8880000
25933	8832000
5410	8820000
36408	8729000
15435	8560000
34756	8400000
328045	8400000
6327	8291000
16086	8220000
2686	8211000
56478	8200000
29314	8150000
12989	8140000
12189	8038000
5089	8010000
2907	8004000
270346	8000000
2818	7980000
680	7915000
61832	7890060
2603	7770000
7843	7620000
38634	7600000
22356	7563000
4760	7560000
52320	7550000
58453	7470000
15557	7390000
1103	7376000
6079	7350000
45899	7330000
1547	7203000
16591	7180000
13285	7100000
37447	7007000
28663	6944000
15305	6920000
12713	6900000
5645	6840000
11164	6830000
15412	6737000
32098	6631000
13030	6500000
9304	6460000
38082	6362000
61955	6310040
1273	6300000
18734	6300000
23620	6300000
15704	6260000
47541	6100000
12322	6030000
52580	5950000
35228	5880000
4556	5880000
11260	5760000
6509	5503000
24785	5500000
13768	5439000
6507	5380000
46786	5270000
3292	5240000
132164	5192000
24203	5090000
23393	5061000
11404	5040000
37100	4998000
9121	4980000
9534	4910000
327693	4900000
36692	4836300
3265	4830000
20880	4820000
62041	4800000
9824	4750000
25192	4732000
23520	4690000
786	4620000
30722	4620000
42708	4600000
1257	4550700
202276	4520000
5588	4470000
12083	4470000
2711	4440000
29535	4430000
39651	4413000
812	4410000
668	4410000
8717	4400000
14413	4353000
19151	4330000
40356	4330000
2510	4300000
27381	4270000
12430	4260000
7575	4242000
5432	4200000
6661	4200000
262206	4200000
15962	4200000
11888	4200000
9318	4179000
16637	4160000
3630	4140000
38091	4020000
137872	4000000
4800	3883000
12479	3820000
20504	3780000
15802	3780000
5378	3780000
9680	3760000
34224	3752500
18403	3680000
7195	3680000
55818	3643100
4739	3620000
23563	3620000
35320	3610000
28368	3588000
23576	3570000
50384	3540000
13445	3528000
12714	3523500
264144	3420000
43531	3401000
47377	3400000
42525	3381000
8529	3349000
34984	3340000
26615	3340000
9269	3278000
6057	3270000
1741	3270000
37271	3262000
11232	3250000
8426	3243000
59605	3231000
5713	3220420
13760	3200000
13037	3190000
7155	3190000
53180	3190000
37662	3160000
132203	3150000
205216	3130000
5413	3032000
30600	3020000
8657	2970000
7738	2961000
23184	2930000
3255	2920000
30517	2880000
12849	2880000
2851	2870000
22646	2860000
31500	2832000
23881	2790000
4134	2780000
702	2736100
109	2733000
12200	2730000
7029	2730000
40788	2730000
4766	2720000
17072	2720000
47764	2700000
52941	2670000
31027	2660000
3327	2646000
9505	2631000
15542	2600000
9050	2600000
197595	2600000
6128	2590000
3741	2584500
4648	2560000
46450	2540000
2828	2520000
58073	2520000
393565	2520000
3491	2516000
18081	2490000
30081	2480000
262503	2462000
2116	2451000
62887	2440000
38880	2436000
47605	2421000
200981	2420000
7545	2402000
13489	2400000
6768	2400000
47582	2400000
31655	2390000
4761	2366000
34867	2350000
28580	2346000
13170	2341000
2852	2340000
14630	2338000
28343	2335000
396253	2328000
4713	2310000
293	2310000
9930	2310000
48237	2310000
11269	2310000
38622	2300000
6614	2300000
28146	2280000
23473	2260000
38895	2250000
28126	2220000
34218	2220000
14282	2173000
50304	2160000
10474	2142000
197790	2110000
29119	2100000
36089	2100000
3601	2100000
33362	2100000
58682	2100000
49378	2100000
4685	2090000
40428	2080000
17639	2068000
17451	2061000
55900	2060000
21245	2060000
25180	2052000
2906	2050000
196925	2020000
15224	2004000
15600	2000000
132825	2000000
139023	2000000
9231	1983000
137922	1970000
7795	1960000
30094	1953000
30844	1944000
28260	1940000
62955	1930000
14868	1926750
16904	1920000
6697	1910000
262287	1900020
24748	1900000
9723	1890000
31939	1890000
10143	1890000
39608	1890000
263903	1890000
2559	1890000
39326	1857000
24115	1830000
61449	1830000
38883	1816000
4773	1810000
267056	1810000
35753	1805000
11686	1800000
262355	1800000
23404	1800000
21976	1800000
20943	1800000
6465	1800000
202425	1800000
101	1800000
52925	1790000
44050	1784000
6866	1780000
8455	1780000
9605	1780000
53013	1770000
43727	1760000
52840	1750000
5009	1740000
52871	1740000
262740	1740000
263327	1732000
35407	1730000
30781	1728000
53766	1723000
2110	1720000
28158	1711000
18705	1710000
200455	1710000
17559	1701000
19009	1700000
36062	1700000
64050	1700000
22689	1696800
9116	1690000
62904	1690000
26415	1681000
39202	1680000
33915	1680000
10030	1680000
766	1680000
62	1680000
54183	1680000
54312	1680000
27715	1680000
63221	1680000
201641	1680000
59027	1680000
61400	1670000
10026	1659540
8781	1653000
27475	1650000
28338	1640000
5603	1640000
263073	1640000
53162	1636000
54133	1620000
12353	1600000
18106	1583000
33132	1580000
2860	1570000
7473	1560000
263297	1560000
58507	1548000
6908	1545000
9595	1540000
26801	1530000
18121	1520000
25358	1515000
3786	1510000
6412	1501000
7552	1500000
7992	1500000
28598	1500000
27471	1492000
200020	1479000
852	1470000
29550	1470000
577	1470000
24940	1470000
13124	1470000
25512	1470000
38790	1470000
8095	1470000
9354	1463000
21574	1461000
53158	1460000
4258	1450000
43332	1450000
703	1447600
2611	1430000
26162	1414000
43205	1400000
209222	1400000
7418	1400000
49477	1400000
136106	1393000
262659	1391000
25885	1390000
8632	1386000
7679	1380000
45780	1377000
24033	1370000
23889	1364000
28716	1361000
5483	1360000
30990	1360000
2687	1356000
33438	1340000
36924	1329000
45158	1328000
44053	1326400
12956	1325000
23148	1313000
12731	1312500
59930	1300000
9924	1286250
21385	1285200
39832	1280000
262848	1272000
9500	1270000
132132	1270000
48919	1263000
6407	1262000
2152	1261900
21502	1260000
9070	1260000
29695	1260000
43646	1260000
21321	1260000
32184	1260000
38819	1260000
45204	1260000
6848	1260000
49685	1260000
7415	1260000
6471	1260000
35213	1253000
38858	1250000
4651	1250000
8220	1246000
4788	1242500
28171	1240000
262773	1235000
265937	1230000
39912	1226000
15830	1225000
37168	1221000
37153	1220000
6922	1220000
41798	1220000
1680	1210000
17709	1210000
137831	1210000
42000	1200000
262428	1200000
12392	1200000
41998	1200000
49374	1200000
138132	1195000
5769	1190000
6181	1190000
11758	1180000
35432	1180000
262729	1180000
264668	1176000
8462	1165000
9031	1162000
266470	1159024
43561	1154000
9365	1150000
46	1140000
52005	1140000
262807	1133500
5511	1130000
12871	1130000
9342	1122000
263665	1120000
7862	1106000
9902	1101000
10310	1100000
133612	1100000
17941	1100000
23693	1100000
11979	1100000
13189	1093000
28624	1090000
7670	1080000
13193	1071000
26803	1071000
49158	1070000
266989	1070000
51069	1070000
31272	1054800
25899	1050000
13249	1050000
7632	1050000
34700	1050000
42830	1050000
197482	1050000
19324	1050000
35362	1050000
327987	1050000
50473	1050000
31898	1050000
262778	1043000
17885	1040000
9729	1032000
36040	1030000
13576	1030000
28331	1030000
19108	1020000
12129	1020000
15085	1020000
263080	1020000
15502	1020000
206819	1013000
8452	1010000
137	1001000
719	1000000
20347	1000000
50129	1000000
59783	1000000
61102	990000
34244	986000
27988	986000
53184	980960
58601	980000
51500	980000
37282	971000
265399	970000
15419	962000
11814	961000
7049	960000
262468	950000
30838	950000
10036	950000
14026	945000
36236	940000
23498	930000
45558	930000
49824	930000
58530	924000
4787	920000
131917	920000
14969	913000
26554	910000
327991	910000
43668	910000
62668	910000
267469	910000
58580	905000
559	900000
30419	900000
9667	900000
136743	900000
62044	900000
52551	898650
22724	893000
63242	890000
38466	886000
24130	882000
12678	882000
53065	881000
51852	880000
22616	880000
12041	871000
19165	870000
21371	870000
266931	870000
28202	865000
132296	865000
3267	863100
9044	863000
6067	861000
15958	861000
27747	860000
6447	859600
36937	855000
9650	854000
264215	850000
267484	850000
52579	841000
8365	840000
29422	840000
11096	840000
17819	840000
25577	840000
39102	840000
36351	840000
39704	840000
20845	840000
60339	840000
31242	840000
8535	840000
15517	840000
1424	840000
13147	840000
8866	840000
41678	840000
17924	840000
28666	840000
28267	840000
8448	840000
19996	840000
18260	840000
41164	840000
35193	840000
58209	840000
47242	840000
25255	840000
48634	840000
54998	840000
22147	840000
16302	840000
8445	840000
5403	840000
10118	840000
17054	840000
197451	840000
56038	840000
3261	840000
17012	840000
132680	840000
48620	840000
50204	840000
44735	840000
28576	840000
13807	840000
12709	840000
27919	840000
40526	840000
3754	840000
28554	840000
30818	840000
6307	840000
135262	840000
266167	840000
55182	840000
27925	840000
25668	830000
262476	830000
24703	830000
4657	826000
28649	822000
47481	821000
27524	820000
16735	820000
1828	820000
262664	820000
53037	820000
58941	820000
64220	820000
54827	820000
47422	820000
20144	812000
10158	810000
38333	810000
34305	810000
14492	809000
28330	806000
3320	801000
21413	800000
11550	800000
56444	800000
27589	796000
8308	794000
5391	790000
18278	790000
24751	790000
39642	790000
52696	790000
58243	790000
210278	790000
32286	789000
37417	789000
3300	788000
50643	780000
18182	780000
41206	780000
26446	780000
45638	779000
64315	779000
44843	777000
11666	773000
41018	771000
53240	770000
262731	770000
14340	765000
4635	762000
8968	761000
26496	760000
30041	760000
35717	760000
1241	760000
263616	760000
34610	756000
197888	756000
10098	752100
262760	752000
17922	751000
17665	750500
17583	750000
48166	742000
56396	740000
28191	740000
63290	740000
9299	738000
8674	735000
136784	735000
7782	730000
28229	730000
38987	722000
38107	720000
21232	720000
30950	720000
202023	720000
44416	720000
25019	720000
43729	720000
22691	717000
24324	714000
16570	714000
40029	710000
263421	706000
60169	700000
13000	698000
12859	693000
33011	693000
7600	692000
37693	690000
134697	689000
28125	686000
37678	684000
1239	683000
24916	680000
29009	680000
20773	680000
16700	680000
28665	680000
21488	680000
41194	680000
55002	680000
14361	676000
41552	676000
8487	672400
12310	672000
7311	672000
56258	672000
35761	672000
24277	670000
16110	670000
10003	669000
38327	666000
20121	665000
9264	664000
10029	662000
262434	660000
45352	657300
262865	656000
1836	651000
3701	651000
8399	651000
3262	651000
17547	651000
31463	651000
262847	651000
199319	651000
26120	650000
133403	650000
12847	650000
21808	650000
396356	650000
35745	647000
30539	641000
9749	641000
11142	641000
44684	640000
18283	640000
63516	640000
45011	640000
8540	640000
13786	640000
23930	637000
20459	636000
12654	632100
10835	632100
57866	632000
701	630000
2381	630000
237	630000
6695	630000
2529	630000
12306	630000
40511	630000
36944	630000
39605	630000
11403	630000
26163	630000
9008	630000
48918	630000
1406	630000
8530	630000
33083	630000
25148	630000
18268	630000
34056	630000
39545	630000
36012	630000
26677	630000
36280	630000
10302	630000
2614	630000
55569	630000
23786	630000
47708	630000
47264	630000
36222	630000
35805	630000
38651	630000
262403	630000
13825	630000
61374	630000
52752	630000
51409	630000
9993	630000
3128	630000
10578	630000
63270	630000
3252	630000
262485	630000
9834	630000
53078	630000
394497	630000
9029	630000
16851	630000
36734	630000
36873	630000
30028	630000
42981	630000
41508	630000
18747	630000
48956	630000
35434	630000
196729	630000
202103	630000
202196	630000
52468	630000
29107	630000
18255	630000
39251	630000
8819	630000
131937	630000
39507	630000
205139	630000
9957	621000
21777	621000
21409	620000
6677	620000
1422	620000
56931	620000
37613	616000
41420	610000
9997	610000
327901	610000
53152	610000
34120	610000
267590	610000
7475	609900
13122	607000
47195	607000
39899	600200
7671	600000
18450	600000
59384	600000
59776	600000
39551	600000
131934	600000
136907	600000
26077	600000
131160	600000
133496	600000
20394	600000
32440	600000
17717	600000
44066	600000
47872	600000
136557	598000
132215	593000
49290	592500
3302	591000
9246	591000
199503	591000
38758	591000
22742	590000
27955	588000
262505	586000
4780	586000
39444	580000
134139	580000
43656	580000
45269	580000
15377	580000
3257	579000
35575	578000
224	578000
13896	574000
133120	572500
19318	570000
17534	570000
59536	570000
18200	570000
45031	570000
23089	570000
263055	570000
28370	570000
131912	570000
9457	570000
50050	570000
59900	560000
1659	560000
34058	560000
58057	557000
262444	550000
37892	550000
266448	550000
41275	550000
13009	546000
3225	546000
37358	543000
28166	542000
56308	542000
6473	540000
262343	540000
21559	540000
59460	540000
26133	540000
202409	540000
35640	540000
15598	540000
197727	537000
7713	532000
55329	532000
132770	531000
4818	530000
23783	530000
23114	530000
52751	530000
10002	530000
23778	530000
61157	530000
137280	530000
37697	530000
12693	525000
9297	523000
12387	520000
40220	520000
54329	520000
19189	520000
1759	520000
199995	520000
201054	516000
61189	516000
19889	515000
133930	512000
31727	510000
40581	510000
17882	510000
32505	510000
21367	510000
262532	507904
52937	507000
59699	506800
22363	504000
60474	504000
41096	502000
42	501200
11835	500000
23314	500000
4557	500000
32233	500000
37468	500000
262595	500000
23059	500000
10010	500000
58307	495000
32217	495000
7162	490000
23704	490000
199408	490000
7385	490000
38322	486000
12350	483000
37150	483000
26613	483000
42456	481500
6663	480000
44788	480000
13370	480000
6679	480000
53080	480000
52908	480000
53147	480000
22697	480000
20910	477000
56828	475000
34803	474000
24709	474000
37254	471000
16839	470000
52689	470000
263880	470000
40317	470000
35709	470000
132255	469000
28258	467000
15763	466500
11014	465000
4770	464000
34245	462000
24852	462000
327698	462000
204053	462000
204222	462000
51060	462000
44646	462000
5541	460000
54665	460000
42504	460000
40217	460000
262732	458000
23105	458000
15399	455000
53115	454000
327984	452000
50083	452000
62040	451584
10094	450000
50629	450000
16243	450000
55785	450000
55720	449000
28201	445000
25818	444600
10490	441000
7752	441000
16586	441000
27008	441000
4844	441000
16371	441000
13243	441000
4628	441000
22772	441000
25460	441000
57353	441000
50272	441000
262516	441000
28978	441000
262441	441000
49102	441000
199723	441000
200889	441000
60191	441000
262794	440080
18150	440000
37105	440000
8544	440000
15440	440000
56329	440000
26479	440000
35614	440000
56309	440000
51018	438000
197113	435000
28605	434000
200539	434000
38861	432000
8343	431000
37028	431000
20804	431000
58396	431000
56030	430000
28349	430000
10001	430000
37515	430000
9146	430000
199250	430000
263482	426500
7610	426340
24183	426000
262854	425000
53187	425000
9293	423000
12996	423000
23678	422000
39184	422000
266211	422000
9435	422000
9245	421900
27924	421000
55805	421000
8607	420000
15422	420000
25441	420000
25309	420000
35028	420000
3605	420000
8897	420000
27552	420000
6315	420000
15366	420000
16713	420000
30914	420000
25761	420000
12312	420000
31477	420000
16082	420000
5467	420000
20161	420000
8732	420000
2544	420000
2044	420000
21221	420000
12969	420000
855	420000
34594	420000
8608	420000
13868	420000
35819	420000
36416	420000
8057	420000
48971	420000
8903	420000
17514	420000
1930	420000
32869	420000
8896	420000
11030	420000
50295	420000
34555	420000
18678	420000
15474	420000
9186	420000
49788	420000
17955	420000
59835	420000
34456	420000
394739	420000
7642	420000
8821	420000
55480	420000
47155	420000
10297	420000
21099	420000
62047	420000
5619	420000
35017	420000
50606	420000
10973	420000
13730	420000
1251	420000
23316	420000
19169	420000
14265	420000
51243	420000
18129	420000
43833	420000
46043	420000
393223	420000
3333	420000
18978	420000
60955	420000
20836	420000
22799	420000
28224	420000
28667	420000
11815	420000
8055	420000
28668	420000
7057	420000
37596	420000
26609	420000
12338	420000
62752	420000
61231	420000
32204	420000
393523	420000
62715	420000
36112	420000
263311	420000
53597	420000
57864	420000
44356	420000
26292	420000
199860	420000
12670	420000
197013	420000
10733	420000
13739	420000
11468	420000
6994	420000
31950	420000
54527	420000
11924	420000
262696	420000
11280	420000
17310	420000
24611	420000
6325	420000
63124	420000
20952	420000
28310	420000
20850	420000
14627	420000
46435	420000
33713	420000
263535	420000
4809	420000
41046	420000
23669	420000
9615	420000
202119	420000
24249	420000
58589	420000
25083	420000
44914	420000
37439	420000
134053	420000
20717	420000
20715	420000
200852	420000
38924	420000
22442	420000
12735	420000
54290	420000
29866	420000
11240	420000
18419	420000
6122	420000
13977	420000
47438	420000
262457	420000
35205	420000
56890	420000
62499	420000
27618	420000
41549	420000
32212	420000
48793	420000
27216	420000
17726	420000
202895	420000
15669	420000
264437	420000
56282	420000
61584	420000
51619	420000
198537	420000
41026	420000
200594	420000
198948	420000
197667	420000
24271	420000
198418	420000
28545	420000
47254	420000
58863	420000
34092	420000
60860	420000
43509	420000
198525	420000
52106	420000
51636	420000
206890	420000
41160	420000
204126	420000
48503	420000
50705	420000
51390	420000
5582	420000
50767	420000
43571	420000
133206	420000
202228	420000
62622	420000
43679	420000
135814	420000
21171	420000
395466	420000
13381	420000
58942	420000
58943	420000
63839	420000
63832	420000
64219	420000
64222	420000
58548	420000
395383	420000
394625	420000
24745	420000
198551	420000
15924	420000
3662	420000
203165	420000
206548	420000
39431	420000
206314	420000
2590	420000
53231	420000
6917	420000
61917	420000
28658	420000
3479	420000
134312	420000
39840	420000
39871	420000
45187	420000
198371	420000
394308	420000
15659	420000
34612	420000
263998	420000
4673	420000
56635	420000
57279	420000
35539	420000
55872	420000
201105	420000
7337	420000
61053	420000
264450	420000
56864	420000
31004	420000
18390	420000
17608	420000
17889	420000
39798	420000
198612	420000
54578	420000
25454	420000
267530	420000
15624	420000
393979	420000
33166	420000
264023	420000
36493	420000
32564	420000
7838	420000
135662	420000
34702	420000
54198	420000
137562	420000
262456	420000
48287	420000
31200	420000
132692	420000
27745	420000
60415	420000
34577	416500
28130	415000
6619	412000
10021	412000
202004	412000
28145	410000
24572	410000
52531	410000
265130	410000
9694	410000
328278	410000
62282	410000
328437	410000
22438	408000
61438	403400
266341	401000
13536	400000
59899	400000
27364	400000
265206	400000
64216	400000
395081	400000
48452	400000
2682	400000
46276	400000
376	400000
37611	400000
33763	395000
1280	395000
264493	395000
131744	394000
51706	392000
328146	392000
13360	390000
15054	390000
264543	390000
290	390000
9946	390000
13329	390000
37317	390000
132528	390000
44061	390000
8763	384000
57169	384000
37699	384000
43607	384000
267201	383000
28359	382000
16211	381500
16150	380000
17356	380000
17506	380000
37701	380000
50073	380000
136838	380000
8895	380000
51048	380000
266444	380000
55943	380000
205881	380000
14593	380000
23540	380000
136119	378000
53171	377000
55581	376800
44654	376400
262594	376000
2857	375000
62455	375000
15576	372000
37157	372000
38623	371400
9416	371000
22561	370000
12470	370000
20771	370000
4581	370000
262699	370000
264270	370000
137912	370000
397095	370000
11377	368640
55666	368000
263544	366000
132146	366000
30212	360000
5564	360000
23700	360000
50821	360000
5056	360000
10019	360000
17809	360000
5518	360000
50153	360000
199585	360000
266468	360000
135739	360000
202120	360000
37340	360000
131920	360000
58713	360000
56318	360000
394073	360000
60893	360000
264150	360000
49624	360000
263009	360000
3238	360000
4851	357000
395561	357000
31257	354000
52662	352800
327824	352000
264005	351000
45356	350000
262293	350000
11708	350000
132323	350000
266409	350000
18274	350000
53156	350000
131745	349500
203658	348000
262548	348000
34087	347000
24535	346000
28131	346000
45931	342100
28250	341000
135060	341000
22652	340000
28309	340000
52962	340000
31115	340000
63859	340000
262676	340000
263427	340000
265496	340000
35237	340000
267624	340000
134220	340000
52007	340000
29588	340000
2526	340000
4652	340000
9136	340000
32261	340000
61323	340000
12676	339000
35619	337700
132453	337000
200043	336000
52940	335000
45437	334000
199434	334000
328170	333000
30972	330000
16245	330000
35916	330000
26827	330000
262150	330000
53196	330000
263347	330000
264367	330000
13767	330000
7381	330000
48422	330000
393891	328000
265061	328000
268331	327300
398131	325500
264052	322000
7784	320000
49835	320000
39090	320000
54540	320000
22085	320000
8387	320000
264582	320000
32798	320000
9795	320000
14061	320000
6846	320000
61201	320000
27901	320000
198792	320000
6799	320000
264556	320000
264460	319200
18059	315000
34934	315000
262715	315000
52930	315000
197588	315000
266131	315000
262365	314000
41202	314000
32299	311000
262409	311000
28294	310960
262765	310000
52694	310000
262983	310000
263321	310000
264111	310000
268221	310000
266453	310000
4857	310000
38511	309000
12455	306000
43142	306000
267521	304000
14380	303000
202414	302000
197133	301500
132476	301100
34106	300000
41572	300000
6739	300000
28591	300000
200052	300000
262493	300000
62523	300000
58708	300000
264359	300000
8680	300000
263516	300000
132934	300000
57249	300000
264223	300000
395332	300000
41691	300000
52766	300000
10947	300000
50698	300000
14860	300000
32415	300000
209116	300000
32703	300000
5078	300000
29073	300000
33588	300000
8647	300000
47147	300000
13999	300000
3856	299780
262537	299000
8752	297040
20960	297000
16374	297000
61573	296500
39792	294000
57119	294000
37700	294000
24186	294000
57463	293000
39869	292000
28134	291200
196879	291000
137367	291000
12360	290000
51918	290000
27887	290000
28209	290000
199335	290000
61871	290000
263982	290000
59964	290000
41693	290000
131627	290000
3462	289000
263237	289000
37273	288000
266498	288000
58376	288000
55862	286000
198517	286000
25542	285000
12703	285000
12926	285000
262744	285000
72	282000
263445	282000
45629	282000
263779	280030
10594	280000
24105	280000
15497	280000
15191	280000
263626	280000
64255	280000
134033	280000
264564	280000
265886	280000
210	280000
265359	280000
267075	280000
137557	280000
136518	280000
18676	280000
27984	280000
59842	279000
263405	275000
133840	275000
56246	274000
52888	274000
37645	274000
20634	273000
4775	273000
14717	273000
38583	273000
37333	273000
264397	273000
14701	273000
5118	273000
63928	273000
197473	273000
44964	273000
39823	273000
5416	272000
262725	271000
262463	270480
803	270000
38657	270000
20718	270000
14828	270000
25615	270000
7539	270000
9976	270000
45298	270000
38220	267000
15699	267000
17828	267000
56449	266000
7131	265000
45896	264000
263394	264000
1342	263200
51795	262500
264575	262048
262318	262000
39279	261000
29686	260000
14793	260000
10075	260000
6295	260000
28284	260000
22177	260000
264344	260000
263625	260000
266156	260000
265019	260000
328242	260000
61751	260000
267289	260000
133380	260000
328417	260000
133898	260000
47478	260000
35176	260000
50572	258000
43406	258000
46723	258000
263542	256500
21859	255000
34006	254310
263329	254000
265278	254000
43545	253000
262761	253000
5430	252000
6130	252000
17660	252000
20969	252000
4927	252000
43708	252000
34108	252000
8902	252000
58451	252000
34790	252000
21430	252000
49455	252000
57356	252000
58779	252000
58980	252000
198736	252000
263265	252000
42511	252000
199846	252000
35306	252000
197400	252000
7656	252000
57513	252000
2847	252000
39067	252000
55359	252000
9038	251200
33182	251000
36149	251000
24338	251000
8246	250000
25447	250000
59497	250000
15280	250000
62943	250000
53211	250000
35007	250000
52666	250000
6718	250000
44692	250000
61588	250000
136521	250000
202709	250000
61709	249000
200781	248000
13002	247000
28124	247000
263336	246000
49888	245700
61512	243900
20764	242000
34347	242000
132449	242000
132976	241024
14633	241000
197091	240080
7568	240000
13272	240000
18077	240000
4058	240000
28277	240000
28153	240000
51263	240000
32867	240000
46455	240000
36866	240000
58965	240000
17077	240000
263702	240000
264517	240000
8280	240000
46155	240000
265032	240000
202454	240000
8369	240000
203942	240000
396125	240000
137575	240000
263271	240000
46375	240000
52772	240000
266608	240000
328388	240000
13649	240000
3910	240000
204805	237000
55259	237000
48539	236544
327962	236544
327756	236544
58495	236000
9244	235000
45411	234000
44099	234000
207073	234000
23913	232000
28226	232000
42947	232000
2915	231000
2153	231000
16186	231000
4150	231000
286	231000
30827	231000
35244	231000
26785	231000
24167	231000
8788	231000
29611	231000
23171	231000
5631	231000
29141	231000
39637	231000
42612	231000
25151	231000
31167	231000
48850	231000
16175	231000
47408	231000
39904	231000
11233	231000
6777	231000
36817	231000
1126	231000
52439	231000
28132	231000
17625	231000
36907	231000
53889	231000
29462	231000
23550	231000
327745	231000
28110	231000
15008	231000
262454	231000
262288	231000
262481	231000
4678	231000
32338	231000
20904	231000
51055	231000
60610	231000
262388	231000
64044	231000
24651	231000
20412	231000
199803	231000
133421	231000
29522	231000
38197	231000
47551	231000
7540	231000
38714	231000
56949	231000
198151	231000
47252	231000
198389	231000
201290	231000
197592	231000
197747	231000
197262	231000
198401	231000
198040	231000
199754	231000
50550	231000
199978	231000
200176	231000
25509	231000
263396	231000
42490	231000
198380	231000
49409	231000
31726	231000
133616	231000
47626	231000
8194	231000
37720	231000
37675	231000
264138	231000
9155	231000
13354	230000
28287	230000
196968	230000
10299	230000
201081	230000
265086	230000
56373	230000
55766	230000
207972	230000
24532	230000
21485	229000
53102	228000
52438	228000
53587	227000
15188	227000
12779	226000
30851	226000
262706	225000
52660	225000
61094	225000
328216	225000
132894	224700
16206	224000
31708	223000
22556	223000
14576	223000
45305	223000
18229	222000
52866	222000
57731	222000
39351	222000
8637	221440
42093	221000
37619	221000
264268	221000
30813	220500
51948	220500
55429	220000
16814	220000
20712	220000
19750	220000
29834	220000
262903	220000
262675	220000
263584	220000
15433	220000
133590	220000
40731	220000
58689	220000
15011	220000
63774	220000
8803	220000
20618	220000
56655	220000
268819	220000
58821	220000
134369	220000
35612	220000
264598	219056
59288	219000
53195	218000
29608	217100
36923	217000
28169	216300
45280	216000
48559	216000
23871	215400
28183	215040
29918	215040
61686	215040
196695	215040
53107	215040
18351	215000
263154	215000
24043	214000
62597	214000
264811	213000
17306	212880
42669	212100
132857	212000
58299	212000
28154	212000
3908	212000
50316	211750
327750	211504
131296	210960
60261	210000
63311	210000
7091	210000
8560	210000
8190	210000
5605	210000
30176	210000
26347	210000
29748	210000
21947	210000
12008	210000
35985	210000
23686	210000
24121	210000
9989	210000
11537	210000
24931	210000
6623	210000
23260	210000
31736	210000
17645	210000
36683	210000
6423	210000
31400	210000
3512	210000
29208	210000
24642	210000
35843	210000
43683	210000
5539	210000
26792	210000
39598	210000
23265	210000
13041	210000
43284	210000
5577	210000
42227	210000
35332	210000
11051	210000
42184	210000
13692	210000
8744	210000
29562	210000
47172	210000
47841	210000
47215	210000
11995	210000
47344	210000
33737	210000
48943	210000
46484	210000
47490	210000
11664	210000
45668	210000
38478	210000
33139	210000
20985	210000
33796	210000
12316	210000
47143	210000
11071	210000
21250	210000
12188	210000
33470	210000
41601	210000
52892	210000
11922	210000
59895	210000
11798	210000
29404	210000
22546	210000
53131	210000
513	210000
46849	210000
22653	210000
14116	210000
45711	210000
8728	210000
44160	210000
53070	210000
29037	210000
46793	210000
16095	210000
19531	210000
51929	210000
6723	210000
23627	210000
13857	210000
21525	210000
24554	210000
19844	210000
10024	210000
41412	210000
25764	210000
6336	210000
12578	210000
600	210000
53175	210000
32613	210000
23816	210000
19782	210000
27947	210000
197377	210000
48500	210000
17246	210000
32365	210000
54154	210000
26167	210000
10653	210000
45634	210000
43852	210000
34270	210000
54652	210000
21412	210000
18199	210000
25780	210000
9584	210000
53306	210000
8823	210000
53100	210000
1120	210000
44858	210000
12033	210000
11242	210000
42239	210000
54376	210000
50673	210000
16724	210000
132267	210000
10102	210000
54327	210000
63060	210000
57187	210000
7849	210000
58656	210000
199339	210000
25273	210000
58010	210000
60717	210000
27026	210000
41281	210000
8245	210000
57068	210000
18049	210000
33604	210000
262777	210000
28306	210000
28571	210000
262780	210000
14571	210000
12536	210000
11475	210000
10996	210000
17685	210000
38043	210000
57029	210000
11081	210000
199364	210000
29485	210000
54929	210000
29933	210000
262333	210000
14103	210000
57193	210000
40700	210000
33606	210000
55923	210000
36444	210000
18516	210000
32421	210000
33515	210000
40413	210000
10993	210000
23274	210000
26288	210000
62915	210000
25653	210000
5664	210000
28366	210000
196844	210000
40676	210000
262704	210000
31877	210000
32100	210000
15267	210000
22921	210000
15108	210000
52251	210000
18094	210000
133534	210000
262620	210000
10886	210000
53221	210000
27833	210000
20207	210000
6368	210000
262724	210000
52558	210000
14463	210000
24730	210000
61951	210000
11414	210000
133579	210000
57963	210000
198203	210000
62469	210000
30466	210000
262989	210000
52846	210000
262377	210000
42775	210000
43317	210000
37276	210000
54002	210000
262402	210000
264531	210000
264492	210000
53224	210000
53122	210000
27768	210000
36445	210000
133420	210000
28163	210000
61950	210000
9022	210000
199256	210000
262667	210000
62183	210000
50148	210000
56301	210000
28066	210000
32710	210000
24278	210000
133873	210000
49063	210000
198477	210000
10481	210000
42845	210000
11976	210000
327893	210000
5690	210000
16832	210000
40028	210000
393965	210000
61244	210000
9999	210000
25068	210000
262256	210000
134363	210000
42567	210000
31769	210000
263668	210000
4043	210000
263789	210000
18616	210000
25003	210000
132167	210000
48642	210000
26271	210000
59	210000
819	210000
32277	210000
263822	210000
61942	210000
263569	210000
29244	210000
263797	210000
25165	210000
25227	210000
201602	210000
133959	210000
198785	210000
7687	210000
11174	210000
8714	210000
42334	210000
16130	210000
43391	210000
58815	210000
263363	210000
28270	210000
28308	210000
11279	210000
53407	210000
262413	210000
35998	210000
17429	210000
29788	210000
19082	210000
15102	210000
55270	210000
21632	210000
25248	210000
52726	210000
51164	210000
52363	210000
20559	210000
18683	210000
54661	210000
19689	210000
135246	210000
52794	210000
134809	210000
52519	210000
8008	210000
394437	210000
328400	210000
264016	210000
52878	210000
58762	210000
45684	210000
202831	210000
52989	210000
197524	210000
45775	210000
264961	210000
201782	210000
327952	210000
52981	210000
62818	210000
198235	210000
199494	210000
51394	210000
133652	210000
32165	210000
27895	210000
197615	210000
43733	210000
264768	210000
27951	210000
46692	210000
57608	210000
262186	210000
27272	210000
263674	210000
35760	210000
50533	210000
200414	210000
199551	210000
51337	210000
134012	210000
35891	210000
60098	210000
29974	210000
262791	210000
35491	210000
60884	210000
57033	210000
394141	210000
27382	210000
36008	210000
55957	210000
11109	210000
206758	210000
52195	210000
199226	210000
7004	210000
57478	210000
60534	210000
27964	210000
39716	210000
41966	210000
59862	210000
202220	210000
7806	210000
395768	210000
52153	210000
262766	210000
50411	210000
41319	210000
395470	210000
265303	210000
395578	210000
50017	210000
42667	210000
135292	210000
49565	210000
23423	210000
395880	210000
134674	210000
1101	210000
11178	210000
23307	210000
59060	210000
197672	210000
51648	210000
13838	210000
202050	210000
395719	210000
133952	210000
394740	210000
57219	210000
201026	210000
394676	210000
34296	210000
14832	210000
58906	210000
29614	210000
6503	210000
61826	210000
45265	210000
12687	210000
12690	210000
25385	210000
202169	210000
131915	210000
202761	210000
131916	210000
265101	210000
196749	210000
205811	210000
61521	210000
328064	210000
196865	210000
135278	210000
27553	210000
53591	210000
53189	210000
135011	210000
265478	210000
198604	210000
38627	210000
23419	210000
24251	210000
262643	210000
7514	210000
28032	210000
206299	210000
36515	210000
50270	210000
28114	210000
63772	210000
328036	210000
6712	210000
22908	210000
41138	210000
17303	210000
38851	210000
52542	210000
53454	210000
6752	210000
265436	210000
198496	210000
56972	210000
42812	210000
327790	210000
393455	210000
41480	210000
265021	210000
40545	210000
62632	210000
53338	210000
35518	210000
394146	210000
62406	210000
25190	210000
266995	210000
19465	210000
27286	210000
137250	210000
40773	210000
54483	210000
13415	210000
204789	210000
266420	210000
204821	210000
199421	210000
32389	210000
200478	210000
49020	210000
267196	210000
44979	210000
20874	210000
266977	210000
267452	210000
263985	210000
134739	210000
263523	210000
205100	210000
43848	210000
31236	210000
196776	210000
5760	210000
31445	210000
23777	210000
51790	210000
132890	210000
394140	210000
27660	210000
63131	210000
263461	210000
64233	210000
267428	210000
38949	210000
41006	210000
197155	210000
265999	210000
134895	210000
202006	210000
51920	210000
1226	210000
262662	210000
25637	210000
47723	210000
37897	210000
11077	210000
262970	210000
131273	210000
197294	210000
18024	210000
131933	210000
54086	210000
57424	210000
200185	210000
55140	210000
136769	210000
40339	210000
196819	210000
29091	210000
11635	210000
132491	210000
263250	210000
29689	210000
198426	210000
27255	210000
49457	210000
61462	210000
138147	210000
41033	210000
47095	210000
59371	210000
397116	210000
202281	210000
267587	210000
131895	210000
196714	210000
197146	210000
209835	210000
44358	210000
50794	210000
61602	210000
16030	210000
200668	209000
395400	209000
49895	208000
15447	207000
37451	205000
262259	204000
61211	204000
53246	204000
201838	204000
41327	204000
14537	201024
13657	201000
2685	201000
11123	201000
53349	201000
3303	200200
20080	200000
41690	200000
31252	200000
35470	200000
13703	200000
37235	200000
18400	200000
53143	200000
263587	200000
6561	200000
48716	200000
25472	200000
265065	200000
264562	200000
197902	200000
63343	200000
61943	200000
15426	200000
134359	200000
32067	200000
46950	200000
50554	200000
63298	200000
30168	200000
35795	200000
53052	200000
4694	200000
262964	200000
37020	200000
39065	200000
8435	200000
205473	200000
265135	200000
60171	200000
24955	200000
8757	200000
61012	200000
39572	200000
9280	199000
53172	199000
199496	199000
51784	197400
55674	197300
7500	197000
4007	196900
132137	196608
133324	195000
64475	195000
264127	195000
262691	194560
17483	193000
138064	193000
25466	192000
12042	192000
16178	192000
11195	192000
262230	192000
57613	192000
61478	192000
38769	192000
31617	192000
202805	192000
57896	191000
32479	190000
24309	190000
203629	190000
61836	190000
32743	190000
262316	190000
136026	190000
48408	190000
20846	190000
3145	190000
12459	190000
264679	190000
48011	190000
3223	190000
58477	189000
62275	188000
262352	187908
133001	187340
25459	187000
49349	186000
61287	186000
63028	186000
57151	184000
135697	184000
6648	183000
13549	183000
47275	183000
18615	183000
12684	181000
262429	181000
262721	181000
64223	181000
56099	181000
6405	180000
394070	180000
327950	180000
19310	180000
395573	180000
9910	180000
132808	180000
57073	180000
33044	180000
52760	180000
23808	180000
197522	180000
23618	180000
138840	180000
328538	180000
35847	180000
7065	180000
13194	180000
37199	180000
64476	180000
23947	180000
21724	174000
35074	174000
57121	174000
11062	173120
25482	173056
137166	173056
21709	173000
53589	173000
21267	172000
58650	172000
45194	171312
133934	171100
40300	171000
33725	171000
9652	171000
51945	170500
7303	170000
39138	170000
14877	170000
59940	170000
53130	170000
52685	170000
4540	170000
134055	170000
263990	170000
55507	170000
328145	170000
199330	170000
60890	170000
131914	170000
11751	170000
37545	170000
19186	170000
3132	170000
23775	170000
210264	170000
264398	170000
133339	170000
25374	170000
28178	170000
202566	169000
33480	168768
14609	168000
35833	168000
21880	168000
202020	168000
35940	168000
198910	168000
36143	165000
33302	165000
262394	165000
263793	165000
205081	164000
6738	163100
51944	163000
264552	162600
57723	160408
26914	160000
18530	160000
42005	160000
9137	160000
18209	160000
9621	160000
62239	160000
262420	160000
52858	160000
25961	160000
31857	160000
396503	160000
28319	160000
268267	160000
394449	160000
14726	160000
265294	160000
397544	160000
265892	160000
58171	160000
14288	160000
264998	160000
137373	160000
39902	160000
397806	160000
33873	160000
133385	160000
134705	160000
10084	160000
268205	160000
21069	159000
8723	159000
327794	159000
31800	158100
39806	158000
10204	157000
208477	156900
19117	156000
54225	156000
262733	156000
327826	156000
55219	156000
262474	156000
262610	156000
132771	156000
58820	155000
48728	154000
133658	154000
55814	154000
43500	153600
61666	153600
42004	152000
264524	152000
267055	152000
328327	151000
28219	150030
30740	150000
20495	150000
10881	150000
15743	150000
23106	150000
262673	150000
17997	150000
29465	150000
262692	150000
264294	150000
135607	150000
267095	150000
22324	150000
18407	150000
60051	150000
20919	150000
39337	150000
393434	150000
2588	150000
266961	150000
201447	150000
268133	150000
266968	150000
51520	150000
17197	150000
328480	150000
131896	150000
266192	150000
209208	150000
328517	150000
61730	148000
263432	148000
26531	147000
39543	147000
266152	147000
55653	147000
262901	147000
59214	146000
23860	146000
262819	146000
262417	144000
133676	144000
59945	144000
264404	143360
132931	143000
394530	143000
49028	143000
264425	142000
58816	142000
13054	141400
134881	141312
33920	141000
37154	141000
56286	141000
23465	140000
17978	140000
56910	140000
263314	140000
59444	140000
328065	140000
23379	140000
396040	140000
266430	140000
266144	140000
266721	140000
35913	140000
29900	140000
25837	140000
2675	140000
57276	140000
16342	140000
9952	140000
267348	140000
7941	140000
19306	140000
37453	140000
14824	140000
58940	139000
61570	138000
60690	138000
268323	138000
52977	136500
265147	136000
5524	135000
264491	135000
264939	135000
268952	134000
2602	132000
262862	132000
39192	132000
6798	132000
263649	131000
39479	131000
37786	131000
263531	130500
16265	130000
21392	130000
4764	130000
48268	130000
18779	130000
12941	130000
264360	130000
33808	130000
262979	130000
52686	130000
263483	130000
206499	130000
200064	130000
263961	130000
39335	130000
48438	130000
40244	130000
37653	130000
264210	130000
267593	130000
263852	130000
204006	130000
208431	130000
26484	130000
266927	130000
37294	130000
266480	130000
15391	130000
43060	130000
328365	130000
26838	129216
20811	129000
28037	129000
262494	129000
52643	129000
199659	128100
2134	128000
53066	128000
7048	128000
8943	126600
52661	126576
21396	126000
7521	126000
57928	126000
264228	126000
49638	126000
38541	126000
43760	126000
266263	126000
9313	125000
59156	125000
44980	124000
45769	124000
268503	123000
7606	122000
45766	121000
33130	120900
327992	120240
22534	120010
33843	120000
131755	120000
62874	120000
7005	120000
56229	120000
263801	120000
52968	120000
59953	120000
53199	120000
204861	120000
263591	120000
36813	120000
209813	120000
6696	120000
265954	120000
267360	120000
37110	120000
46475	120000
199362	120000
19045	120000
42692	120000
45361	120000
32621	120000
52639	120000
41985	120000
20657	120000
327738	120000
9891	120000
35137	120000
207353	120000
44291	120000
4693	120000
55803	120000
198726	120000
262488	119768
52944	119000
48072	118500
13680	118000
9201	118000
37195	118000
38896	118000
198440	117000
9326	117000
24157	117000
263647	116000
262828	115500
63862	115000
20640	114000
29668	114000
51681	114000
136696	114000
57877	114000
50618	114000
263442	113500
15772	113000
18886	112640
206184	112640
43100	112000
61888	111500
29551	111000
24521	111000
23756	111000
33748	111000
263661	111000
11647	111000
36914	111000
9830	111000
39591	110000
55879	110000
262750	110000
25375	110000
28352	110000
59165	110000
265429	110000
24173	110000
45118	110000
33452	110000
328351	110000
267399	110000
196954	110000
42705	110000
264186	110000
207054	110000
12796	110000
205813	110000
209328	110000
328536	110000
45278	110000
45705	110000
27979	110000
57844	110000
12491	110000
35425	110000
262822	109000
265484	109000
15211	108000
15734	108000
137142	108000
133838	108000
44953	107000
264415	106400
61134	105472
50472	105200
5459	105000
42455	105000
53563	105000
49909	105000
5396	105000
17426	105000
264577	105000
50231	105000
131607	105000
61582	105000
61006	105000
52339	105000
45349	105000
49296	105000
267280	105000
58392	105000
26451	105000
29014	104000
37980	104000
56665	102900
17439	102400
21513	102000
203421	102000
266347	102000
37529	101000
28890	100500
6643	100000
53008	100000
38442	100000
18422	100000
263947	100000
263840	100000
394302	100000
6059	100000
29802	100000
202596	100000
10279	100000
10099	100000
48128	100000
135010	100000
262900	100000
2731	100000
31202	100000
29357	100000
50475	100000
14979	100000
53764	100000
265974	100000
27688	100000
42064	100000
264570	100000
131322	100000
398415	100000
51290	99000
134316	99000
262539	98000
13150	98000
4589	98000
138816	97000
52444	96000
262591	96000
9658	95000
12597	95000
262268	95000
137331	95000
58868	95000
31595	94500
203140	94000
53142	93312
8677	93000
198781	93000
9785	93000
262346	93000
201106	93000
48727	93000
24536	93000
48424	92400
262464	92000
264765	92000
31250	92000
59276	92000
138100	92000
200794	91800
53097	90400
34135	90300
42459	90000
58587	90000
132876	90000
134732	90000
52765	90000
199610	90000
263411	90000
263196	90000
54574	90000
138576	90000
1916	90000
7516	90000
21277	90000
24429	90000
37680	90000
52951	90000
263518	90000
269499	90000
46023	90000
20001	90000
19035	90000
133803	90000
17995	90000
19754	90000
16803	90000
23486	90000
45754	90000
45804	90000
396501	90000
328633	90000
28265	90000
262808	90000
58678	90000
33771	90000
263151	90000
267513	90000
205099	90000
56654	90000
198857	88700
44123	88200
31078	88100
48292	88000
262893	88000
33544	88000
136093	88000
59279	88000
60602	87600
53237	87150
34119	87000
263833	87000
131758	87000
52475	86016
203687	86000
267554	86000
30071	85100
52539	85000
47680	85000
28656	85000
3213	84000
41692	84000
33079	84000
24047	84000
25061	84000
39301	84000
8664	84000
32880	84000
34171	84000
25295	84000
42303	84000
55518	84000
20722	84000
197000	84000
29545	84000
47622	84000
29680	84000
20365	84000
133075	84000
199947	84000
27940	84000
28009	84000
263076	84000
327813	84000
53708	84000
38565	84000
4508	84000
55521	84000
30798	84000
28257	84000
32160	84000
37342	84000
45686	84000
263774	84000
14522	84000
206342	84000
262509	84000
328156	84000
263776	84000
61822	84000
265656	84000
23815	84000
264514	84000
139967	84000
8368	84000
3549	84000
263478	83300
53169	83000
266713	83000
263089	82800
12773	82000
328164	81920
265451	81920
23661	81000
45763	81000
393513	81000
59347	81000
52973	80000
136873	80000
47203	80000
11272	80000
29169	80000
201102	80000
207199	80000
134618	80000
268749	80000
269462	80000
138839	80000
62712	80000
33951	80000
265383	80000
16604	80000
393573	80000
196755	80000
139970	80000
56264	80000
3242	80000
267032	80000
24008	80000
31169	80000
32097	80000
197301	80000
198605	80000
199524	80000
58715	80000
18881	80000
23805	80000
40328	80000
393670	80000
134014	80000
58659	80000
9790	80000
201119	80000
265426	79440
35706	78000
16842	78000
7020	78000
199517	78000
38147	78000
135582	78000
43019	77600
262684	77500
53050	77000
38809	76500
51646	76000
38280	76000
132847	76000
327907	76000
34011	75000
23628	75000
52932	75000
49787	75000
37479	75000
14551	74100
41913	74000
55555	74000
263270	74000
30999	73700
49405	73000
262902	73000
17671	73000
206478	73000
264925	72816
16253	72000
61928	72000
250	71000
11179	71000
262730	71000
51569	71000
56381	70400
7908	70000
38753	70000
45287	70000
133613	70000
135419	70000
53356	70000
264017	70000
46595	70000
139225	70000
263067	70000
378	70000
36311	70000
210142	70000
57999	70000
265038	70000
267	70000
133296	70000
395471	70000
37783	70000
328395	70000
37682	70000
35699	70000
267815	70000
43533	70000
28292	70000
135760	70000
15960	70000
51395	70000
30259	70000
135193	70000
206125	70000
393420	70000
200738	70000
47043	70000
14642	70000
52201	70000
31430	70000
4647	70000
49463	69300
45707	69000
264923	69000
23951	69000
16191	68100
8301	68000
5505	68000
262557	67400
10135	67300
30880	67200
51254	67200
55685	67000
268525	67000
28279	66000
262374	66000
18840	66000
134707	66000
58460	66000
39505	66000
8612	66000
22873	65100
31235	65100
23074	65000
265158	65000
208751	65000
53165	64700
262336	64512
17666	64000
205344	64000
47096	64000
12902	63000
15657	63000
2128	63000
33419	63000
15766	63000
41391	63000
8784	63000
25593	63000
8513	63000
8553	63000
20915	63000
37986	63000
39636	63000
13826	63000
27822	63000
43013	63000
34304	63000
18559	63000
4677	63000
51906	63000
55644	63000
39287	63000
43858	63000
37519	63000
197617	63000
54119	63000
45348	63000
46156	63000
52352	63000
27879	63000
28590	63000
53218	63000
38289	63000
24195	63000
47027	63000
549	63000
9519	63000
34768	63000
133720	63000
262993	63000
203086	63000
36868	63000
35313	63000
134622	63000
135484	63000
198091	63000
37482	63000
197447	63000
61968	63000
263251	63000
266177	63000
39816	63000
62227	63000
137410	63000
136302	63000
48067	63000
197204	63000
138296	63000
58482	63000
262792	62500
197692	62400
37996	62000
37090	62000
3067	62000
10022	62000
32437	62000
19551	62000
45528	61440
15589	61014
4434	60240
50837	60000
57633	60000
6660	60000
53139	60000
133854	60000
28323	60000
201754	60000
266630	60000
18103	60000
203261	60000
17482	60000
394151	60000
266972	60000
268548	60000
1640	60000
54506	60000
33164	60000
12857	60000
207588	60000
131960	60000
267522	60000
266059	60000
270299	60000
264596	60000
269208	60000
24299	60000
38081	60000
62819	60000
9751	60000
37356	60000
64313	60000
60816	60000
267278	60000
55003	60000
56668	60000
137001	60000
263155	60000
11767	60000
31042	60000
56528	60000
139734	60000
13681	60000
49192	60000
22941	60000
31452	60000
6515	60000
34718	60000
29785	60000
327849	60000
10103	60000
41088	60000
51088	60000
5662	60000
44513	60000
61805	60000
263124	60000
135098	60000
134715	60000
136522	60000
263258	60000
19969	60000
9374	60000
62856	60000
137079	60000
133070	60000
60316	60000
206067	60000
56971	60000
31273	60000
27865	59100
263589	58368
28773	58000
11046	58000
2595	57000
12502	57000
62838	57000
17069	57000
53088	57000
136373	57000
43890	56000
32563	56000
136377	56000
29838	56000
53230	55000
394330	55000
20621	54250
13135	54000
8545	54000
133389	54000
9129	54000
38527	54000
55832	53768
34624	53700
265141	53248
43323	53000
132220	53000
13237	52500
28657	52500
135526	52500
8565	52300
30132	52000
21140	52000
45288	52000
44431	51500
266346	51500
61895	51200
133275	51200
6851	51000
263308	51000
12143	51000
131584	51000
137352	51000
14259	51000
263283	51000
262770	50200
264723	50000
55256	50000
266400	50000
204196	50000
133410	50000
138570	50000
268126	50000
136841	50000
12883	50000
55352	50000
134326	50000
262612	50000
263495	50000
61056	50000
265188	50000
393490	50000
56583	50000
262470	50000
267242	50000
262898	50000
266298	50000
270436	50000
56472	50000
207274	50000
328598	50000
39029	50000
22591	50000
17378	50000
33445	50000
11383	50000
17707	50000
59112	50000
262868	50000
17113	50000
133315	50000
263049	50000
264331	50000
61873	50000
17253	50000
61186	50000
135126	50000
28142	50000
270600	50000
24204	49600
328160	49100
43942	49000
36731	49000
46886	49000
56550	48500
17920	48000
53093	48000
48504	48000
265972	48000
58404	47000
52965	47000
37656	47000
35585	47000
9104	46200
41090	46200
24028	46200
44295	46200
199660	46200
199150	46200
38310	46080
134021	46000
262453	46000
263378	45500
31126	45420
28065	45300
4777	45000
25943	45000
35695	45000
209400	45000
34569	45000
38524	45000
59155	45000
201214	45000
9153	44500
8554	44100
33845	44100
29286	44100
53116	44100
41153	44100
49605	44000
262952	44000
47727	44000
262645	44000
9381	44000
34683	43800
263739	43012
10704	43008
17754	43008
328032	43008
203885	43008
56507	43008
12975	43000
200428	43000
135301	43000
21101	42700
58408	42504
136632	42384
20799	42000
29452	42000
5409	42000
8195	42000
3224	42000
33811	42000
23712	42000
52243	42000
23711	42000
30962	42000
9710	42000
2863	42000
39104	42000
28001	42000
31383	42000
26228	42000
25152	42000
12634	42000
34997	42000
34021	42000
34781	42000
15782	42000
3561	42000
13284	42000
29083	42000
35156	42000
24973	42000
41960	42000
45037	42000
35584	42000
40015	42000
9583	42000
23752	42000
29846	42000
48484	42000
37652	42000
11796	42000
50032	42000
13722	42000
47836	42000
23829	42000
17961	42000
8587	42000
53424	42000
24753	42000
16523	42000
35719	42000
24951	42000
50244	42000
50763	42000
14232	42000
33835	42000
44902	42000
38437	42000
41289	42000
45816	42000
13157	42000
31662	42000
17088	42000
12775	42000
57315	42000
1304	42000
51896	42000
51483	42000
37312	42000
45932	42000
53727	42000
9123	42000
197422	42000
24029	42000
49604	42000
23949	42000
27665	42000
58560	42000
52462	42000
42204	42000
24518	42000
24550	42000
44608	42000
35799	42000
15072	42000
56990	42000
18206	42000
49300	42000
39783	42000
198423	42000
12290	42000
20555	42000
16168	42000
42400	42000
8789	42000
31328	42000
59410	42000
29263	42000
51406	42000
16174	42000
50737	42000
9328	42000
35834	42000
197653	42000
43190	42000
53698	42000
35180	42000
48972	42000
25093	42000
5602	42000
43252	42000
28757	42000
53494	42000
59620	42000
28239	42000
28141	42000
53140	42000
133023	42000
132837	42000
53869	42000
3324	42000
9165	42000
3220	42000
37628	42000
10133	42000
54523	42000
262500	42000
53861	42000
29881	42000
263499	42000
53178	42000
28615	42000
37775	42000
29583	42000
262933	42000
63034	42000
47228	42000
23673	42000
62537	42000
52431	42000
7772	42000
262737	42000
10617	42000
52323	42000
202042	42000
61924	42000
52877	42000
36898	42000
16162	42000
60899	42000
28216	42000
18046	42000
41059	42000
201791	42000
56182	42000
55652	42000
28327	42000
264470	42000
26563	42000
18393	42000
39072	42000
200700	42000
55427	42000
58627	42000
327939	42000
31459	42000
36909	42000
59933	42000
393874	42000
203851	42000
264590	42000
393350	42000
134295	42000
55699	42000
61397	42000
43558	42000
393662	42000
328023	42000
13006	42000
201990	42000
11399	42000
204019	42000
52079	42000
198416	42000
22518	42000
199410	42000
45561	42000
47627	42000
15190	42000
135543	42000
63529	42000
60458	42000
263070	42000
198391	42000
37324	42000
9893	42000
21774	42000
203741	42000
206894	42000
52009	42000
197418	42000
199413	42000
36965	42000
39107	42000
199338	42000
56783	42000
48742	42000
40752	42000
39560	42000
52101	42000
203548	42000
327751	42000
203230	42000
39729	42000
57221	42000
203223	42000
8550	42000
132734	42000
207101	42000
23169	42000
198591	42000
44974	42000
132004	42000
44503	42000
199451	42000
39566	42000
202971	42000
41882	42000
52909	42000
262195	42000
206373	42000
58894	42000
42180	42000
26198	42000
263675	42000
263728	42000
5401	42000
264815	42000
52680	42000
36640	42000
58927	42000
60430	42000
262518	42000
198891	42000
12630	42000
15035	42000
205296	42000
64234	42000
265806	42000
17537	42000
206442	42000
200480	42000
135869	42000
134856	42000
5500	42000
197645	42000
204536	42000
266866	42000
58146	42000
138174	42000
55679	42000
135843	42000
12565	42000
18350	42000
138009	42000
200278	42000
8393	42000
5406	42000
205442	42000
328423	41984
44514	41500
262756	41264
35655	41100
14280	41000
34486	41000
7829	41000
16467	41000
25976	41000
11190	41000
30295	41000
45839	41000
54643	41000
264518	41000
34549	41000
20832	40200
13357	40190
15290	40000
199283	40000
49360	40000
45498	40000
52967	40000
137851	40000
264996	40000
28244	40000
210323	40000
34762	40000
262772	40000
262387	40000
35280	40000
133372	40000
269075	40000
394581	40000
207310	40000
42156	40000
268546	40000
1410	40000
47116	40000
26388	40000
13951	40000
30622	40000
266853	40000
3737	40000
62240	40000
32425	40000
49690	40000
134293	40000
394994	40000
202766	40000
133680	40000
58430	40000
25853	40000
44030	40000
25091	40000
17939	40000
38195	40000
8660	40000
61174	40000
265962	40000
63920	40000
134090	40000
50154	40000
206141	40000
213065	40000
200070	40000
264969	40000
138263	40000
206389	40000
60113	40000
61020	40000
209218	39108
31543	39100
30129	39000
33522	39000
59560	39000
45725	39000
37002	39000
49855	39000
52911	39000
327960	39000
48685	39000
265639	39000
45706	39000
49088	39000
138995	39000
58500	39000
52300	38912
4765	38700
134375	38192
36217	38100
8038	38000
62502	38000
134325	38000
60670	38000
60917	38000
29424	38000
396472	38000
138211	37400
23709	37000
38235	37000
59185	37000
202867	37000
52938	37000
7597	37000
262296	37000
205388	37000
137295	37000
55670	37000
202322	36800
48920	36100
53459	36000
33082	36000
33072	36000
30134	36000
30128	36000
33558	36000
14390	36000
8222	36000
26788	36000
33125	36000
28207	36000
198184	36000
41847	36000
58910	36000
200438	36000
133660	36000
265699	36000
137246	36000
45937	36000
24132	36000
263869	36000
55247	36000
269060	36000
131717	36000
17538	36000
45312	36000
16685	36000
12835	35000
38506	35000
60134	35000
29104	35000
267088	35000
133971	35000
266598	35000
50467	34500
25471	34200
17374	34100
44314	34000
4666	34000
59954	34000
48846	34000
138359	34000
37347	34000
42300	34000
206640	34000
31715	33000
15692	33000
51514	33000
37576	33000
22080	33000
137121	33000
206404	33000
138829	33000
8486	33000
198721	32700
262889	32500
7717	32300
17473	32200
15594	32000
33077	32000
36943	32000
28073	32000
136885	32000
51023	32000
48712	31500
47850	31500
327922	31500
21263	31100
8491	31000
38200	31000
137080	31000
4608	30800
52869	30720
44141	30500
30447	30180
198093	30100
267588	30003
30123	30000
7522	30000
35223	30000
50683	30000
24523	30000
49792	30000
20928	30000
23696	30000
201333	30000
25590	30000
200392	30000
209261	30000
394914	30000
397524	30000
64115	30000
37109	30000
61064	30000
140362	30000
45184	30000
135223	30000
34655	30000
41349	30000
17604	30000
5583	30000
22302	30000
58882	30000
1351	30000
9607	30000
135753	30000
197140	30000
33922	30000
21211	30000
38067	30000
52637	30000
9268	30000
45177	30000
396071	30000
7979	30000
19661	30000
205891	30000
136800	30000
204810	30000
208457	30000
205790	30000
14327	30000
28234	30000
263891	30000
22128	30000
266275	30000
30174	30000
37908	30000
13728	30000
38571	30000
136515	30000
50469	30000
263346	30000
1441	30000
137945	30000
266130	30000
398454	30000
138428	30000
52424	30000
263218	30000
264637	30000
266925	30000
42476	29000
29215	29000
54042	29000
133797	29000
7628	29000
43369	29000
263480	29000
37627	29000
133817	29000
3599	28500
200983	28100
40528	28000
16876	28000
27916	28000
22750	28000
264130	28000
133881	28000
203640	28000
201508	28000
45650	28000
135465	28000
262755	28000
267102	28000
209086	28000
33791	28000
6881	28000
2484	27800
268568	27800
267062	27500
262811	27300
50620	27200
132774	27000
5692	27000
47169	27000
60157	27000
264009	27000
262788	27000
131775	27000
264297	27000
29446	27000
134643	27000
136131	27000
135468	27000
139909	27000
61600	27000
133593	27000
266374	26624
25572	26000
58406	26000
28859	26000
28707	26000
52625	26000
53197	26000
327943	26000
202918	26000
131303	26000
264295	26000
266028	26000
61929	26000
267117	26000
34936	26000
24530	26000
55789	26000
201877	25600
27789	25504
196689	25500
263393	25500
23541	25200
44583	25200
50858	25200
45950	25200
38477	25200
21351	25200
198271	25200
48374	25200
135423	25200
7631	25100
39318	25000
54415	25000
17996	25000
263713	25000
136287	25000
139425	25000
52458	24600
22989	24576
132923	24576
133664	24576
8859	24000
28165	24000
5017	24000
16363	24000
262501	24000
135247	24000
2606	24000
42228	24000
58750	24000
263019	24000
139947	24000
37622	24000
53018	24000
135425	24000
204264	23604
132901	23604
43599	23500
9092	23100
2500	23100
20917	23100
29246	23100
17435	23100
39600	23100
31576	23100
29513	23100
44334	23100
14500	23100
16218	23100
199248	23100
199396	23100
62336	23100
198334	23100
32614	23100
23774	23100
23666	23100
327700	23100
133173	23100
24557	23000
24077	23000
9497	23000
40739	23000
39310	23000
132919	23000
28139	23000
63027	23000
13226	22700
137627	22528
18104	22500
50796	22500
52896	22500
25473	22000
17444	22000
5071	22000
45144	22000
52550	22000
16039	22000
7489	22000
134929	22000
265030	22000
266044	22000
135232	22000
328275	22000
328237	22000
208188	22000
397715	22000
22798	22000
209752	22000
139075	22000
328144	21600
35184	21504
56209	21504
27932	21504
263128	21504
262753	21504
12305	21504
26068	21504
28438	21504
263917	21504
44084	21504
41522	21504
135253	21504
198216	21504
29245	21504
135861	21504
37030	21504
30988	21504
57079	21504
28639	21504
136330	21504
25328	21504
267121	21504
136533	21504
136480	21504
133967	21504
263459	21504
50857	21500
37650	21210
58683	21000
19817	21000
10255	21000
12059	21000
28877	21000
31216	21000
16559	21000
13101	21000
19752	21000
3043	21000
25975	21000
5462	21000
20704	21000
8804	21000
4837	21000
10848	21000
31661	21000
5418	21000
26627	21000
14833	21000
25286	21000
46199	21000
15149	21000
30131	21000
40475	21000
8495	21000
15773	21000
4319	21000
36824	21000
13246	21000
42366	21000
40068	21000
38181	21000
5568	21000
8596	21000
43436	21000
11830	21000
24989	21000
15935	21000
34960	21000
29655	21000
34554	21000
14585	21000
31641	21000
40495	21000
38321	21000
4795	21000
3248	21000
8092	21000
18392	21000
42585	21000
56065	21000
8648	21000
5726	21000
49190	21000
24586	21000
41644	21000
8391	21000
48519	21000
12348	21000
22781	21000
44259	21000
13871	21000
44765	21000
39915	21000
393225	21000
10745	21000
393220	21000
394018	21000
17579	21000
48885	21000
42416	21000
23308	21000
14866	21000
39449	21000
42760	21000
7296	21000
9167	21000
46195	21000
49492	21000
31474	21000
24796	21000
13214	21000
48514	21000
19528	21000
21336	21000
42605	21000
46656	21000
31147	21000
1133	21000
29243	21000
9266	21000
48315	21000
49854	21000
43782	21000
43911	21000
47328	21000
20569	21000
5683	21000
26088	21000
28196	21000
21864	21000
49820	21000
24321	21000
49983	21000
44219	21000
50066	21000
42973	21000
38948	21000
48284	21000
12541	21000
50087	21000
38149	21000
9026	21000
30162	21000
38544	21000
9877	21000
30583	21000
52841	21000
1850	21000
26546	21000
51040	21000
6850	21000
8950	21000
12347	21000
23779	21000
53582	21000
22300	21000
20501	21000
48528	21000
37113	21000
50370	21000
9003	21000
50292	21000
51224	21000
50719	21000
20633	21000
36052	21000
15388	21000
30640	21000
25139	21000
38199	21000
46064	21000
46235	21000
19842	21000
51218	21000
15301	21000
196621	21000
41628	21000
55915	21000
44009	21000
16217	21000
8330	21000
2470	21000
46309	21000
13573	21000
20738	21000
16866	21000
28192	21000
2108	21000
46231	21000
6834	21000
52102	21000
7753	21000
49232	21000
197764	21000
13746	21000
31564	21000
26918	21000
56848	21000
29152	21000
9931	21000
57124	21000
53837	21000
3401	21000
30998	21000
53948	21000
54046	21000
27464	21000
12757	21000
57423	21000
38278	21000
27541	21000
51823	21000
18588	21000
50387	21000
198239	21000
29553	21000
39470	21000
42841	21000
57202	21000
20924	21000
41872	21000
27626	21000
12540	21000
46215	21000
4224	21000
53389	21000
48362	21000
52328	21000
41811	21000
46664	21000
132111	21000
14746	21000
12327	21000
24582	21000
54444	21000
57381	21000
33361	21000
6086	21000
57516	21000
198570	21000
34510	21000
198818	21000
16004	21000
40999	21000
45945	21000
34233	21000
36959	21000
50372	21000
41695	21000
33854	21000
57228	21000
28654	21000
198492	21000
34942	21000
40850	21000
262787	21000
48297	21000
19233	21000
50468	21000
61215	21000
197219	21000
55350	21000
51886	21000
50206	21000
198288	21000
10654	21000
10367	21000
132435	21000
34868	21000
21461	21000
18638	21000
132730	21000
132536	21000
29998	21000
198554	21000
197736	21000
27193	21000
49902	21000
49505	21000
36958	21000
16737	21000
38781	21000
132426	21000
56833	21000
21360	21000
262680	21000
262757	21000
53235	21000
28640	21000
60532	21000
12362	21000
262839	21000
29231	21000
14558	21000
61337	21000
50968	21000
20338	21000
32738	21000
197589	21000
37079	21000
59554	21000
26320	21000
3842	21000
60362	21000
3250	21000
52836	21000
3186	21000
15691	21000
10431	21000
62929	21000
62182	21000
22919	21000
393316	21000
16798	21000
62947	21000
199706	21000
12650	21000
262492	21000
26689	21000
51744	21000
14613	21000
11045	21000
29606	21000
15398	21000
199937	21000
46873	21000
24290	21000
4270	21000
200163	21000
53901	21000
263062	21000
14829	21000
45680	21000
62588	21000
28152	21000
57007	21000
52275	21000
58792	21000
53022	21000
132933	21000
393431	21000
46110	21000
262805	21000
20681	21000
131291	21000
52465	21000
45496	21000
20686	21000
263337	21000
200187	21000
21478	21000
201764	21000
52317	21000
61470	21000
262189	21000
52420	21000
52498	21000
52824	21000
17673	21000
29844	21000
29305	21000
45910	21000
58436	21000
10670	21000
29897	21000
39373	21000
52380	21000
63128	21000
12236	21000
24226	21000
35949	21000
201962	21000
201505	21000
32432	21000
11514	21000
45884	21000
27790	21000
62782	21000
33781	21000
22402	21000
13064	21000
4594	21000
28026	21000
11114	21000
9355	21000
32678	21000
30691	21000
40966	21000
52736	21000
3669	21000
196670	21000
54039	21000
133678	21000
50597	21000
393717	21000
36273	21000
45133	21000
61026	21000
32397	21000
59102	21000
2607	21000
201506	21000
262871	21000
133936	21000
199188	21000
59370	21000
47608	21000
57660	21000
37177	21000
37181	21000
22748	21000
51728	21000
9559	21000
132848	21000
131475	21000
48588	21000
132917	21000
20448	21000
63383	21000
21832	21000
12276	21000
201222	21000
36483	21000
52490	21000
60116	21000
52401	21000
26312	21000
39391	21000
34916	21000
53173	21000
63450	21000
11986	21000
34450	21000
10925	21000
393945	21000
32546	21000
18986	21000
29355	21000
26414	21000
63863	21000
19381	21000
30076	21000
30919	21000
134355	21000
394010	21000
11301	21000
53154	21000
198095	21000
28670	21000
264101	21000
9916	21000
25081	21000
6082	21000
133344	21000
53191	21000
46047	21000
28941	21000
52795	21000
39764	21000
262229	21000
32764	21000
11948	21000
48294	21000
12696	21000
44994	21000
64200	21000
200759	21000
394356	21000
132142	21000
49524	21000
52399	21000
263126	21000
201206	21000
327894	21000
198342	21000
16652	21000
3624	21000
57141	21000
18534	21000
37629	21000
7530	21000
53164	21000
52631	21000
42555	21000
15154	21000
17832	21000
262878	21000
198313	21000
201020	21000
202030	21000
30247	21000
62363	21000
131602	21000
25581	21000
47814	21000
11342	21000
28317	21000
263395	21000
48461	21000
37399	21000
33623	21000
18650	21000
39532	21000
262607	21000
262650	21000
263818	21000
41721	21000
63126	21000
265159	21000
34723	21000
262949	21000
135036	21000
23352	21000
21889	21000
52348	21000
12929	21000
394514	21000
264062	21000
52381	21000
50333	21000
198913	21000
262149	21000
57961	21000
52999	21000
203112	21000
28635	21000
63421	21000
37634	21000
196949	21000
202054	21000
27734	21000
27884	21000
131603	21000
53233	21000
21919	21000
262585	21000
51551	21000
52702	21000
43578	21000
264704	21000
55043	21000
264116	21000
8542	21000
262378	21000
204028	21000
20193	21000
56190	21000
203591	21000
30892	21000
20015	21000
135192	21000
28118	21000
3061	21000
262614	21000
30986	21000
17014	21000
199888	21000
198269	21000
31394	21000
202744	21000
327859	21000
33772	21000
200001	21000
201986	21000
23641	21000
197186	21000
3165	21000
32334	21000
131911	21000
64415	21000
27733	21000
202921	21000
199645	21000
49761	21000
32337	21000
52601	21000
196969	21000
200142	21000
12102	21000
31479	21000
263768	21000
327821	21000
207195	21000
199550	21000
198430	21000
201049	21000
199787	21000
20714	21000
26343	21000
198909	21000
50515	21000
204121	21000
202994	21000
52455	21000
8458	21000
201068	21000
264191	21000
11844	21000
207028	21000
133130	21000
62373	21000
131274	21000
200577	21000
9648	21000
197046	21000
201953	21000
263873	21000
393907	21000
61487	21000
198072	21000
202177	21000
26317	21000
52290	21000
62560	21000
264527	21000
59686	21000
14211	21000
199842	21000
132535	21000
35047	21000
206999	21000
395152	21000
199981	21000
264797	21000
199201	21000
14845	21000
7270	21000
262685	21000
133232	21000
196928	21000
15765	21000
207156	21000
40165	21000
264152	21000
42717	21000
56745	21000
50016	21000
264785	21000
61864	21000
199468	21000
38805	21000
29571	21000
31510	21000
24743	21000
265672	21000
37103	21000
263897	21000
266210	21000
136300	21000
52596	21000
37623	21000
262167	21000
46401	21000
328125	21000
327900	21000
52716	21000
136417	21000
56441	21000
263235	21000
28103	21000
206720	21000
59670	21000
266610	21000
262786	21000
262452	21000
134366	21000
136552	21000
10778	21000
28160	21000
36730	21000
37055	21000
265041	21000
134319	21000
264282	21000
7663	21000
32806	21000
52327	21000
52372	21000
30900	21000
265771	21000
206108	21000
263968	21000
10217	21000
27935	21000
133007	21000
263120	21000
267507	21000
264230	21000
265995	21000
52236	21000
37027	21000
131483	21000
263384	21000
264471	21000
52349	21000
263228	21000
52413	21000
263190	21000
16350	21000
24806	21000
5385	21000
27259	21000
265760	21000
265729	21000
57508	21000
265952	21000
201950	21000
328232	21000
136323	21000
25563	21000
61527	21000
43009	21000
135639	21000
132097	21000
51484	21000
18021	21000
200799	21000
19147	21000
267573	21000
197518	21000
395612	21000
395627	21000
47989	21000
205260	21000
132722	21000
265871	21000
15757	21000
200960	21000
42325	21000
263248	21000
136764	21000
263963	21000
37616	21000
5397	21000
327941	21000
131446	21000
43154	21000
137144	21000
266657	21000
131248	21000
31914	21000
203146	21000
63998	21000
60752	21000
59572	21000
134736	21000
52169	21000
134305	21000
135801	21000
198330	21000
60314	21000
265016	21000
24620	21000
60082	21000
267294	21000
266926	21000
16827	21000
204086	21000
204558	21000
203255	21000
205389	21000
198279	21000
132836	21000
64477	21000
204346	21000
202488	21000
21388	21000
46506	21000
61242	21000
59986	21000
48487	21000
134264	21000
132974	21000
136713	21000
205535	21000
268222	21000
45954	21000
263698	21000
28050	21000
28748	21000
265209	21000
197529	21000
18875	21000
3268	21000
328339	21000
37916	21000
396914	21000
202086	21000
133915	21000
328346	21000
266840	21000
23038	21000
37281	21000
200736	21000
132046	21000
136668	21000
25557	21000
263732	21000
63945	21000
396951	21000
394650	21000
396960	21000
266835	21000
137236	21000
31277	21000
37999	21000
56140	21000
209874	21000
394366	21000
58239	21000
25946	21000
48027	21000
57136	21000
266640	21000
30272	21000
39905	21000
2593	21000
32244	21000
263586	21000
133718	20788
27345	20480
196640	20480
58969	20480
53112	20480
210218	20480
140269	20480
262727	20330
37357	20192
2515	20100
25467	20100
32105	20000
40193	20000
26972	20000
42755	20000
6900	20000
25795	20000
31972	20000
4280	20000
51050	20000
21315	20000
3633	20000
31251	20000
203679	20000
393470	20000
61816	20000
50710	20000
263460	20000
60435	20000
26968	20000
199790	20000
18568	20000
265983	20000
40861	20000
20218	20000
206048	20000
328167	20000
202519	20000
63069	20000
132160	20000
136670	20000
209678	20000
210144	20000
17716	20000
136749	20000
30730	20000
19523	20000
267746	20000
138847	20000
209287	20000
265056	20000
39923	20000
133808	20000
59766	20000
268710	20000
51313	20000
204526	20000
31122	20000
13618	20000
4721	20000
29154	20000
198408	20000
133100	20000
20205	20000
15738	20000
132031	20000
50782	20000
134858	20000
19711	20000
43513	20000
138041	20000
23838	20000
40449	20000
10083	20000
133187	20000
15164	20000
21837	20000
16684	20000
46700	20000
11038	20000
48273	20000
25182	20000
51095	20000
198102	20000
45974	20000
23856	20000
266454	20000
263617	20000
52706	20000
51155	20000
18187	20000
328699	20000
328547	20000
11744	20000
265344	20000
199758	20000
16654	20000
207489	20000
133317	20000
138754	20000
200023	20000
209421	20000
42861	20000
52286	20000
265684	20000
28049	20000
56858	20000
198967	20000
268862	20000
34458	19500
266092	19500
58725	19456
9051	19200
19214	19000
27318	19000
12968	19000
15857	19000
28364	19000
135793	19000
51191	19000
205191	19000
263572	19000
137042	19000
23676	19000
206483	19000
61633	19000
328152	19000
18647	19000
15414	19000
131644	19000
7578	19000
134009	19000
199121	18900
27877	18900
20984	18700
9872	18700
134278	18360
136338	18240
53106	18240
24049	18000
27320	18000
33073	18000
28054	18000
30130	18000
33554	18000
29488	18000
6903	18000
7595	18000
29297	18000
33005	18000
21911	18000
15562	18000
9208	18000
30261	18000
200780	18000
47529	18000
38595	18000
263401	18000
263606	18000
134152	18000
138195	18000
37130	18000
13837	18000
52503	18000
137824	18000
132641	18000
54037	18000
39671	18000
61221	18000
31611	18000
266140	18000
267620	18000
131749	18000
59139	18000
137363	18000
24527	18000
138838	18000
58474	18000
133352	18000
136861	18000
135464	18000
60810	18000
33078	18000
33597	18000
18931	18000
11845	18000
138686	17600
267326	17500
22355	17500
135180	17408
135850	17408
208976	17100
28855	17000
198738	17000
41201	17000
200753	17000
20677	17000
135028	17000
43503	17000
37704	17000
262818	17000
210234	17000
48825	17000
38004	17000
39855	17000
14224	17000
197686	17000
39126	17000
264992	17000
13878	16800
61749	16800
52532	16500
208970	16500
265238	16400
131215	16384
135792	16384
137608	16384
135202	16384
212895	16300
23708	16100
202384	16050
23713	16000
34419	16000
52640	16000
29438	16000
199863	16000
57118	16000
63320	16000
18918	16000
37429	16000
38742	16000
395378	16000
263084	16000
26038	16000
267282	16000
24076	16000
37695	16000
201553	16000
63981	16000
15739	16000
35711	16000
52786	16000
58485	16000
38148	16000
38783	16000
59613	16000
139833	16000
52436	16000
29129	16000
34225	16000
42353	16000
38915	16000
134078	16000
51580	16000
202053	16000
39233	16000
53096	15900
38456	15600
7496	15500
132562	15360
58438	15360
131442	15360
266300	15300
52952	15100
39469	15000
33074	15000
27322	15000
26790	15000
24469	15000
21013	15000
19875	15000
10929	15000
14651	15000
25689	15000
8916	15000
48291	15000
52789	15000
135754	15000
49695	15000
132515	15000
45294	15000
393280	15000
17445	15000
133487	15000
132988	15000
262338	15000
265644	15000
48276	15000
200608	15000
134663	15000
28189	15000
133638	15000
328119	15000
131609	15000
328110	15000
47884	15000
205819	15000
266803	15000
328287	15000
62445	15000
263645	15000
327743	15000
268490	15000
209408	15000
60930	15000
200147	15000
134178	15000
135383	15000
45701	15000
9145	15000
266344	15000
202829	15000
134998	15000
265865	14900
28056	14700
200077	14700
136990	14700
23667	14500
267649	14400
264290	14336
134883	14336
134035	14336
135854	14336
58405	14336
135184	14096
12414	14000
43407	14000
51446	14000
55799	14000
134391	14000
134399	14000
134395	14000
134396	14000
134390	14000
37674	14000
50607	14000
262957	14000
43126	14000
45170	14000
136908	14000
23938	14000
267859	14000
266715	14000
37777	14000
34235	14000
12976	14000
207622	14000
61802	14000
138131	14000
207618	14000
29636	14000
28846	14000
202032	14000
52547	14000
37053	14000
38457	13312
263374	13312
27848	13000
27319	13000
50234	13000
50809	13000
34274	13000
52419	13000
40809	13000
26156	13000
201353	13000
52769	13000
19807	13000
52884	13000
12732	13000
136358	13000
45587	13000
131314	13000
200590	13000
33582	13000
37428	13000
209673	13000
207146	13000
50377	13000
43065	13000
46939	13000
328476	13000
137178	13000
134946	13000
53086	13000
264752	12800
48626	12750
24206	12700
267540	12288
264238	12288
132540	12144
49432	12000
18210	12000
58620	12000
56260	12000
56233	12000
13926	12000
37455	12000
265715	12000
204981	12000
133354	12000
24691	12000
6233	12000
203649	12000
36394	12000
268809	12000
328223	12000
132445	12000
199976	12000
327906	12000
268144	12000
262231	12000
24207	12000
135763	12000
138276	12000
20766	12000
56511	12000
327733	12000
262644	12000
267219	11500
268619	11500
33081	11300
55680	11280
27754	11264
30122	11000
30133	11000
1798	11000
41357	11000
22431	11000
28307	11000
264311	11000
206506	11000
266149	11000
205844	11000
33569	11000
200191	11000
205168	11000
138627	11000
37638	11000
135234	11000
6505	11000
208097	11000
328051	11000
133648	11000
9448	11000
60725	11000
132458	11000
265450	11000
135756	11000
137069	10700
24594	10500
21056	10500
131310	10500
34407	10500
28801	10500
28187	10500
262695	10500
31222	10500
61902	10500
52722	10500
60501	10500
52813	10500
57254	10500
202627	10500
134832	10500
198374	10500
262466	10500
264708	10500
264795	10500
133615	10500
52326	10500
268060	10400
139641	10300
59816	10240
136230	10240
27967	10240
262743	10240
268013	10240
6102	10000
12759	10000
34362	10000
19468	10000
262561	10000
393626	10000
52669	10000
11910	10000
51786	10000
35489	10000
265027	10000
264022	10000
205381	10000
135000	10000
262711	10000
202313	10000
266494	10000
135841	10000
43338	10000
60945	10000
29097	10000
206945	10000
134863	10000
31960	10000
36865	10000
135415	10000
131636	10000
26709	10000
7727	10000
138876	10000
135719	10000
135218	10000
6373	10000
64300	10000
138143	10000
12365	10000
38771	10000
30803	10000
41497	10000
30933	10000
327909	10000
264580	10000
24446	10000
3214	10000
12586	10000
15808	10000
271	10000
8793	10000
23688	10000
327930	10000
133968	10000
328176	10000
3580	10000
45355	10000
134937	10000
328204	10000
328341	10000
268430	10000
60371	10000
266225	10000
11661	10000
49004	10000
20473	10000
29479	10000
58666	10000
132330	10000
135328	10000
17766	10000
136972	10000
137199	10000
45637	10000
137900	10000
264308	10000
54035	10000
54600	10000
21454	10000
267567	10000
267144	10000
262665	10000
262480	10000
267623	10000
61923	10000
269366	10000
269369	10000
267120	10000
265483	10000
33387	10000
328315	10000
265272	10000
267611	10000
52322	10000
263775	10000
265757	10000
21050	10000
31177	10000
267828	10000
16740	10000
35202	10000
269659	10000
139946	10000
42235	9216
134922	9216
38712	9120
213252	9100
49933	9000
135597	9000
135055	9000
201695	9000
202347	9000
133089	9000
267386	9000
135480	9000
138130	9000
137378	9000
139605	9000
63874	9000
137316	9000
139446	9000
30286	9000
43518	9000
23679	9000
38143	9000
139431	9000
45296	9000
131773	9000
138119	9000
136088	9000
137358	9000
27781	9000
39145	9000
37266	9000
264262	9000
197197	9000
50903	9000
59164	9000
135780	9000
45630	9000
136642	9000
267263	9000
270586	9000
63868	9000
38778	9000
58640	9000
263684	9000
265409	8500
5560	8400
2854	8400
198290	8400
61785	8400
263978	8400
266365	8400
201494	8300
44977	8300
205086	8192
138115	8192
27659	8192
134605	8192
393807	8192
23923	8000
139329	8000
43928	8000
24212	8000
138887	8000
139972	8000
135323	8000
28602	8000
396841	8000
138745	8000
269258	8000
60304	8000
47442	8000
207549	8000
49781	8000
58401	8000
132448	8000
34019	8000
23342	8000
3130	8000
44134	8000
46609	8000
14333	8000
39583	8000
52344	8000
38515	8000
133651	8000
135848	8000
136255	8000
24243	8000
139702	8000
52681	7800
207401	7700
53192	7550
37098	7500
62100	7500
42183	7500
56791	7350
262527	7250
47522	7200
266280	7200
263755	7200
53209	7200
204994	7200
7532	7168
58898	7168
9875	7168
262307	7000
209263	7000
398202	7000
38776	7000
56239	7000
201714	7000
139956	7000
52356	7000
139528	7000
209152	7000
138365	7000
138079	7000
30362	7000
16921	7000
8820	7000
18221	7000
36687	7000
45500	7000
47297	7000
38757	7000
17561	7000
61913	7000
134877	7000
263043	7000
265959	7000
200303	6700
12577	6600
48126	6600
28589	6500
264555	6400
13917	6300
47138	6300
35053	6300
16210	6300
29140	6300
1880	6300
53114	6300
53166	6300
61319	6300
263356	6300
264754	6300
24232	6200
132268	6200
135226	6144
37076	6144
27976	6144
34927	6100
131247	6000
134933	6000
138988	6000
31673	6000
268523	6000
270383	6000
265297	6000
52477	6000
63882	6000
196922	6000
50311	6000
208817	6000
328543	6000
137159	6000
263720	6000
135964	6000
263762	6000
37708	6000
209109	6000
41666	6000
207317	6000
327720	6000
139978	6000
14295	6000
18520	6000
55658	6000
132646	6000
199516	6000
263536	6000
15672	6000
204005	6000
57695	6000
394102	6000
266260	6000
136370	6000
327817	6000
2042	6000
135269	6000
206235	6000
139226	6000
61218	6000
133799	6000
18112	6000
139958	6000
28080	6000
262514	6000
262833	6000
26106	5900
48252	5800
6083	5700
37223	5700
51159	5700
139249	5620
47748	5500
24005	5500
49653	5250
34800	5200
267427	5120
53127	5120
6853	5100
197890	5100
58475	5100
25516	5000
27024	5000
57166	5000
267654	5000
134522	5000
6735	5000
60391	5000
58145	5000
268280	5000
21058	5000
328518	5000
53057	5000
269432	5000
49752	5000
133809	5000
207439	5000
269091	5000
206215	5000
205920	5000
269875	5000
139449	5000
268268	5000
23855	5000
139628	5000
213342	5000
41051	5000
134917	5000
62321	5000
8201	5000
29449	5000
47617	5000
41471	5000
35260	5000
26253	5000
55761	5000
11624	5000
19116	5000
37363	5000
263555	5000
327850	5000
22549	5000
134259	5000
328033	5000
327814	5000
263143	5000
52923	5000
59368	5000
42774	5000
60975	5000
35135	5000
138910	5000
266020	5000
205675	5000
62595	5000
393629	4800
61203	4500
53046	4500
131668	4400
29876	4200
36184	4200
23710	4200
24048	4200
21476	4200
12381	4200
29259	4200
18227	4200
55865	4200
54210	4200
40034	4200
39931	4200
63829	4200
35551	4200
51349	4200
48310	4200
47628	4200
263290	4200
263893	4200
133501	4200
264608	4200
60718	4200
24880	4200
45956	4200
39010	4200
266896	4200
52387	4200
206782	4200
132559	4096
52688	4096
197551	4000
209530	4000
266545	4000
262416	4000
52998	4000
266571	4000
267732	4000
39070	4000
36827	4000
267830	4000
269040	4000
267833	4000
51001	4000
207770	4000
136244	4000
45424	4000
131091	4000
139021	4000
22425	4000
213377	4000
135225	4000
35568	4000
138663	4000
36936	4000
268821	4000
24541	4000
12826	4000
41495	4000
28328	4000
197922	4000
131459	4000
59432	4000
54721	4000
48105	4000
262887	4000
136708	4000
57782	4000
4618	4000
30126	4000
56203	4000
133536	4000
38496	4000
52936	4000
328262	4000
209626	4000
63867	4000
57468	4000
137457	4000
134262	4000
18002	4000
137935	3900
209291	3900
17400	3800
267126	3750
35579	3700
17895	3600
42310	3600
42587	3600
43853	3600
263548	3500
209022	3500
45220	3400
24129	3300
17890	3300
210025	3300
6066	3255
9189	3200
28262	3150
37186	3100
133994	3072
9115	3018
18052	3000
24892	3000
137937	3000
21659	3000
38150	3000
207654	3000
7562	3000
54728	3000
6775	3000
42473	3000
3595	3000
27413	3000
59414	3000
24492	3000
50677	3000
262713	3000
61092	3000
135876	3000
134204	3000
52373	3000
205614	3000
205964	3000
204671	3000
33932	3000
42181	3000
204982	3000
34553	3000
208848	3000
204326	3000
209100	3000
11017	3000
137995	3000
207335	3000
132708	3000
398335	3000
269535	3000
268091	3000
140407	3000
138866	3000
138117	3000
48428	3000
46032	3000
135746	3000
138279	3000
62997	3000
11805	3000
135298	3000
213126	3000
138837	3000
139952	3000
264242	3000
269762	3000
55947	3000
197038	2800
53185	2500
207866	2500
21158	2400
15401	2400
262911	2400
13049	2310
55420	2310
5377	2300
266475	2200
204909	2200
30889	2100
23310	2100
34746	2100
33472	2100
15436	2100
25752	2100
30141	2100
41037	2100
20507	2100
41399	2100
1982	2100
8481	2100
25504	2100
29430	2100
14970	2100
34764	2100
13105	2100
34144	2100
21840	2100
44212	2100
28929	2100
23677	2100
20081	2100
9290	2100
15716	2100
31555	2100
20483	2100
33211	2100
42937	2100
45425	2100
24238	2100
49867	2100
3661	2100
4641	2100
14166	2100
47302	2100
17501	2100
196967	2100
28182	2100
36275	2100
46373	2100
197439	2100
2597	2100
196763	2100
32586	2100
12431	2100
45444	2100
48913	2100
13591	2100
10015	2100
57821	2100
18149	2100
38190	2100
35399	2100
61044	2100
24006	2100
47762	2100
31319	2100
18612	2100
36315	2100
173	2100
27983	2100
133444	2100
12822	2100
11008	2100
59752	2100
8310	2100
132645	2100
8922	2100
56109	2100
24347	2100
59919	2100
17970	2100
263928	2100
37120	2100
56204	2100
50623	2100
25491	2100
48847	2100
11947	2100
35001	2100
49640	2100
24634	2100
21201	2100
205610	2100
262266	2100
131996	2100
38217	2100
57089	2100
37190	2100
62230	2100
267673	2100
202806	2100
17689	2100
264650	2100
34527	2100
12556	2100
134331	2048
133989	2048
55806	2048
136842	2048
136722	2048
11271	2000
35090	2000
39615	2000
31680	2000
25433	2000
42492	2000
12854	2000
52186	2000
199547	2000
133072	2000
203040	2000
266687	2000
37698	2000
265890	2000
204188	2000
37472	2000
207491	2000
52545	2000
36198	2000
266133	2000
58731	2000
20932	2000
24953	2000
7469	2000
17824	2000
41393	2000
15177	2000
37159	2000
47692	2000
197669	2000
20406	2000
27693	2000
23201	2000
202194	2000
132679	2000
133043	2000
29170	2000
17416	2000
25435	2000
327761	2000
37302	2000
136451	2000
133311	2000
204708	2000
136175	2000
205718	2000
137273	2000
57581	2000
135190	2000
137016	2000
17806	2000
138536	2000
202328	2000
327796	2000
4842	2000
24124	2000
138056	2000
45926	2000
18117	2000
269478	2000
267584	2000
398570	2000
47875	2000
136835	2000
63494	2000
37491	2000
29030	2000
138317	2000
61678	2000
201376	2000
27876	2000
138860	2000
61762	2000
133334	2000
138769	2000
139533	2000
138762	2000
133000	2000
29000	2000
213031	2000
37067	2000
38031	2000
47253	2000
48966	2000
15975	2000
51737	2000
29310	2000
197350	2000
42013	2000
51440	2000
42314	2000
12754	2000
269872	2000
11139	2000
14694	2000
268707	2000
12161	2000
45722	2000
33080	2000
52920	1950
31653	1900
17747	1900
328107	1900
204662	1900
266355	1900
16347	1800
268539	1800
138632	1800
9341	1800
264602	1800
38887	1700
267801	1700
27806	1700
6734	1600
52051	1600
204185	1600
10678	1500
36388	1500
9327	1500
19089	1500
34578	1500
133318	1500
46045	1500
264382	1500
32398	1500
53061	1500
24220	1500
269987	1500
4558	1448
29590	1400
24632	1400
52828	1400
137936	1400
5764	1300
45054	1300
28303	1300
43573	1300
264756	1260
29471	1200
39180	1200
28215	1200
327822	1200
267520	1200
267083	1120
48344	1100
44207	1100
201146	1100
208063	1100
209555	1100
134563	1100
29006	1050
265702	1050
23893	1024
18230	1024
52573	1024
24508	1024
262716	1000
62166	1000
205927	1000
61903	1000
18719	1000
48821	1000
47902	1000
28211	1000
265356	1000
328441	1000
24050	1000
33071	1000
34505	1000
31402	1000
28198	1000
26753	1000
17469	1000
199230	1000
327908	1000
45951	1000
262568	1000
53094	1000
132372	1000
41651	1000
41139	1000
48507	1000
134265	1000
39650	1000
328255	1000
37395	1000
328043	1000
136982	1000
203976	1000
32030	1000
204633	1000
328229	1000
206262	1000
51972	1000
209385	1000
31649	1000
61748	1000
61652	1000
265497	1000
268647	1000
132669	1000
328582	1000
12186	1000
132198	1000
138886	1000
60592	1000
203287	1000
271053	1000
264513	1000
131645	1000
23013	1000
55695	1000
264787	1000
264656	1000
134875	1000
140144	1000
212799	1000
50869	1000
24457	1000
24470	1000
136054	1000
140476	1000
202959	1000
208590	1000
213033	1000
32035	1000
37192	945
59340	900
8338	900
21246	900
31055	840
207454	800
328585	800
39196	800
9892	800
53216	800
263486	800
203968	800
328522	700
268713	700
207394	700
209645	700
213253	700
24381	700
30528	700
44024	600
13287	600
37286	600
36369	600
140219	600
132531	600
51778	600
5111	600
327775	600
133309	600
134232	600
36889	600
132642	550
140244	500
213386	500
10557	500
55784	500
35821	500
56662	500
132022	500
58578	500
132882	500
132376	500
9601	500
2499	420
327981	420
135206	400
27744	400
24776	400
265464	400
205523	400
203615	300
204438	300
16242	300
131477	300
206610	300
57757	300
266551	300
58818	300
47251	300
213105	300
269923	300
140840	250
16503	225
15434	210
50088	210
393853	210
37224	210
213330	200
9229	200
56911	200
8661	200
202479	200
35145	200
327781	200
269023	200
139741	200
63886	200
133832	200
269534	200
61417	170
15469	150
37044	150
36997	150
20291	150
140731	130
39271	120
37209	105
43660	105
202301	100
209833	100
33983	100
38592	100
138023	100
135395	100
213262	100
213092	100
139317	100
132003	84
269163	80
55822	72
213284	60
269104	50
54049	42
21693	40
37062	30
137653	27
263855	24
37133	21
40592	20
52423	18
13273	5
270320	4
13594	4
264902	4
6762	0
32787	0
2519	0
31133	0
26193	0
8015	0
17222	0
60497	0
21339	0
8470	0
51324	0
21083	0
327692	0
4755	0
6895	0
327976	0
56196	0
15932	0
57724	0
200125	0
41841	0
56575	0
198529	0
44124	0
196883	0
37424	0
6300	0
198035	0
197318	0
38942	0
42935	0
20530	0
198187	0
48694	0
43171	0
50095	0
200602	0
35199	0
200750	0
197181	0
3169	0
199510	0
44784	0
197345	0
22541	0
200089	0
52031	0
55714	0
43495	0
198007	0
48629	0
41833	0
62328	0
197697	0
199774	0
203937	0
203742	0
35787	0
206910	0
51863	0
197809	0
41379	0
42374	0
197099	0
42852	0
60755	0
29070	0
61154	0
202936	0
197295	0
198709	0
198424	0
198906	0
199265	0
197572	0
203505	0
203306	0
59611	0
198214	0
206489	0
10355	0
263097	0
57890	0
203765	0
199005	0
51101	0
62201	0
197375	0
199381	0
60219	0
196979	0
395478	0
56983	0
57665	0
3352	0
198766	0
201531	0
197437	0
201001	0
51960	0
199341	0
51068	0
265692	0
262690	0
206762	0
37087	0
52414	0
3582	0
201332	0
264857	0
57945	0
197766	0
203157	0
33494	0
135895	0
49633	0
264853	0
10803	0
133859	0
206736	0
205073	0
21030	0
52664	0
62184	0
3249	0
206406	0
263699	0
264013	0
199473	0
132556	0
36707	0
205384	0
57332	0
198493	0
56324	0
57701	0
202626	0
57101	0
203582	0
136857	0
197837	0
136336	0
41044	0
50916	0
198081	0
37345	0
19091	0
28468	0
41297	0
203667	0
138222	0
31230	0
327753	0
60265	0
209854	0
24064	0
202434	0
328111	0
268801	0
396300	0
47237	0
206460	0
137597	0
136994	0
328401	0
52473	0
27017	0
10361	0
131954	0
49941	0
12833	0
60119	0
52544	0
199138	0
58158	0
32082	0
37550	0
27993	0
395326	0
209451	0
207306	0
43824	0
207834	0
269826	0
328055	0
51185	0
265777	0
205897	0
207071	0
18997	0
56523	0
59598	0
204479	0
24257	0
38207	0
206479	0
135031	0
2486	0
33333	0
47950	0
17048	0
210283	0
50321	0
51262	0
63830	0
26930	0
43653	0
197071	0
33108	0
196959	0
265098	0
37148	0
264568	0
207852	0
39533	0
51407	0
60357	0
24961	0
