714	13840000
16509	13760000
32934	13370000
8075	8760000
13335	8250000
54113	5730000
20940	5694000
22822	4090000
16276	3840000
46489	2860000
6939	2824000
17676	2710000
6805	2040000
33891	1890000
3209	1830000
7342	1700000
31334	1560000
2516	1471000
39386	1315000
6461	1172000
9498	1080000
64049	1070000
328058	1000000
15169	970000
2497	960000
4230	920000
8447	900000
19679	900000
2119	870000
29990	860000
20115	840000
28604	830000
2856	800000
1136	800000
63293	800000
9002	781000
12389	760000
5650	710000
13285	710000
3216	699000
3356	694000
15133	680000
6667	663000
4181	661000
2914	640000
8966	632000
2518	630000
1267	620100
12552	620000
2635	620000
4637	615000
226	610000
47541	610000
55391	600000
38022	600000
8473	580000
17511	570000
52320	570000
5607	570000
49544	563000
57344	560000
41095	530000
5400	513000
6830	510000
9009	510000
6730	500000
16086	500000
265950	500000
5578	490000
12989	470000
12189	450000
21320	450000
12874	440000
2514	440000
8359	436000
36408	436000
29314	430000
6774	425000
5410	420000
15305	420000
56478	420000
5089	410000
2527	410000
25933	410000
36459	410000
6327	401000
15435	400000
20485	400000
34756	400000
2510	400000
61955	400000
2907	400000
38634	400000
328045	400000
2686	391000
680	385000
61832	371000
6079	370000
7843	370000
2603	370000
4760	360000
1547	346000
2818	340000
58453	340000
15557	330000
13030	320000
15412	317000
46786	310000
38082	302000
1103	302000
1273	300000
12713	300000
24203	300000
18734	300000
327693	300000
15704	300000
23620	300000
62041	300000
22356	293000
52580	282000
35228	280000
6507	280000
4556	280000
202276	280000
47764	270000
6509	263000
28663	262000
8717	260000
13768	254000
12322	250000
11260	250000
37100	245000
23393	241000
36692	241000
3292	240000
11164	240000
11404	240000
3255	240000
39651	240000
16591	240000
3630	240000
25506	240000
25192	231000
3265	230000
9534	230000
4800	223000
786	220000
20880	220000
12430	220000
12479	220000
38091	220000
30722	220000
9304	214000
14413	213000
5588	210000
1257	210000
5645	210000
668	210000
36089	210000
23881	210000
29535	210000
132203	210000
5713	210000
27381	210000
7575	202000
55818	201100
32098	201000
812	200000
15542	200000
19151	200000
4739	200000
16637	200000
5432	200000
9121	200000
35320	200000
2711	200000
6661	200000
42708	200000
47377	200000
262206	200000
2851	200000
15962	200000
45899	200000
22646	200000
23563	200000
11888	200000
40356	200000
137872	200000
9318	199000
6057	190000
8657	190000
50384	190000
12083	180000
20504	180000
15802	180000
12714	173500
28580	171000
43727	170000
23576	170000
6128	170000
42525	161000
43531	161000
28368	161000
4134	160000
34867	160000
8426	157000
5413	152000
31500	152000
37271	152000
7552	150000
8529	150000
34984	150000
9824	150000
4685	150000
13760	150000
37662	150000
396253	150000
7738	141000
59605	141000
13037	140000
2852	140000
23184	140000
13489	140000
18403	140000
30517	140000
26615	140000
9269	135000
9505	131000
109	131000
12200	130000
23520	130000
2611	130000
7029	130000
40788	130000
5378	130000
3327	127000
3491	124000
3741	123100
702	123100
53162	122000
2116	121000
262503	121000
2828	120000
4766	120000
31027	120000
4648	120000
40428	120000
9050	120000
197595	120000
12849	120000
11232	120000
58073	120000
19009	120000
6768	120000
30600	120000
393565	120000
52941	120000
46450	120000
262740	120000
14630	120000
38880	116000
23473	111000
2906	110000
4713	110000
293	110000
31655	110000
18081	110000
52840	110000
53013	110000
6697	110000
206819	110000
11269	110000
17451	107000
24115	106000
35753	105000
15224	104000
10474	102000
25358	101000
1828	101000
45158	101000
136106	101000
24940	100000
31939	100000
6614	100000
50304	100000
3601	100000
33362	100000
16904	100000
58682	100000
61449	100000
55900	100000
264144	100000
200981	100000
24748	100000
197790	100000
49378	100000
267056	100000
265937	100000
36062	100000
20943	100000
62668	100000
132825	100000
6465	100000
202425	100000
59930	100000
209222	100000
7418	100000
23148	93000
30094	93000
30844	93000
137	92000
25180	92000
44050	92000
7545	92000
14868	91750
18705	90000
15600	90000
9116	90000
9723	90000
48237	90000
6866	90000
8455	90000
10143	90000
39608	90000
7155	90000
62887	90000
62955	90000
200455	90000
28260	90000
21245	90000
2559	90000
137922	90000
205216	90000
30781	87000
4761	86000
38883	83000
17559	81000
22689	80800
12956	80000
39202	80000
28338	80000
4773	80000
33915	80000
10030	80000
18121	80000
766	80000
35407	80000
12353	80000
62	80000
54183	80000
54312	80000
5483	80000
27715	80000
28126	80000
28158	80000
26801	80000
28146	80000
12392	80000
53766	80000
263297	80000
63221	80000
201641	80000
37153	80000
26415	80000
52871	80000
54133	80000
23889	80000
59027	80000
17885	80000
39326	78000
18106	75000
703	72100
45780	72000
6908	71000
8781	71000
28716	71000
6412	71000
262355	71000
262848	71000
852	70000
11686	70000
29550	70000
7473	70000
577	70000
1680	70000
33132	70000
14282	70000
25885	70000
2860	70000
9595	70000
24033	70000
13124	70000
1741	70000
3786	70000
44053	70000
43205	70000
52925	70000
4258	70000
25512	70000
200020	70000
38790	70000
8095	70000
61400	70000
43332	70000
267469	70000
8632	66000
26162	66000
36924	63000
12731	62500
34224	62500
4788	62000
2687	62000
39912	62000
35432	62000
27471	62000
28343	62000
9924	61300
21385	61200
9031	61000
37168	61000
48166	61000
2152	60100
5769	60000
21502	60000
9930	60000
9070	60000
13445	60000
29695	60000
6181	60000
38858	60000
43646	60000
5603	60000
29119	60000
21321	60000
32184	60000
38819	60000
17709	60000
45204	60000
5009	60000
262729	60000
263073	60000
196925	60000
202023	60000
6848	60000
49685	60000
7415	60000
46	60000
263327	60000
52005	60000
9680	60000
30990	60000
206548	60000
41798	60000
266989	60000
6471	60000
262287	60000
20144	58000
17639	56000
8462	55000
13189	54000
9729	54000
6407	53000
262778	53000
7862	53000
16302	52000
262773	52000
27988	52000
9342	52000
13193	51000
26803	51000
262659	51000
53065	51000
262807	51000
559	50000
5511	50000
25899	50000
13249	50000
9500	50000
7632	50000
36040	50000
132132	50000
58601	50000
34700	50000
49158	50000
13576	50000
9365	50000
262428	50000
262468	50000
8452	50000
63242	50000
21976	50000
7679	50000
42830	50000
197482	50000
12709	50000
31272	50000
19324	50000
263903	50000
6922	50000
136557	50000
35362	50000
327987	50000
45558	50000
264215	50000
136743	50000
21808	50000
266931	50000
50473	50000
43729	50000
58057	47000
14026	45000
58530	44000
9044	43000
8308	43000
26554	43000
28330	43000
6447	42900
24130	42000
15419	42000
12678	42000
35745	42000
7600	42000
52551	42000
58507	42000
48919	42000
3267	41100
19165	41000
6067	41000
14492	41000
22691	41000
3302	41000
12041	41000
11814	41000
9299	41000
37282	41000
9231	41000
15958	41000
32286	41000
8968	41000
28202	41000
52579	41000
37417	41000
45638	41000
35213	41000
22724	41000
14969	41000
10098	40100
38622	40000
3257	40000
2110	40000
27524	40000
26496	40000
7795	40000
8365	40000
29422	40000
11096	40000
17819	40000
41690	40000
27589	40000
19108	40000
38107	40000
44684	40000
25577	40000
21371	40000
39102	40000
36351	40000
39704	40000
25668	40000
4787	40000
20845	40000
60339	40000
31242	40000
8535	40000
35717	40000
15517	40000
59900	40000
1424	40000
13147	40000
8866	40000
4635	40000
37105	40000
8544	40000
21232	40000
28624	40000
41678	40000
30419	40000
28666	40000
5391	40000
15763	40000
28267	40000
1241	40000
9650	40000
8448	40000
19996	40000
12129	40000
18260	40000
50643	40000
18182	40000
56396	40000
16700	40000
41164	40000
35193	40000
28665	40000
36937	40000
28171	40000
58209	40000
17941	40000
47242	40000
24751	40000
56329	40000
21413	40000
25255	40000
10158	40000
48634	40000
54998	40000
38333	40000
22147	40000
8445	40000
5403	40000
28229	40000
262476	40000
53158	40000
263080	40000
28191	40000
53184	40000
10118	40000
17054	40000
51852	40000
26120	40000
262664	40000
53037	40000
197451	40000
56038	40000
52696	40000
132215	40000
9667	40000
37693	40000
7049	40000
59384	40000
3261	40000
63516	40000
58243	40000
17012	40000
263665	40000
132680	40000
48620	40000
28145	40000
50204	40000
394497	40000
53240	40000
44735	40000
719	40000
28576	40000
62904	40000
327991	40000
36873	40000
53180	40000
13807	40000
34058	40000
44416	40000
27919	40000
40526	40000
3754	40000
28554	40000
23693	40000
30838	40000
30818	40000
58941	40000
64220	40000
33438	40000
41998	40000
61157	40000
131917	40000
39899	40000
6307	40000
135262	40000
132296	40000
24703	40000
43668	40000
266167	40000
41194	40000
25019	40000
56931	40000
11979	40000
55182	40000
56444	40000
27925	40000
41206	40000
38327	40000
54827	40000
17583	40000
136907	40000
1759	40000
267484	40000
26446	40000
56309	40000
8540	40000
38466	38000
44843	38000
12693	37500
3300	37000
14361	36000
4657	36000
9354	36000
34610	36000
197888	36000
43561	35000
136784	35000
47481	35000
8674	34000
58580	34000
263421	34000
24324	34000
16570	34000
3320	33000
12859	33000
23930	33000
33011	33000
37358	33000
13000	33000
10003	33000
38758	33000
41552	32500
49290	32500
7475	32100
1239	32000
11666	32000
8487	32000
9264	32000
12310	32000
10029	32000
7311	32000
262760	32000
56258	32000
262865	32000
38987	32000
35761	32000
45352	31300
1836	31000
15576	31000
3701	31000
8399	31000
3262	31000
9246	31000
17547	31000
34244	31000
47195	31000
17922	31000
9957	31000
31463	31000
30539	31000
57866	31000
17665	31000
11142	31000
20121	31000
262505	31000
9902	31000
37678	31000
41018	31000
199319	31000
202004	31000
199503	31000
28649	31000
64315	31000
262532	30720
12654	30100
10835	30100
134697	30100
701	30000
24916	30000
30972	30000
2381	30000
21409	30000
19318	30000
12871	30000
237	30000
6695	30000
29009	30000
2529	30000
14340	30000
11758	30000
12306	30000
20773	30000
40511	30000
7782	30000
36944	30000
6473	30000
41420	30000
30041	30000
39605	30000
11403	30000
26163	30000
9008	30000
48918	30000
1406	30000
7713	30000
8530	30000
33083	30000
25148	30000
13370	30000
17534	30000
17924	30000
18268	30000
50821	30000
34056	30000
39545	30000
27747	30000
36012	30000
18278	30000
56030	30000
59536	30000
1422	30000
18200	30000
26677	30000
36280	30000
18283	30000
10302	30000
45031	30000
42000	30000
35575	30000
2614	30000
55569	30000
23786	30000
47708	30000
54329	30000
47264	30000
40029	30000
18450	30000
36222	30000
17882	30000
16243	30000
9749	30000
39642	30000
19189	30000
38651	30000
10019	30000
262403	30000
13825	30000
61374	30000
52752	30000
51409	30000
52751	30000
10002	30000
24277	30000
45498	30000
39444	30000
23778	30000
55785	30000
9993	30000
3128	30000
26827	30000
10578	30000
19889	30000
21488	30000
63270	30000
9997	30000
23404	30000
3252	30000
262732	30000
21777	30000
262485	30000
262983	30000
7162	30000
197727	30000
37892	30000
1659	30000
9834	30000
53078	30000
262343	30000
133403	30000
63290	30000
12847	30000
9029	30000
60169	30000
16851	30000
327901	30000
36734	30000
290	30000
53152	30000
134139	30000
30028	30000
28605	30000
42981	30000
41508	30000
16110	30000
18747	30000
48956	30000
35434	30000
196729	30000
43656	30000
59460	30000
133120	30000
265399	30000
26133	30000
266468	30000
202103	30000
131912	30000
27475	30000
202196	30000
52468	30000
34120	30000
262731	30000
29107	30000
9457	30000
263998	30000
18255	30000
23105	30000
264493	30000
10036	30000
39251	30000
8819	30000
54198	30000
202409	30000
131937	30000
137831	30000
137367	30000
49824	30000
263616	30000
39507	30000
60893	30000
205139	30000
35709	30000
50050	30000
35640	30000
263271	30000
28258	28000
27955	28000
13896	28000
42456	26100
13009	26000
3225	26000
20459	26000
52937	25500
58307	25000
196879	25000
61189	25000
42	24300
18059	24000
38322	24000
24183	24000
20960	24000
22363	24000
264668	24000
12350	23000
9297	23000
55581	23000
24709	23000
20804	23000
37150	23000
132255	23000
131744	23000
224	23000
20910	23000
26613	23000
60474	22100
34245	22000
1280	22000
13122	22000
34803	22000
10021	22000
28166	22000
55329	22000
16839	22000
4770	22000
24852	22000
37254	22000
327698	22000
4780	22000
53115	22000
28125	22000
28359	22000
51706	22000
327824	22000
204053	22000
327984	22000
41096	22000
204222	22000
51060	22000
44646	22000
38861	22000
50083	22000
133930	22000
136119	22000
138132	22000
58396	22000
268331	21600
62040	21504
25818	21200
59699	21200
37028	21100
10490	21000
7752	21000
16586	21000
27008	21000
5564	21000
27924	21000
15399	21000
4844	21000
22438	21000
16371	21000
33182	21000
6663	21000
56308	21000
13243	21000
38583	21000
4628	21000
22772	21000
25460	21000
57169	21000
55720	21000
57353	21000
50272	21000
24535	21000
9416	21000
12470	21000
34934	21000
47605	21000
57463	21000
28250	21000
53171	21000
262761	21000
53187	21000
262516	21000
28978	21000
59842	21000
132770	21000
51018	21000
21574	21000
262441	21000
264005	21000
49102	21000
37613	21000
199723	21000
200889	21000
200539	21000
395561	21000
197113	21000
16374	21000
60191	21000
32217	21000
55359	21000
38623	20600
11377	20480
262794	20480
7610	20300
197133	20100
45931	20100
9245	20100
61512	20100
10310	20000
8607	20000
8763	20000
15422	20000
6619	20000
16245	20000
25441	20000
25309	20000
35028	20000
16150	20000
3605	20000
8897	20000
27552	20000
17356	20000
6315	20000
35916	20000
30212	20000
20080	20000
34106	20000
18150	20000
15366	20000
16713	20000
30914	20000
6677	20000
25761	20000
12312	20000
31477	20000
16082	20000
14793	20000
22561	20000
4764	20000
5467	20000
7670	20000
10075	20000
2857	20000
20161	20000
8732	20000
7992	20000
2544	20000
31727	20000
2044	20000
21221	20000
12969	20000
8343	20000
855	20000
20712	20000
12676	20000
34594	20000
8608	20000
13868	20000
31252	20000
4818	20000
9293	20000
16735	20000
35819	20000
36416	20000
8057	20000
13536	20000
48971	20000
23783	20000
22652	20000
8903	20000
17514	20000
18077	20000
1930	20000
32869	20000
23700	20000
8896	20000
11030	20000
50295	20000
34555	20000
5541	20000
18678	20000
15474	20000
9186	20000
49788	20000
41572	20000
17955	20000
6739	20000
59835	20000
12387	20000
6679	20000
34456	20000
4058	20000
394739	20000
7642	20000
8821	20000
55480	20000
47155	20000
23114	20000
10297	20000
15440	20000
21099	20000
62047	20000
39832	20000
5619	20000
15497	20000
35017	20000
50606	20000
10973	20000
13730	20000
133612	20000
1251	20000
23316	20000
40220	20000
23678	20000
19169	20000
14265	20000
23089	20000
51243	20000
11835	20000
18129	20000
10094	20000
43833	20000
7671	20000
30950	20000
13360	20000
50629	20000
35805	20000
46043	20000
393223	20000
3333	20000
5056	20000
262744	20000
18978	20000
23314	20000
18400	20000
60955	20000
12996	20000
20836	20000
22799	20000
28224	20000
28667	20000
11815	20000
8055	20000
28668	20000
15502	20000
262444	20000
262854	20000
7057	20000
37596	20000
26609	20000
12338	20000
62752	20000
61231	20000
32204	20000
393523	20000
39184	20000
62715	20000
36112	20000
263311	20000
200052	20000
28309	20000
39090	20000
53597	20000
54665	20000
56828	20000
54540	20000
62455	20000
52962	20000
26479	20000
57864	20000
263055	20000
62523	20000
28349	20000
22085	20000
44356	20000
34218	20000
31115	20000
26292	20000
199860	20000
12670	20000
197013	20000
10733	20000
61438	20000
13739	20000
11468	20000
6994	20000
31950	20000
54527	20000
11924	20000
52689	20000
262696	20000
28131	20000
4581	20000
11280	20000
17310	20000
24611	20000
6325	20000
63124	20000
20952	20000
28310	20000
20850	20000
14627	20000
46435	20000
28370	20000
263544	20000
33713	20000
263535	20000
17809	20000
4809	20000
41046	20000
23669	20000
59899	20000
52908	20000
9615	20000
4557	20000
264397	20000
10001	20000
202119	20000
58708	20000
24249	20000
264543	20000
262699	20000
58589	20000
27364	20000
25083	20000
44914	20000
61102	20000
37439	20000
37515	20000
134053	20000
1342	20000
20717	20000
20715	20000
264359	20000
200852	20000
42504	20000
38924	20000
9146	20000
11708	20000
22442	20000
12735	20000
54290	20000
28331	20000
29866	20000
11240	20000
18419	20000
6122	20000
8680	20000
13977	20000
47438	20000
262457	20000
265206	20000
35205	20000
56890	20000
62499	20000
27618	20000
263516	20000
8387	20000
132323	20000
263880	20000
41549	20000
5518	20000
32212	20000
9946	20000
48793	20000
27216	20000
263482	20000
17726	20000
11550	20000
202895	20000
15669	20000
132934	20000
264437	20000
263321	20000
55256	20000
263982	20000
56282	20000
52531	20000
203629	20000
61584	20000
262676	20000
28134	20000
51619	20000
36866	20000
263427	20000
198537	20000
41026	20000
11014	20000
200594	20000
198948	20000
197667	20000
24271	20000
198418	20000
264575	20000
134033	20000
28545	20000
265130	20000
23704	20000
47254	20000
25472	20000
58863	20000
55805	20000
34092	20000
60860	20000
43509	20000
198525	20000
52106	20000
57249	20000
51636	20000
206890	20000
41160	20000
204126	20000
50153	20000
199250	20000
203658	20000
48503	20000
199585	20000
50705	20000
51390	20000
5582	20000
50767	20000
43571	20000
133206	20000
202228	20000
37700	20000
37701	20000
37699	20000
62622	20000
266448	20000
43679	20000
135814	20000
266409	20000
199434	20000
21171	20000
395466	20000
264052	20000
13381	20000
58942	20000
58943	20000
63839	20000
63832	20000
64219	20000
64216	20000
64222	20000
395081	20000
18274	20000
264517	20000
58548	20000
395383	20000
265496	20000
264562	20000
394625	20000
202120	20000
24745	20000
198551	20000
9694	20000
15924	20000
50073	20000
37340	20000
3662	20000
53147	20000
203165	20000
266211	20000
263336	20000
39431	20000
328146	20000
206314	20000
2590	20000
262548	20000
263625	20000
35614	20000
53231	20000
6917	20000
61917	20000
28658	20000
3479	20000
134312	20000
199408	20000
40317	20000
39840	20000
39871	20000
45187	20000
13767	20000
198371	20000
265061	20000
394308	20000
45269	20000
15659	20000
131920	20000
34612	20000
136838	20000
8895	20000
40217	20000
58713	20000
4673	20000
395332	20000
56318	20000
56635	20000
41691	20000
21367	20000
35237	20000
57279	20000
35539	20000
55872	20000
201105	20000
7337	20000
32233	20000
52766	20000
61053	20000
264450	20000
45011	20000
39551	20000
53156	20000
56864	20000
31004	20000
8637	20000
18390	20000
17608	20000
265359	20000
17889	20000
39798	20000
198612	20000
13329	20000
266156	20000
265019	20000
328278	20000
2682	20000
54578	20000
62282	20000
51048	20000
25454	20000
266444	20000
267530	20000
37317	20000
394073	20000
266341	20000
15624	20000
393979	20000
33166	20000
267075	20000
267201	20000
328242	20000
131934	20000
264023	20000
46276	20000
10947	20000
264270	20000
55943	20000
36493	20000
9435	20000
202414	20000
32564	20000
61751	20000
7838	20000
135662	20000
34702	20000
137562	20000
262456	20000
48287	20000
31200	20000
8369	20000
132692	20000
205881	20000
50698	20000
27745	20000
60415	20000
12455	20000
267624	20000
136518	20000
397095	20000
203942	20000
132528	20000
14593	20000
23540	20000
137280	20000
43607	20000
134220	20000
264150	20000
49624	20000
52007	20000
29588	20000
328437	20000
2526	20000
396125	20000
4652	20000
328170	20000
9795	20000
41275	20000
263779	20000
328417	20000
18676	20000
133898	20000
47478	20000
58171	20000
46375	20000
16211	19000
44654	19000
33763	17000
4851	17000
3462	17000
51918	16000
200043	16000
262847	16000
264460	15200
53196	15000
262293	15000
263405	15000
262715	15000
52930	15000
52940	15000
197588	15000
264564	15000
266131	15000
53052	15000
55766	15000
3856	14510
39792	14000
55862	14000
57119	14000
37273	14000
24186	14000
20634	13000
13002	13000
4775	13000
45896	13000
14717	13000
38220	13000
37333	13000
15699	13000
52888	13000
37157	13000
28209	13000
52660	13000
15447	13000
14701	13000
17828	13000
131745	13000
64475	13000
5118	13000
63928	13000
266498	13000
204805	13000
197473	13000
44964	13000
37451	13000
39823	13000
7131	13000
132476	12900
51795	12500
47275	12200
34006	12110
5430	12000
6130	12000
17660	12000
20969	12000
4927	12000
43708	12000
34108	12000
39869	12000
8902	12000
20764	12000
34087	12000
43545	12000
58451	12000
44099	12000
34790	12000
8246	12000
21430	12000
16178	12000
34347	12000
49455	12000
198440	12000
18229	12000
2602	12000
57151	12000
48559	12000
57356	12000
21267	12000
52439	12000
14633	12000
58779	12000
58980	12000
262318	12000
51263	12000
262733	12000
31257	12000
37276	12000
28124	12000
198736	12000
262409	12000
263265	12000
28226	12000
63859	12000
72	12000
263394	12000
263329	12000
132164	12000
59945	12000
56099	12000
199846	12000
35306	12000
197400	12000
5416	12000
265278	12000
7656	12000
263542	12000
200781	12000
57513	12000
393891	12000
38769	12000
2847	12000
39067	12000
55259	12000
328327	12000
202805	12000
138064	12000
49888	11700
48539	11264
327962	11264
327756	11264
35619	11100
327750	11024
262352	11024
21069	11000
2915	11000
2153	11000
25542	11000
16186	11000
4150	11000
286	11000
25459	11000
30827	11000
35244	11000
21859	11000
7521	11000
31708	11000
26785	11000
24167	11000
8788	11000
29611	11000
22556	11000
8723	11000
23171	11000
5631	11000
13272	11000
29141	11000
12703	11000
42093	11000
39637	11000
45411	11000
42612	11000
12684	11000
25151	11000
28130	11000
31167	11000
50572	11000
36149	11000
48850	11000
16175	11000
36143	11000
47408	11000
39904	11000
16206	11000
262429	11000
11233	11000
29834	11000
6777	11000
49349	11000
36817	11000
12926	11000
51944	11000
40300	11000
1126	11000
33302	11000
52866	11000
28287	11000
53589	11000
57731	11000
39279	11000
58940	11000
262706	11000
28201	11000
21485	11000
28132	11000
14380	11000
17625	11000
33725	11000
36907	11000
43406	11000
53889	11000
132453	11000
29462	11000
37619	11000
23550	11000
262259	11000
327745	11000
28110	11000
15008	11000
262454	11000
262288	11000
262481	11000
32867	11000
4678	11000
32338	11000
20904	11000
37645	11000
132931	11000
51055	11000
52438	11000
60610	11000
14576	11000
263584	11000
37154	11000
133658	11000
52662	11000
327794	11000
262388	11000
64044	11000
133324	11000
53587	11000
264268	11000
57896	11000
61094	11000
24651	11000
20412	11000
199803	11000
133421	11000
29522	11000
38197	11000
47551	11000
7540	11000
38714	11000
56949	11000
198151	11000
47252	11000
198389	11000
61709	11000
201290	11000
198517	11000
197592	11000
197747	11000
197262	11000
198401	11000
198040	11000
199754	11000
50550	11000
199978	11000
200176	11000
56286	11000
264811	11000
200668	11000
56449	11000
24338	11000
52666	11000
8280	11000
25509	11000
395400	11000
133840	11000
263396	11000
42490	11000
198380	11000
15188	11000
34577	11000
49409	11000
31726	11000
328216	11000
135697	11000
133616	11000
39192	11000
13170	11000
47626	11000
8194	11000
49028	11000
137331	11000
58495	11000
37720	11000
37675	11000
264138	11000
262537	11000
46723	11000
9155	11000
198910	11000
6798	11000
132894	10700
30813	10500
51948	10500
28169	10300
43500	10240
17306	10240
18886	10240
28183	10240
29918	10240
17439	10240
45194	10240
134881	10240
132137	10240
133001	10240
262691	10240
61686	10240
196695	10240
61666	10240
53107	10240
11062	10240
264404	10240
42669	10100
6738	10100
60261	10000
55429	10000
63311	10000
23498	10000
13657	10000
7784	10000
24043	10000
7091	10000
8560	10000
8190	10000
5605	10000
30176	10000
26347	10000
29748	10000
21947	10000
30740	10000
6405	10000
29686	10000
2685	10000
16265	10000
12008	10000
35985	10000
25466	10000
21392	10000
23686	10000
24121	10000
9989	10000
11537	10000
24931	10000
12779	10000
6623	10000
23260	10000
31736	10000
394070	10000
17645	10000
13054	10000
36683	10000
10594	10000
6423	10000
26914	10000
20495	10000
31400	10000
7303	10000
3512	10000
29208	10000
24642	10000
35843	10000
43683	10000
5539	10000
7568	10000
26792	10000
39598	10000
23265	10000
13354	10000
13041	10000
43284	10000
16814	10000
12360	10000
5577	10000
42227	10000
35332	10000
11051	10000
42184	10000
13692	10000
8744	10000
29562	10000
18530	10000
15743	10000
47172	10000
47841	10000
47215	10000
42005	10000
11995	10000
803	10000
47344	10000
33737	10000
48268	10000
24105	10000
48943	10000
46484	10000
6295	10000
47490	10000
39591	10000
21724	10000
11664	10000
45668	10000
33130	10000
38478	10000
33139	10000
19117	10000
49835	10000
20985	10000
9137	10000
33796	10000
12316	10000
47143	10000
19750	10000
11071	10000
21250	10000
12188	10000
33470	10000
22742	10000
41601	10000
52892	10000
44788	10000
11922	10000
59895	10000
11798	10000
29404	10000
35470	10000
22546	10000
53131	10000
48292	10000
38657	10000
513	10000
30851	10000
46849	10000
22653	10000
14116	10000
45711	10000
8728	10000
13703	10000
26531	10000
12042	10000
44160	10000
53070	10000
18209	10000
29037	10000
49895	10000
46793	10000
20718	10000
39138	10000
16095	10000
19531	10000
40581	10000
51929	10000
6723	10000
23627	10000
13857	10000
20811	10000
21525	10000
24554	10000
19844	10000
10024	10000
27887	10000
41412	10000
25764	10000
10204	10000
6336	10000
9621	10000
12578	10000
600	10000
53175	10000
32613	10000
23816	10000
19782	10000
37235	10000
27947	10000
21709	10000
197377	10000
48500	10000
55879	10000
11123	10000
17246	10000
32365	10000
54154	10000
26167	10000
10653	10000
45634	10000
43852	10000
38511	10000
34270	10000
14877	10000
54652	10000
12941	10000
21412	10000
15085	10000
18199	10000
25780	10000
9584	10000
58587	10000
53306	10000
8823	10000
53100	10000
1120	10000
56246	10000
44858	10000
12033	10000
45280	10000
11242	10000
42239	10000
53349	10000
54376	10000
50673	10000
54225	10000
16724	10000
132267	10000
10102	10000
54327	10000
17506	10000
63060	10000
57187	10000
7849	10000
58656	10000
199339	10000
45437	10000
25273	10000
59940	10000
58010	10000
60717	10000
27026	10000
20771	10000
41281	10000
8245	10000
57068	10000
18049	10000
33604	10000
28277	10000
28294	10000
28153	10000
262777	10000
23465	10000
28306	10000
262903	10000
28571	10000
28284	10000
53066	10000
28591	10000
262780	10000
14571	10000
25447	10000
262750	10000
132857	10000
15191	10000
12536	10000
53195	10000
53130	10000
53080	10000
11475	10000
10996	10000
17685	10000
59497	10000
38043	10000
57029	10000
22177	10000
11081	10000
199364	10000
29485	10000
11195	10000
54929	10000
29933	10000
262333	10000
14103	10000
23106	10000
57193	10000
40700	10000
33606	10000
55923	10000
36444	10000
262765	10000
18516	10000
32421	10000
262394	10000
33515	10000
62239	10000
40413	10000
10993	10000
23274	10000
26288	10000
62915	10000
262434	10000
25653	10000
5664	10000
262493	10000
62874	10000
26838	10000
28366	10000
196844	10000
53008	10000
53143	10000
40676	10000
262704	10000
31877	10000
39351	10000
32479	10000
32100	10000
262420	10000
199335	10000
15267	10000
22921	10000
15108	10000
52251	10000
262150	10000
18094	10000
133534	10000
262620	10000
10886	10000
45356	10000
53221	10000
58299	10000
262230	10000
27833	10000
20207	10000
6368	10000
52694	10000
262724	10000
52558	10000
14463	10000
24730	10000
61951	10000
11414	10000
61871	10000
133579	10000
57963	10000
198203	10000
62469	10000
30466	10000
262989	10000
59214	10000
52846	10000
262377	10000
42775	10000
43317	10000
25375	10000
54002	10000
133854	10000
262402	10000
264531	10000
264492	10000
53224	10000
56910	10000
53122	10000
262675	10000
27768	10000
36445	10000
15054	10000
133420	10000
28163	10000
52685	10000
61950	10000
4540	10000
9022	10000
15280	10000
199256	10000
262667	10000
62183	10000
50148	10000
35074	10000
56301	10000
28066	10000
32710	10000
28219	10000
24278	10000
133873	10000
49063	10000
198477	10000
10481	10000
264425	10000
42845	10000
11976	10000
46455	10000
60690	10000
327893	10000
5690	10000
24309	10000
16832	10000
17483	10000
28352	10000
327826	10000
40028	10000
393965	10000
61244	10000
15433	10000
264360	10000
33808	10000
9999	10000
25068	10000
262256	10000
263587	10000
23913	10000
134363	10000
42567	10000
31769	10000
263668	10000
262979	10000
4043	10000
263789	10000
18616	10000
25003	10000
52858	10000
132167	10000
48642	10000
18351	10000
26271	10000
59	10000
819	10000
32277	10000
263822	10000
6561	10000
61942	10000
263569	10000
29244	10000
263797	10000
25165	10000
17997	10000
9038	10000
25227	10000
201602	10000
133959	10000
265147	10000
198785	10000
7687	10000
11174	10000
42511	10000
8714	10000
42334	10000
16130	10000
43391	10000
58815	10000
61573	10000
263363	10000
28270	10000
28308	10000
11279	10000
53407	10000
262413	10000
35998	10000
17429	10000
263626	10000
29788	10000
21559	10000
13549	10000
19082	10000
15102	10000
134055	10000
55270	10000
21632	10000
25248	10000
9244	10000
52726	10000
51164	10000
52363	10000
20559	10000
133590	10000
25961	10000
32505	10000
18683	10000
54661	10000
14828	10000
263314	10000
52911	10000
28154	10000
24572	10000
19689	10000
135246	10000
52794	10000
262474	10000
134809	10000
52519	10000
52968	10000
263990	10000
133934	10000
8008	10000
394437	10000
196968	10000
328400	10000
62943	10000
36923	10000
264016	10000
52878	10000
58762	10000
45684	10000
202831	10000
64255	10000
52989	10000
197524	10000
45775	10000
264961	10000
201782	10000
327952	10000
199610	10000
19310	10000
52981	10000
61836	10000
62818	10000
198235	10000
199494	10000
51394	10000
59444	10000
64223	10000
201838	10000
133652	10000
32165	10000
27895	10000
10299	10000
197615	10000
43733	10000
32743	10000
263154	10000
264768	10000
58965	10000
52686	10000
27951	10000
46692	10000
57608	10000
262186	10000
27272	10000
263674	10000
35760	10000
50533	10000
40731	10000
48716	10000
200414	10000
199551	10000
51337	10000
134012	10000
35891	10000
60098	10000
53211	10000
29974	10000
262791	10000
55507	10000
53172	10000
35491	10000
60884	10000
57033	10000
394141	10000
27382	10000
36008	10000
202566	10000
55957	10000
11109	10000
206758	10000
52195	10000
265065	10000
199226	10000
262316	10000
57121	10000
7004	10000
55814	10000
28037	10000
263483	10000
263237	10000
57478	10000
264111	10000
60534	10000
27964	10000
39716	10000
41966	10000
262494	10000
59862	10000
18615	10000
202220	10000
7806	10000
395573	10000
395768	10000
136026	10000
29465	10000
52153	10000
57613	10000
262766	10000
61478	10000
50411	10000
262692	10000
207073	10000
41319	10000
395470	10000
265303	10000
17077	10000
395578	10000
50017	10000
42667	10000
206499	10000
58689	10000
31857	10000
135292	10000
263702	10000
49565	10000
23423	10000
48408	10000
264582	10000
395880	10000
134674	10000
1101	10000
11178	10000
35007	10000
23307	10000
59060	10000
197672	10000
51648	10000
13838	10000
202050	10000
132976	10000
53199	10000
6718	10000
263347	10000
395719	10000
135739	10000
200064	10000
133952	10000
394740	10000
328145	10000
57219	10000
264367	10000
201026	10000
394676	10000
34296	10000
14832	10000
58906	10000
29614	10000
6503	10000
61826	10000
263961	10000
38442	10000
262365	10000
45265	10000
12687	10000
52643	10000
12690	10000
25385	10000
44692	10000
202169	10000
131915	10000
202761	10000
264344	10000
263793	10000
131916	10000
265101	10000
263411	10000
196749	10000
263270	10000
205811	10000
61521	10000
328064	10000
201081	10000
196865	10000
265429	10000
264223	10000
135278	10000
27553	10000
53591	10000
53189	10000
135011	10000
265478	10000
198604	10000
38627	10000
23419	10000
59964	10000
24251	10000
41693	10000
24173	10000
262643	10000
7514	10000
264294	10000
28032	10000
199330	10000
60890	10000
206299	10000
36515	10000
50270	10000
262594	10000
131914	10000
28114	10000
63772	10000
328036	10000
22697	10000
6712	10000
22908	10000
41138	10000
17303	10000
38851	10000
52542	10000
25615	10000
53454	10000
6752	10000
132449	10000
265436	10000
198496	10000
56972	10000
42812	10000
197902	10000
327790	10000
265886	10000
393455	10000
48452	10000
41480	10000
265021	10000
45118	10000
262463	10000
46155	10000
40545	10000
62632	10000
53338	10000
35518	10000
262610	10000
394146	10000
396503	10000
62406	10000
25190	10000
266995	10000
19465	10000
27286	10000
137250	10000
135607	10000
40773	10000
210	10000
63343	10000
54483	10000
204861	10000
264127	10000
267095	10000
13415	10000
61588	10000
61943	10000
204789	10000
266420	10000
204821	10000
199421	10000
266713	10000
15426	10000
32389	10000
200478	10000
15011	10000
266400	10000
49020	10000
267196	10000
44979	10000
20874	10000
266977	10000
267452	10000
263985	10000
134739	10000
263523	10000
205100	10000
43848	10000
31236	10000
196776	10000
22324	10000
5760	10000
31445	10000
23777	10000
18407	10000
51790	10000
23379	10000
132890	10000
7539	10000
394140	10000
396040	10000
27660	10000
63131	10000
263461	10000
64233	10000
63774	10000
267428	10000
60051	10000
38949	10000
41006	10000
197155	10000
265999	10000
134895	10000
28319	10000
202006	10000
268221	10000
51920	10000
1226	10000
262662	10000
54574	10000
266430	10000
25637	10000
268267	10000
132771	10000
47723	10000
20846	10000
37897	10000
11077	10000
11751	10000
262970	10000
131273	10000
197294	10000
265032	10000
62275	10000
18024	10000
131933	10000
54086	10000
57424	10000
200185	10000
55140	10000
137912	10000
265086	10000
20919	10000
136769	10000
40339	10000
39337	10000
196819	10000
29091	10000
396356	10000
393434	10000
136521	10000
11635	10000
59288	10000
39335	10000
132491	10000
37545	10000
263250	10000
29689	10000
198426	10000
27255	10000
134359	10000
2588	10000
267399	10000
42947	10000
49457	10000
31617	10000
61462	10000
266961	10000
266144	10000
138147	10000
266721	10000
48438	10000
41033	10000
131296	10000
40244	10000
263947	10000
263840	10000
32067	10000
3145	10000
131627	10000
137557	10000
47095	10000
59371	10000
267289	10000
397116	10000
201447	10000
394449	10000
202281	10000
267587	10000
131895	10000
196714	10000
197146	10000
133380	10000
209835	10000
19186	10000
32798	10000
44358	10000
50794	10000
36813	10000
209813	10000
46950	10000
133410	10000
56373	10000
3132	10000
265484	10000
50554	10000
138570	10000
63298	10000
30168	10000
35913	10000
268133	10000
35795	10000
202709	10000
6696	10000
12459	10000
29900	10000
264679	10000
9910	10000
132808	10000
394151	10000
57073	10000
25837	10000
33044	10000
52760	10000
268126	10000
23808	10000
266968	10000
197522	10000
23618	10000
23775	10000
210264	10000
264398	10000
14726	10000
47203	10000
37786	10000
53356	10000
265294	10000
397544	10000
265892	10000
51520	10000
268952	10000
37653	10000
17197	10000
328480	10000
264017	10000
131896	10000
264210	10000
267593	10000
265954	10000
266192	10000
209208	10000
137575	10000
2675	10000
57276	10000
16342	10000
9952	10000
267348	10000
267360	10000
328517	10000
263852	10000
204006	10000
208431	10000
26484	10000
266927	10000
37294	10000
266480	10000
15391	10000
64115	10000
37110	10000
46475	10000
41327	10000
199362	10000
19045	10000
31800	9100
7500	9000
6648	9000
62597	9000
25482	8192
14609	8000
35833	8000
32299	8000
29014	8000
33480	8000
262488	8000
21880	8000
7048	8000
35940	8000
33920	7000
15211	7000
17978	7000
53246	7000
53050	7000
266152	7000
262828	6500
61888	6500
52977	6500
28890	6500
137166	6144
199659	6100
13680	6000
21396	6000
44953	6000
18779	6000
23756	6000
2134	6000
57928	6000
7005	6000
61730	6000
264228	6000
49638	6000
263089	6000
23860	6000
327950	6000
133676	6000
37195	6000
38541	6000
52932	6000
43760	6000
52661	6000
263647	6000
266263	6000
137142	6000
266347	6000
264524	6000
264514	6000
263531	5500
264925	5300
8943	5200
53097	5050
5459	5000
42455	5000
6643	5000
5524	5000
53563	5000
24521	5000
49909	5000
12597	5000
5396	5000
51290	5000
198781	5000
262539	5000
39543	5000
262673	5000
7020	5000
53230	5000
263801	5000
17426	5000
262893	5000
262346	5000
262417	5000
52765	5000
262725	5000
263833	5000
264577	5000
50231	5000
199496	5000
13150	5000
131607	5000
262268	5000
61006	5000
134316	5000
52973	5000
262819	5000
263196	5000
52339	5000
45349	5000
49296	5000
267280	5000
264491	5000
137121	5000
266972	5000
268548	5000
31595	4500
55666	4500
48424	4400
34135	4300
31078	4200
44123	4200
53237	4150
30071	4100
51945	4100
264598	4096
265426	4096
52475	4096
57723	4024
3213	4000
35706	4000
41692	4000
33079	4000
24047	4000
30132	4000
25061	4000
33843	4000
39301	4000
8664	4000
32880	4000
34171	4000
25295	4000
42004	4000
49405	4000
42303	4000
55518	4000
20722	4000
197000	4000
51646	4000
38280	4000
29545	4000
197692	4000
16253	4000
47622	4000
29680	4000
8301	4000
20365	4000
133075	4000
199947	4000
32563	4000
393513	4000
262464	4000
27940	4000
28009	4000
5505	4000
263076	4000
327813	4000
9201	4000
38565	4000
53102	4000
55685	4000
4508	4000
9785	4000
45287	4000
55521	4000
30798	4000
61928	4000
28257	4000
263661	4000
203421	4000
58650	4000
37342	4000
45686	4000
263774	4000
264765	4000
39806	4000
52967	4000
14522	4000
206342	4000
262509	4000
328156	4000
205081	4000
132847	4000
263776	4000
61822	4000
137410	4000
33452	4000
265656	4000
23815	4000
131758	4000
264996	4000
17482	4000
267554	4000
136873	4000
263478	3900
263378	3500
49463	3300
30880	3200
51254	3200
29608	3100
48072	3100
22873	3100
31235	3100
53165	3100
200794	3100
24204	3100
38310	3072
262336	3072
15589	3034
31126	3020
12902	3000
7908	3000
15657	3000
2128	3000
33419	3000
250	3000
15766	3000
41391	3000
8784	3000
25593	3000
8513	3000
17920	3000
13135	3000
8545	3000
8553	3000
44980	3000
17666	3000
20915	3000
37986	3000
39636	3000
2595	3000
15692	3000
13826	3000
27822	3000
7522	3000
43013	3000
43890	3000
34304	3000
18559	3000
4677	3000
51906	3000
55644	3000
6851	3000
39287	3000
57633	3000
33125	3000
45769	3000
58404	3000
37090	3000
43858	3000
37519	3000
52965	3000
197617	3000
54119	3000
45348	3000
46156	3000
11179	3000
53169	3000
263649	3000
52352	3000
27879	3000
28590	3000
12143	3000
53218	3000
53088	3000
262730	3000
38289	3000
24195	3000
53139	3000
47027	3000
25943	3000
549	3000
262684	3000
9519	3000
200428	3000
3067	3000
34768	3000
25471	3000
17671	3000
394530	3000
133720	3000
262993	3000
134021	3000
203086	3000
36868	3000
35313	3000
22080	3000
134622	3000
135484	3000
36965	3000
198091	3000
35695	3000
37482	3000
9652	3000
197447	3000
133660	3000
61968	3000
263251	3000
37479	3000
266177	3000
39816	3000
265972	3000
18103	3000
267521	3000
62227	3000
135060	3000
136696	3000
136302	3000
136373	3000
39479	3000
9129	3000
48067	3000
197204	3000
8752	3000
138296	3000
136632	3000
262453	3000
4765	3000
268323	3000
45288	3000
138995	3000
136841	3000
135383	3000
209218	2722
34624	2600
13237	2500
44514	2500
42459	2500
28657	2500
44431	2500
135526	2500
262889	2500
8565	2300
35655	2300
50467	2300
50620	2200
9104	2200
41090	2200
24028	2200
44295	2200
199660	2200
199150	2200
17473	2200
23871	2200
9153	2100
8554	2100
17374	2100
33845	2100
36217	2100
48920	2100
31543	2100
29286	2100
198093	2100
53116	2100
34683	2100
41153	2100
202322	2100
27345	2048
10704	2048
196640	2048
52869	2048
17754	2048
265141	2048
328032	2048
58969	2048
132923	2048
52300	2048
263739	2048
203885	2048
56507	2048
266470	2048
328423	2048
267540	2048
58408	2024
4434	2020
20799	2000
20640	2000
15594	2000
29452	2000
15290	2000
14280	2000
34486	2000
34011	2000
34119	2000
5409	2000
40528	2000
16876	2000
8195	2000
3224	2000
41913	2000
33811	2000
7829	2000
16467	2000
53459	2000
33082	2000
23712	2000
30123	2000
33072	2000
25572	2000
30129	2000
33077	2000
30134	2000
30128	2000
27916	2000
52243	2000
33558	2000
23711	2000
23709	2000
58406	2000
30962	2000
16842	2000
9710	2000
2863	2000
39104	2000
29668	2000
10881	2000
28001	2000
14390	2000
31383	2000
31715	2000
26228	2000
37996	2000
8222	2000
25152	2000
12634	2000
34997	2000
34021	2000
34781	2000
15782	2000
3561	2000
13284	2000
29083	2000
35156	2000
24973	2000
25976	2000
41960	2000
26788	2000
11190	2000
45037	2000
35584	2000
8038	2000
40015	2000
9583	2000
23752	2000
29846	2000
48484	2000
37652	2000
36943	2000
11796	2000
50032	2000
13722	2000
12835	2000
47836	2000
23829	2000
30295	2000
17961	2000
17444	2000
43100	2000
8587	2000
8859	2000
4777	2000
53424	2000
24753	2000
16523	2000
23661	2000
35719	2000
35223	2000
24951	2000
50244	2000
50763	2000
14232	2000
33835	2000
44902	2000
38437	2000
41289	2000
45816	2000
13157	2000
31662	2000
17088	2000
50683	2000
12775	2000
57315	2000
44314	2000
1304	2000
23074	2000
51896	2000
51483	2000
37312	2000
45932	2000
53727	2000
9123	2000
197422	2000
24029	2000
38235	2000
50837	2000
49604	2000
23949	2000
27665	2000
6660	2000
58560	2000
52462	2000
42204	2000
24518	2000
28165	2000
24550	2000
44608	2000
39310	2000
35799	2000
15072	2000
56990	2000
18206	2000
43942	2000
49300	2000
51514	2000
39783	2000
198423	2000
45839	2000
5017	2000
12290	2000
20555	2000
36731	2000
43323	2000
16168	2000
51050	2000
42400	2000
8789	2000
31328	2000
59410	2000
29263	2000
262792	2000
51406	2000
16174	2000
50737	2000
9328	2000
35834	2000
61570	2000
197653	2000
43190	2000
53698	2000
35180	2000
199283	2000
48972	2000
49605	2000
25093	2000
5602	2000
43252	2000
28757	2000
53494	2000
59620	2000
49360	2000
28207	2000
28239	2000
28141	2000
53140	2000
28279	2000
4666	2000
133023	2000
132837	2000
58820	2000
262952	2000
53869	2000
3324	2000
9165	2000
47727	2000
3220	2000
54643	2000
49792	2000
37628	2000
10133	2000
38753	2000
61287	2000
52458	2000
198184	2000
54523	2000
41847	2000
52550	2000
262500	2000
58910	2000
53861	2000
262822	2000
29881	2000
37002	2000
263499	2000
133389	2000
262862	2000
53178	2000
28615	2000
37775	2000
29583	2000
262933	2000
63034	2000
47228	2000
23673	2000
48504	2000
62537	2000
52431	2000
7772	2000
263308	2000
262737	2000
10617	2000
52323	2000
202042	2000
37656	2000
61924	2000
52877	2000
28065	2000
36898	2000
16162	2000
63028	2000
60899	2000
38506	2000
200983	2000
28216	2000
18046	2000
46886	2000
131584	2000
41059	2000
201791	2000
56182	2000
61211	2000
262902	2000
60134	2000
28327	2000
264470	2000
26563	2000
18393	2000
29104	2000
52444	2000
37576	2000
39072	2000
264130	2000
200700	2000
16039	2000
55427	2000
62502	2000
58627	2000
133881	2000
327939	2000
31459	2000
203640	2000
7489	2000
36909	2000
59933	2000
393874	2000
203851	2000
264590	2000
134325	2000
393350	2000
134295	2000
262645	2000
55699	2000
61397	2000
201508	2000
60670	2000
202020	2000
43558	2000
393662	2000
328023	2000
59954	2000
264723	2000
202867	2000
13006	2000
42228	2000
38200	2000
201990	2000
28323	2000
11399	2000
204019	2000
35585	2000
52079	2000
203140	2000
200438	2000
198416	2000
22518	2000
60917	2000
199410	2000
45561	2000
47627	2000
202918	2000
15190	2000
135543	2000
63529	2000
15734	2000
60458	2000
20832	2000
263070	2000
198391	2000
37324	2000
9893	2000
21774	2000
203741	2000
201333	2000
206894	2000
52009	2000
197418	2000
199413	2000
39107	2000
199338	2000
56783	2000
48742	2000
48685	2000
11046	2000
40752	2000
39560	2000
52101	2000
131303	2000
203548	2000
327751	2000
59165	2000
203230	2000
39729	2000
57221	2000
203223	2000
8550	2000
132734	2000
207101	2000
199790	2000
23169	2000
198591	2000
44974	2000
262770	2000
132004	2000
262755	2000
44503	2000
199451	2000
39566	2000
202971	2000
328160	2000
41882	2000
52909	2000
48846	2000
266630	2000
262195	2000
206373	2000
58894	2000
42180	2000
45707	2000
263445	2000
26198	2000
267588	2000
263675	2000
265030	2000
263728	2000
18422	2000
5401	2000
265699	2000
25590	2000
205388	2000
264815	2000
52680	2000
264923	2000
266044	2000
36640	2000
135301	2000
58927	2000
267102	2000
10022	2000
60430	2000
137080	2000
262518	2000
198891	2000
12630	2000
15035	2000
205296	2000
64234	2000
265806	2000
17537	2000
137246	2000
206442	2000
57877	2000
137851	2000
131775	2000
200480	2000
135869	2000
137352	2000
134856	2000
5500	2000
197645	2000
204196	2000
137295	2000
266494	2000
204536	2000
51023	2000
266866	2000
58146	2000
135419	2000
202454	2000
138174	2000
49088	2000
55679	2000
135843	2000
12565	2000
45937	2000
61929	2000
138211	2000
133971	2000
29424	2000
18350	2000
138009	2000
138359	2000
200278	2000
58750	2000
37347	2000
8393	2000
5406	2000
205442	2000
47680	2000
268503	2000
24132	2000
209261	2000
263869	2000
55247	2000
42300	2000
206640	2000
394914	2000
37627	2000
397524	2000
328237	2000
33791	2000
29446	2000
59156	2000
267117	2000
134178	2000
34936	2000
198857	1900
262557	1800
133718	1524
44141	1500
3599	1500
196689	1500
263442	1500
263393	1500
52532	1500
48712	1500
47850	1500
327922	1500
263480	1500
24206	1400
262811	1400
2484	1300
4608	1300
55674	1300
7717	1300
34458	1300
266092	1300
33554	1200
23541	1200
44583	1200
50858	1200
45950	1200
38477	1200
201877	1200
21351	1200
198271	1200
48374	1200
10135	1200
135423	1200
267649	1200
204264	1124
132901	1124
9092	1100
2500	1100
20917	1100
23708	1100
13878	1100
29246	1100
17435	1100
18104	1100
2515	1100
39600	1100
31576	1100
7631	1100
29513	1100
20984	1100
44334	1100
9872	1100
14500	1100
16218	1100
50796	1100
16191	1100
13226	1100
16363	1100
199248	1100
199396	1100
62336	1100
27865	1100
198334	1100
32614	1100
23774	1100
23666	1100
25467	1100
43019	1100
14551	1100
60602	1100
327700	1100
52952	1100
133173	1100
328144	1100
138686	1100
208970	1100
139641	1030
22989	1024
35184	1024
38457	1024
53142	1024
263589	1024
56209	1024
27932	1024
263128	1024
27789	1024
262753	1024
12305	1024
264290	1024
134883	1024
132562	1024
26068	1024
28438	1024
61134	1024
263917	1024
44084	1024
41522	1024
134035	1024
135253	1024
198216	1024
29245	1024
135854	1024
135180	1024
58725	1024
135861	1024
131215	1024
135850	1024
266374	1024
37030	1024
30988	1024
135792	1024
57079	1024
28639	1024
58438	1024
136330	1024
263374	1024
25328	1024
267121	1024
136533	1024
136480	1024
327992	1024
133967	1024
133664	1024
134278	1024
137608	1024
262756	1024
135202	1024
263459	1024
37650	1010
58683	1000
19817	1000
10255	1000
12059	1000
28877	1000
31216	1000
16559	1000
13101	1000
19752	1000
3043	1000
25975	1000
5462	1000
20704	1000
8804	1000
42476	1000
4837	1000
39469	1000
10848	1000
29215	1000
31661	1000
12414	1000
5418	1000
26627	1000
14833	1000
29551	1000
24557	1000
19214	1000
25286	1000
32105	1000
40193	1000
46199	1000
15149	1000
24077	1000
27318	1000
23713	1000
24049	1000
27320	1000
33074	1000
30122	1000
27848	1000
30133	1000
27319	1000
33073	1000
28054	1000
30130	1000
30131	1000
27322	1000
40475	1000
8495	1000
15773	1000
4319	1000
36824	1000
13246	1000
42366	1000
40068	1000
38181	1000
26972	1000
9497	1000
42755	1000
6102	1000
34419	1000
5568	1000
29488	1000
8596	1000
43436	1000
11830	1000
24989	1000
15935	1000
34960	1000
28859	1000
29655	1000
34554	1000
14585	1000
31641	1000
40495	1000
6903	1000
26790	1000
12968	1000
38321	1000
12759	1000
4795	1000
3248	1000
8092	1000
24469	1000
6900	1000
18392	1000
42585	1000
56065	1000
8648	1000
5726	1000
49190	1000
25473	1000
21101	1000
24586	1000
41644	1000
8391	1000
48519	1000
12348	1000
21513	1000
22781	1000
44259	1000
50857	1000
13871	1000
21013	1000
44765	1000
39915	1000
25795	1000
393225	1000
10745	1000
393220	1000
394018	1000
31972	1000
17579	1000
48885	1000
42416	1000
23308	1000
14866	1000
15857	1000
39449	1000
42760	1000
49432	1000
7296	1000
7595	1000
9167	1000
43407	1000
46195	1000
8491	1000
49492	1000
31474	1000
24796	1000
13214	1000
48514	1000
19528	1000
21336	1000
42605	1000
46656	1000
31147	1000
38456	1000
1133	1000
29243	1000
9266	1000
48315	1000
9313	1000
4280	1000
49854	1000
43782	1000
43911	1000
47328	1000
20569	1000
5683	1000
26088	1000
28196	1000
21864	1000
49820	1000
9658	1000
24321	1000
49983	1000
44219	1000
50066	1000
42973	1000
38948	1000
28855	1000
48284	1000
12541	1000
1798	1000
50087	1000
38149	1000
9026	1000
30162	1000
38544	1000
50234	1000
9877	1000
30583	1000
19875	1000
52841	1000
1850	1000
26546	1000
51040	1000
6850	1000
10929	1000
34362	1000
5071	1000
14651	1000
8950	1000
12347	1000
23779	1000
25689	1000
53582	1000
22300	1000
40739	1000
20501	1000
48528	1000
37113	1000
50370	1000
9003	1000
50292	1000
51224	1000
50719	1000
53093	1000
20633	1000
51446	1000
36052	1000
15388	1000
29297	1000
30640	1000
25139	1000
38199	1000
46064	1000
46235	1000
19842	1000
51218	1000
15301	1000
196621	1000
41628	1000
28707	1000
55799	1000
55915	1000
44009	1000
16217	1000
8330	1000
2470	1000
46309	1000
13573	1000
20738	1000
8677	1000
16866	1000
41357	1000
28192	1000
43599	1000
55555	1000
2108	1000
46231	1000
33005	1000
6834	1000
52102	1000
21911	1000
7753	1000
49232	1000
19468	1000
197764	1000
13746	1000
31564	1000
26918	1000
56848	1000
55832	1000
29152	1000
9931	1000
57124	1000
53837	1000
3401	1000
30998	1000
53948	1000
8916	1000
45144	1000
54046	1000
27464	1000
12757	1000
57423	1000
38278	1000
27541	1000
51823	1000
18588	1000
39318	1000
50387	1000
198239	1000
29553	1000
39470	1000
33522	1000
42841	1000
57202	1000
20924	1000
41872	1000
27626	1000
12540	1000
46215	1000
4224	1000
53389	1000
48362	1000
52328	1000
41811	1000
46664	1000
132111	1000
14746	1000
12327	1000
33748	1000
24582	1000
54444	1000
134391	1000
134399	1000
134395	1000
134396	1000
18210	1000
58620	1000
134390	1000
54415	1000
57381	1000
33361	1000
6086	1000
57516	1000
198570	1000
15562	1000
34510	1000
198818	1000
12502	1000
59560	1000
24523	1000
16004	1000
40999	1000
45945	1000
34233	1000
12975	1000
36959	1000
50372	1000
41695	1000
33854	1000
21315	1000
57228	1000
28654	1000
198492	1000
34942	1000
40850	1000
262787	1000
3633	1000
48297	1000
19233	1000
50468	1000
61215	1000
197219	1000
55350	1000
51886	1000
50206	1000
31251	1000
48291	1000
198288	1000
10654	1000
9208	1000
10367	1000
132435	1000
34868	1000
21461	1000
18638	1000
132730	1000
132536	1000
29998	1000
198554	1000
197736	1000
50809	1000
45763	1000
27193	1000
49902	1000
49505	1000
36958	1000
16737	1000
38781	1000
132426	1000
9280	1000
48728	1000
56833	1000
21360	1000
262680	1000
52640	1000
22431	1000
262561	1000
56260	1000
262757	1000
53235	1000
28640	1000
132774	1000
262721	1000
60532	1000
45725	1000
12362	1000
262839	1000
29231	1000
52625	1000
56233	1000
14558	1000
13926	1000
52896	1000
61337	1000
52789	1000
50968	1000
20338	1000
32738	1000
197589	1000
22750	1000
37079	1000
59554	1000
26320	1000
29438	1000
262501	1000
132876	1000
198738	1000
34274	1000
131755	1000
3842	1000
60362	1000
3250	1000
52836	1000
203679	1000
52944	1000
3186	1000
15691	1000
10431	1000
62929	1000
62182	1000
22919	1000
393316	1000
16798	1000
62947	1000
199706	1000
12650	1000
262492	1000
26689	1000
51744	1000
135754	1000
14613	1000
11045	1000
29606	1000
15398	1000
199937	1000
46873	1000
24290	1000
4270	1000
200163	1000
53901	1000
263062	1000
14829	1000
45680	1000
62588	1000
28152	1000
57007	1000
62838	1000
52275	1000
58792	1000
53022	1000
132933	1000
393431	1000
46110	1000
262805	1000
20681	1000
393470	1000
131291	1000
52465	1000
45496	1000
20686	1000
263337	1000
200187	1000
21478	1000
201764	1000
52317	1000
61470	1000
5692	1000
262189	1000
52420	1000
52498	1000
52824	1000
17673	1000
29844	1000
29305	1000
45910	1000
58436	1000
37674	1000
10670	1000
29897	1000
39373	1000
52380	1000
63128	1000
12236	1000
17069	1000
24226	1000
61816	1000
35949	1000
201962	1000
201505	1000
47169	1000
32432	1000
11514	1000
45884	1000
27790	1000
62782	1000
33781	1000
41201	1000
22402	1000
50710	1000
13064	1000
20928	1000
263460	1000
4594	1000
28026	1000
11114	1000
132919	1000
393626	1000
28364	1000
53708	1000
49695	1000
9355	1000
32678	1000
56229	1000
30691	1000
40966	1000
52736	1000
3669	1000
196670	1000
54039	1000
133678	1000
50597	1000
393717	1000
36273	1000
45133	1000
61026	1000
32397	1000
59102	1000
2607	1000
201506	1000
262871	1000
133936	1000
199188	1000
40809	1000
59370	1000
47608	1000
57660	1000
30261	1000
37177	1000
37181	1000
22748	1000
51728	1000
263432	1000
9559	1000
132848	1000
131475	1000
199863	1000
48588	1000
132917	1000
20448	1000
63383	1000
21832	1000
12276	1000
54042	1000
201222	1000
36483	1000
52490	1000
60116	1000
52401	1000
132515	1000
26312	1000
39391	1000
34916	1000
53173	1000
63450	1000
11986	1000
34450	1000
10925	1000
393945	1000
32546	1000
18986	1000
29355	1000
26414	1000
63863	1000
19381	1000
30076	1000
45294	1000
30919	1000
134355	1000
394010	1000
11301	1000
26156	1000
53154	1000
55652	1000
57118	1000
198095	1000
28670	1000
264101	1000
9916	1000
25081	1000
200780	1000
6082	1000
60157	1000
133344	1000
53191	1000
46047	1000
53197	1000
59185	1000
28941	1000
52795	1000
39764	1000
23628	1000
262229	1000
32764	1000
11948	1000
48294	1000
12696	1000
44994	1000
201353	1000
64200	1000
200759	1000
394356	1000
132142	1000
49524	1000
52399	1000
263126	1000
201206	1000
327894	1000
393280	1000
198342	1000
16652	1000
327943	1000
55219	1000
3624	1000
28073	1000
57141	1000
18534	1000
37629	1000
50607	1000
201054	1000
7530	1000
53164	1000
52631	1000
42555	1000
15154	1000
17832	1000
264009	1000
200753	1000
52769	1000
262878	1000
17445	1000
198313	1000
201020	1000
262957	1000
202030	1000
11910	1000
30247	1000
133797	1000
62363	1000
131602	1000
25581	1000
47814	1000
32160	1000
11342	1000
28317	1000
49855	1000
37455	1000
263395	1000
28307	1000
48461	1000
37399	1000
33623	1000
18650	1000
39532	1000
262607	1000
262650	1000
263818	1000
41721	1000
63126	1000
133487	1000
265159	1000
34723	1000
262949	1000
135036	1000
23352	1000
21889	1000
30999	1000
132220	1000
52348	1000
12929	1000
394514	1000
264062	1000
52381	1000
28773	1000
50333	1000
198913	1000
262149	1000
57961	1000
60435	1000
52999	1000
203112	1000
28635	1000
63421	1000
37634	1000
196949	1000
202054	1000
27734	1000
19807	1000
27884	1000
131603	1000
53233	1000
21919	1000
262585	1000
51551	1000
52702	1000
135247	1000
52539	1000
43578	1000
264704	1000
264311	1000
55043	1000
134929	1000
264116	1000
8542	1000
262374	1000
23696	1000
262378	1000
204028	1000
49933	1000
201106	1000
20193	1000
59953	1000
56190	1000
203591	1000
30892	1000
20015	1000
47529	1000
2606	1000
135192	1000
28118	1000
20677	1000
51681	1000
52938	1000
3061	1000
262614	1000
327960	1000
30986	1000
11647	1000
63320	1000
51786	1000
26968	1000
17014	1000
199888	1000
198269	1000
31394	1000
203687	1000
202744	1000
18840	1000
36914	1000
327859	1000
33772	1000
200001	1000
49787	1000
201986	1000
23641	1000
197186	1000
3165	1000
32334	1000
135028	1000
43503	1000
131911	1000
64415	1000
27733	1000
202921	1000
199517	1000
199645	1000
49761	1000
32337	1000
52601	1000
196969	1000
200142	1000
135184	1000
12102	1000
31479	1000
263768	1000
327821	1000
207195	1000
199550	1000
198430	1000
201049	1000
199787	1000
48727	1000
20714	1000
26343	1000
198909	1000
9051	1000
50515	1000
204121	1000
202994	1000
52455	1000
8458	1000
201068	1000
264191	1000
11844	1000
207028	1000
133130	1000
62373	1000
37704	1000
131274	1000
200577	1000
9648	1000
197046	1000
262296	1000
201953	1000
263873	1000
393907	1000
135793	1000
61487	1000
132988	1000
45650	1000
198072	1000
135465	1000
202177	1000
26317	1000
52290	1000
24536	1000
62560	1000
262338	1000
264527	1000
59686	1000
14211	1000
199842	1000
18918	1000
132535	1000
35047	1000
206999	1000
395152	1000
199981	1000
265639	1000
264797	1000
199201	1000
43126	1000
265644	1000
14845	1000
7270	1000
262685	1000
133232	1000
196928	1000
15765	1000
207156	1000
262788	1000
40165	1000
264152	1000
42717	1000
56745	1000
18568	1000
50016	1000
48276	1000
134707	1000
264785	1000
61864	1000
199468	1000
37429	1000
38805	1000
29571	1000
264295	1000
38742	1000
31510	1000
51191	1000
24743	1000
265672	1000
37103	1000
45706	1000
206506	1000
263897	1000
266210	1000
136300	1000
52596	1000
37623	1000
262167	1000
46401	1000
38595	1000
328125	1000
327900	1000
52716	1000
136417	1000
38712	1000
56441	1000
263235	1000
28103	1000
200608	1000
206720	1000
59670	1000
134663	1000
266610	1000
35489	1000
262786	1000
262452	1000
134366	1000
136552	1000
10778	1000
28160	1000
265027	1000
395378	1000
36730	1000
37055	1000
265041	1000
134319	1000
264282	1000
7663	1000
32806	1000
28189	1000
265983	1000
264022	1000
52327	1000
52372	1000
30900	1000
265771	1000
206108	1000
263968	1000
10217	1000
12732	1000
27935	1000
133007	1000
263084	1000
263120	1000
267507	1000
264230	1000
265995	1000
52236	1000
37027	1000
266300	1000
131483	1000
263384	1000
264471	1000
266346	1000
52349	1000
263228	1000
52413	1000
263190	1000
16350	1000
24806	1000
5385	1000
27259	1000
265760	1000
136358	1000
266028	1000
265729	1000
57508	1000
201494	1000
133638	1000
40861	1000
265952	1000
205191	1000
201950	1000
328232	1000
136323	1000
25563	1000
61527	1000
43009	1000
135639	1000
132097	1000
51484	1000
18021	1000
200799	1000
19147	1000
267573	1000
7628	1000
197518	1000
20218	1000
395612	1000
395627	1000
45170	1000
47989	1000
205260	1000
132722	1000
265871	1000
15757	1000
200960	1000
42325	1000
263248	1000
136764	1000
263713	1000
263963	1000
21140	1000
37616	1000
28139	1000
136885	1000
263572	1000
26038	1000
5397	1000
137042	1000
327941	1000
205381	1000
131446	1000
205344	1000
43154	1000
137144	1000
328119	1000
266657	1000
131248	1000
263591	1000
31914	1000
203146	1000
63998	1000
60752	1000
59572	1000
134736	1000
131609	1000
328110	1000
52169	1000
134305	1000
135801	1000
198330	1000
267282	1000
204981	1000
60314	1000
265016	1000
24620	1000
262818	1000
267088	1000
60082	1000
267294	1000
266926	1000
16827	1000
45587	1000
204086	1000
47884	1000
204558	1000
203255	1000
205389	1000
198279	1000
205819	1000
131247	1000
132836	1000
64477	1000
204346	1000
202488	1000
21388	1000
46506	1000
135000	1000
61242	1000
266803	1000
262711	1000
133354	1000
59986	1000
48487	1000
134264	1000
135232	1000
132974	1000
136713	1000
328275	1000
205535	1000
268222	1000
264518	1000
45954	1000
263698	1000
28050	1000
202313	1000
28748	1000
137937	1000
265209	1000
197529	1000
136287	1000
263606	1000
328287	1000
206048	1000
18875	1000
43369	1000
202384	1000
3268	1000
328339	1000
37916	1000
396914	1000
202086	1000
62445	1000
133915	1000
328346	1000
23676	1000
135597	1000
25516	1000
266840	1000
264297	1000
263645	1000
328167	1000
328351	1000
206483	1000
266149	1000
23038	1000
327743	1000
37281	1000
200736	1000
132046	1000
131314	1000
210234	1000
202519	1000
136668	1000
25557	1000
136377	1000
132146	1000
63069	1000
263732	1000
63945	1000
396951	1000
394650	1000
396960	1000
61633	1000
266835	1000
58460	1000
134152	1000
137236	1000
328152	1000
24691	1000
48825	1000
31277	1000
37999	1000
268490	1000
132160	1000
56140	1000
200392	1000
209874	1000
394366	1000
58239	1000
135841	1000
38004	1000
25946	1000
48027	1000
57136	1000
266640	1000
136670	1000
138195	1000
209678	1000
210144	1000
18647	1000
17716	1000
396472	1000
136749	1000
30730	1000
19523	1000
37130	1000
267746	1000
13837	1000
33544	1000
200590	1000
6233	1000
15414	1000
39855	1000
205844	1000
52503	1000
24076	1000
137824	1000
132641	1000
136908	1000
14224	1000
135055	1000
209263	1000
48011	1000
54037	1000
39671	1000
203649	1000
61221	1000
37695	1000
138816	1000
197686	1000
33582	1000
201553	1000
39126	1000
209086	1000
63981	1000
23923	1000
51569	1000
206478	1000
15739	1000
201695	1000
268568	1000
35711	1000
131644	1000
21659	1000
52786	1000
209408	1000
36394	1000
60930	1000
200147	1000
23938	1000
138847	1000
267859	1000
266715	1000
37777	1000
34235	1000
134933	1000
12976	1000
57166	1000
37428	1000
209673	1000
207146	1000
208976	1000
50377	1000
43065	1000
46939	1000
328476	1000
137178	1000
267654	1000
138988	1000
268809	1000
328223	1000
37109	1000
132445	1000
199976	1000
327906	1000
199121	900
27877	900
61749	800
264752	800
24594	700
28056	700
200077	700
136990	700
263548	700
48626	650
268060	650
4007	600
52681	600
24232	600
61785	600
53096	600
131310	500
34407	500
28801	500
28187	500
262695	500
28589	500
31222	500
61902	500
37098	500
52722	500
52669	500
60501	500
52813	500
57254	500
202627	500
52884	500
134832	500
62100	500
198374	500
42183	500
262466	500
264708	500
264795	500
133615	500
265865	500
23667	500
263401	500
262307	500
267219	500
265409	500
52326	500
5560	400
2854	400
198290	400
264555	400
263978	400
266365	400
47522	400
209291	400
56791	350
13917	300
47138	300
6083	300
35053	300
16210	300
29140	300
1880	300
54210	300
53114	300
53166	300
61319	300
48252	300
263356	300
264754	300
58475	300
206782	300
49653	250
262527	250
267126	250
27024	250
29876	200
36184	200
23710	200
45220	200
24048	200
21476	200
35579	200
24129	200
17895	200
21056	200
12381	200
9189	200
29259	200
18227	200
55865	200
197038	200
40034	200
39931	200
197551	200
63829	200
35551	200
52419	200
51349	200
48310	200
47628	200
17400	200
263290	200
42310	200
133072	200
263893	200
61203	200
133501	200
24892	200
264608	200
266475	200
60718	200
24880	200
204909	200
45956	200
39010	200
266896	200
52387	200
209530	200
138632	200
6066	155
28262	150
52920	150
13049	110
55420	110
5764	100
30889	100
23310	100
10678	100
11271	100
34746	100
18052	100
33472	100
35090	100
39615	100
15436	100
25752	100
30141	100
12577	100
33081	100
41037	100
29471	100
20507	100
41399	100
1982	100
8481	100
25504	100
38887	100
29430	100
14970	100
34764	100
13105	100
36388	100
34144	100
21840	100
44212	100
28929	100
23677	100
20081	100
31680	100
9290	100
15716	100
9327	100
31555	100
20483	100
4558	100
25433	100
31653	100
33211	100
29590	100
39180	100
42937	100
45425	100
24238	100
6734	100
19089	100
49867	100
3661	100
4641	100
16347	100
48344	100
14166	100
42492	100
6853	100
47302	100
34578	100
17501	100
196967	100
24632	100
28182	100
36275	100
46373	100
37223	100
197439	100
12854	100
2597	100
196763	100
32586	100
45054	100
26106	100
12431	100
45444	100
51159	100
48913	100
13591	100
10015	100
57821	100
18149	100
38190	100
35399	100
262716	100
52186	100
61044	100
24006	100
198721	100
47762	100
52828	100
31319	100
18612	100
36315	100
17996	100
173	100
27983	100
133444	100
12822	100
11008	100
59752	100
17747	100
199547	100
8310	100
28303	100
133318	100
132645	100
8922	100
56109	100
24347	100
46045	100
59919	100
17970	100
47748	100
197890	100
263928	100
37120	100
56204	100
50623	100
328107	100
25491	100
48847	100
11947	100
35001	100
49640	100
52051	100
24634	100
21201	100
265715	100
203040	100
393629	100
205610	100
262266	100
131996	100
38217	100
44207	100
57089	100
37190	100
62230	100
264382	100
267673	100
202806	100
266687	100
204662	100
51784	100
17689	100
204185	100
264650	100
137936	100
44024	100
137935	100
204438	100
34527	100
12556	100
265890	100
268539	100
59340	100
5377	100
267801	100
27806	100
137069	100
32398	100
328522	100
264756	60
29006	50
265702	50
37192	45
31055	40
262727	30
2499	20
327981	20
203615	20
16503	15
15434	10
15469	10
50088	10
37044	10
36997	10
13357	10
61417	10
393853	10
30447	10
37224	10
39271	10
37209	7
43660	5
132003	4
37062	2
55822	2
54049	2
37133	1
9115	1
52423	1
6762	0
32787	0
15830	0
2519	0
31133	0
26193	0
8015	0
17222	0
60497	0
21339	0
8470	0
134732	0
51324	0
21083	0
327692	0
4755	0
6895	0
327976	0
56196	0
15932	0
57724	0
200125	0
41841	0
56575	0
198529	0
44124	0
196883	0
37424	0
7597	0
6300	0
198035	0
197318	0
38942	0
42935	0
20530	0
198187	0
48694	0
43171	0
50095	0
200602	0
201754	0
35199	0
200750	0
197181	0
3169	0
199510	0
44784	0
197345	0
22541	0
200089	0
52031	0
55714	0
43495	0
198007	0
48629	0
41833	0
62328	0
197697	0
199774	0
203937	0
203742	0
35787	0
206910	0
51863	0
197809	0
41379	0
42374	0
197099	0
42852	0
60755	0
29070	0
61154	0
202936	0
197295	0
198709	0
198424	0
198906	0
199265	0
197572	0
203505	0
203306	0
59611	0
198214	0
206489	0
10355	0
263097	0
57890	0
203765	0
199005	0
51101	0
62201	0
197375	0
199381	0
328065	0
60219	0
196979	0
395478	0
61582	0
56983	0
57665	0
133613	0
3352	0
198766	0
201531	0
197437	0
201001	0
51960	0
199341	0
51068	0
265692	0
262690	0
206762	0
37087	0
52414	0
3582	0
59776	0
201332	0
264857	0
57945	0
197766	0
203157	0
33494	0
135895	0
49633	0
264853	0
10803	0
133859	0
206736	0
205073	0
21030	0
52664	0
62184	0
3249	0
206406	0
263699	0
264013	0
199473	0
203261	0
132556	0
36707	0
205384	0
57332	0
198493	0
56324	0
57701	0
202626	0
57101	0
203582	0
136857	0
197837	0
136336	0
41044	0
50916	0
198081	0
37345	0
19091	0
28468	0
41297	0
37698	0
203667	0
138222	0
31230	0
327753	0
60265	0
209854	0
24064	0
202434	0
328111	0
268801	0
396300	0
47237	0
206460	0
137597	0
136994	0
328401	0
52473	0
