32934	215270000
714	193380000
16509	189260000
8075	128710000
13335	115790000
54113	84650000
20940	83083000
22822	62490000
16276	52460000
6939	39951000
46489	38860000
17676	36360000
6805	28500000
33891	26620000
7342	23800000
3209	22120000
31334	21840000
39386	19196000
2516	18194000
6461	16049000
3356	15188000
9498	15020000
64049	14900000
2497	14720000
328058	14000000
19679	12900000
25506	12750000
4230	12700000
8447	12600000
29990	12280000
2119	12190000
28604	12070000
15169	11140000
9002	11054000
20115	10750000
12389	10340000
6667	10322000
49544	9964000
1136	9800000
2856	9700000
5650	9680000
63293	9450000
8966	9442000
3216	9316000
4181	9235000
2635	9180000
2518	8960000
2914	8600000
4637	8544000
8473	8540000
226	8540000
38022	8400000
1267	8331400
12552	8230000
5607	7980000
41095	7933000
17511	7760000
6830	7670010
6730	7565000
15133	7490000
55391	7440000
9009	7390000
5578	7100000
5400	7041000
265950	6911000
21320	6714000
8359	6644000
12874	6380000
20485	6220000
12989	6190000
2514	5970000
36408	5951000
5410	5880000
25933	5854000
2527	5840000
6774	5802000
13285	5680000
57344	5680000
34756	5600000
328045	5600000
6327	5544000
2686	5474000
5089	5440000
36459	5410000
29314	5360000
16086	5280000
680	5230000
12189	5205000
2907	5204000
38634	5200000
2818	5180000
2603	5180000
15435	5120000
56478	5070000
4760	5040000
58453	4950000
6079	4880000
47541	4880000
15557	4810000
1547	4792000
52320	4780000
61832	4753060
1103	4750000
22356	4562000
7843	4550000
12713	4500000
15412	4468000
16591	4410000
45899	4350000
15305	4340000
13030	4230000
38082	4228000
1273	4200000
11164	4200000
18734	4200000
23620	4200000
28663	4152000
132164	4120000
5645	4110000
61955	4100000
37447	4004000
52580	4002000
270346	4000000
32098	3974000
12322	3940000
9304	3938000
35228	3920000
4556	3920000
15704	3850000
11260	3750000
46786	3720000
6507	3690000
6509	3662000
13768	3504000
3292	3460000
2510	3400000
23393	3374000
11404	3360000
37100	3305000
3265	3220000
24203	3200000
36692	3194300
9121	3180000
20880	3180000
9534	3150000
25192	3115000
12083	3090000
786	3080000
30722	3080000
39651	3051000
327693	3048000
1257	3040500
812	3010000
5588	3000000
9824	3000000
12430	3000000
62041	3000000
24785	3000000
29535	2960000
668	2940000
202276	2930000
2711	2920000
42708	2920000
14413	2902000
40356	2900000
19151	2850000
16637	2830000
7575	2828000
8717	2810000
27381	2810000
5432	2800000
6661	2800000
262206	2800000
15962	2800000
11888	2800000
23520	2780000
38091	2720000
9318	2636000
137872	2600000
3630	2560000
28368	2533000
55818	2525400
20504	2520000
15802	2520000
4739	2510000
23563	2420000
18403	2380000
23576	2380000
3255	2340000
12714	2329000
4800	2322000
35320	2310000
5378	2280000
12479	2280000
43531	2265000
34224	2255000
42525	2254000
34984	2220000
50384	2210000
9269	2207000
8529	2167000
47377	2160000
47764	2160000
26615	2160000
37271	2158000
8426	2148000
6057	2110000
9680	2090000
5713	2080210
11232	2080000
37662	2080000
264144	2060000
13760	2050000
59605	2024000
5413	2008000
15542	2000000
139023	2000000
7738	1974000
13037	1970000
23184	1950000
30517	1930000
7195	1930000
132203	1890000
1741	1880000
205216	1880000
12849	1860000
30600	1860000
2851	1850000
7155	1840000
12200	1820000
7029	1820000
109	1820000
40788	1820000
22646	1800000
38895	1800000
13445	1786000
4766	1770000
31500	1768000
3327	1755000
31027	1750000
52941	1740000
702	1735400
9505	1734000
34867	1730000
3741	1723100
4134	1720000
8657	1720000
9050	1720000
4648	1700000
46450	1700000
3491	1698000
13489	1690000
197595	1690000
2828	1680000
36089	1680000
23881	1680000
58073	1680000
393565	1680000
53180	1650000
2116	1624000
38880	1624000
6128	1600000
18081	1590000
31655	1560000
6768	1560000
62887	1560000
200981	1560000
28580	1552000
4713	1540000
293	1540000
11269	1540000
396253	1524000
17072	1520000
7545	1508000
23473	1503000
48237	1495000
262503	1487000
4761	1484000
6614	1480000
14630	1470000
2852	1460000
40428	1440000
43727	1430000
50304	1430000
10474	1428000
28146	1420000
3601	1400000
33362	1400000
58682	1400000
49378	1400000
28126	1380000
47605	1374000
197790	1370000
17451	1364000
28343	1360000
9930	1350000
25180	1348000
55900	1340000
64050	1340000
15600	1320000
196925	1320000
61449	1310000
28260	1310000
15224	1306000
14282	1303000
30094	1302000
4685	1300000
132825	1300000
10026	1291140
30844	1290000
14868	1284500
53013	1280000
9723	1260000
29119	1260000
10143	1260000
39608	1260000
2559	1260000
13170	1254000
2906	1250000
62955	1250000
21245	1250000
6697	1240000
8220	1236000
18705	1230000
27471	1222000
16904	1220000
44050	1214000
17639	1212000
137922	1210000
7795	1200000
7552	1200000
31939	1200000
24748	1200000
267056	1200000
47582	1200000
34218	1180000
38883	1175000
24115	1174000
2611	1170000
4773	1170000
8455	1170000
200455	1170000
52871	1170000
11686	1160000
39326	1159000
266470	1147832
30781	1144000
262355	1143000
53766	1141000
35407	1140000
6866	1140000
30081	1140000
17559	1134000
22689	1131200
28158	1131000
26415	1126000
39202	1120000
33915	1120000
10030	1120000
766	1120000
62	1120000
54183	1120000
54312	1120000
35753	1120000
52925	1120000
27715	1120000
52840	1120000
63221	1120000
201641	1120000
262740	1120000
59027	1120000
9231	1116000
25358	1111000
38622	1110000
263903	1110000
28338	1100000
9116	1100000
20943	1100000
6465	1100000
202425	1100000
101	1100000
8781	1080000
12353	1080000
61400	1080000
36062	1080000
19009	1060000
21976	1060000
54133	1060000
18106	1056000
4651	1050000
263327	1042000
2110	1040000
33132	1040000
5009	1040000
9354	1037000
53162	1036000
9595	1030000
6908	1028000
262287	1020020
7473	1020000
2860	1020000
263073	1020000
263297	1020000
6412	1004000
5603	1000000
28598	1000000
58507	991000
18121	990000
3786	990000
26801	990000
200020	984000
852	980000
29550	980000
577	980000
13124	980000
25512	980000
38790	980000
8095	980000
23148	977000
15830	965000
39832	960000
5483	960000
4258	960000
23404	960000
33438	960000
27475	960000
43332	960000
45158	953000
24940	950000
26162	938000
1680	930000
43205	930000
703	929600
8632	924000
9500	920000
62904	920000
28716	904000
25885	900000
45780	900000
59930	900000
209222	900000
7418	900000
2687	895000
30990	890000
136106	888000
262848	887000
24033	880000
12392	880000
7679	880000
12731	875000
262659	874000
53158	870000
12956	864000
23889	862000
37153	860000
4788	858400
9924	857600
21385	856800
6407	846000
2152	841300
21502	840000
9070	840000
29695	840000
43646	840000
21321	840000
32184	840000
38819	840000
45204	840000
6848	840000
49685	840000
7415	840000
6471	840000
44053	836400
38858	830000
39912	828000
36924	823000
7992	820000
17709	820000
62044	820000
5769	810000
265937	810000
21574	804000
12871	800000
262729	800000
41798	800000
49477	800000
48919	799000
37168	794000
262773	793000
51500	790000
137	782000
6181	780000
8462	775000
132132	770000
6922	770000
9031	769000
5511	760000
28171	760000
35213	760000
22616	760000
9342	758000
35432	756000
9365	750000
43561	743000
206819	741000
262428	740000
41998	740000
46	730000
39642	720000
263665	720000
719	720000
264668	720000
13193	714000
26803	714000
13189	713000
49158	710000
36236	710000
31272	704800
559	700000
25899	700000
11758	700000
13249	700000
7632	700000
34700	700000
42830	700000
197482	700000
23693	700000
19324	700000
35362	700000
327987	700000
50473	700000
9605	700000
262778	692000
36040	690000
17941	690000
262807	688500
7862	684000
9729	682000
28624	680000
138132	675000
52005	674000
13576	670000
266989	670000
8452	660000
62668	660000
7670	650000
12129	650000
19108	640000
263080	640000
137831	640000
17885	640000
37282	634000
58601	630000
14026	630000
34305	630000
15419	628000
27988	626000
10310	620000
262468	620000
63242	620000
14969	618000
58530	616000
11814	614000
9902	614000
53184	610960
133612	610000
42000	610000
9667	610000
7049	610000
11979	610000
1828	608000
26554	606000
30419	600000
202023	600000
131917	600000
45558	600000
43668	600000
136743	600000
51069	600000
49374	600000
48166	590000
51852	590000
28331	590000
327991	590000
24130	588000
12678	588000
53065	584000
19165	583000
34244	582000
4635	582000
20144	580000
21371	580000
4787	580000
61102	580000
30838	580000
10036	580000
12041	579000
52551	576050
28202	576000
3267	575400
6067	574000
15958	574000
36937	572000
9650	570000
22724	570000
132296	570000
58580	567000
14492	563000
27524	560000
8365	560000
29422	560000
11096	560000
17819	560000
25577	560000
39102	560000
36351	560000
39704	560000
20845	560000
60339	560000
31242	560000
8535	560000
15517	560000
1424	560000
13147	560000
8866	560000
41678	560000
28666	560000
28267	560000
8448	560000
19996	560000
18260	560000
41164	560000
35193	560000
58209	560000
47242	560000
25255	560000
48634	560000
54998	560000
22147	560000
8445	560000
5403	560000
10118	560000
17054	560000
197451	560000
56038	560000
3261	560000
17012	560000
132680	560000
48620	560000
50204	560000
44735	560000
28576	560000
13807	560000
27919	560000
40526	560000
3754	560000
28554	560000
30818	560000
6307	560000
135262	560000
266167	560000
55182	560000
27925	560000
267469	560000
6447	557300
38466	556000
52579	554000
9044	553000
3320	552000
4657	550000
25668	550000
24703	550000
17924	540000
18182	540000
262476	540000
58941	540000
64220	540000
264215	540000
54827	540000
266931	540000
49824	540000
16302	539000
47481	538000
9299	533000
45638	533000
50643	530000
38333	530000
53037	530000
12709	530000
11666	527000
27589	525000
10098	521400
26496	520000
35717	520000
5391	520000
27747	520000
21413	520000
37417	520000
58243	520000
53240	520000
44416	520000
56444	520000
41206	520000
32286	518000
44843	517000
8308	515000
24751	510000
10158	510000
28649	510000
28330	509000
7600	508000
136557	506000
34610	504000
197888	504000
41018	504000
3300	503000
8674	503000
14340	500200
23498	500000
1241	500000
18278	500000
15085	500000
28229	500000
262664	500000
265399	500000
262731	500000
26446	500000
20347	500000
50129	500000
44066	500000
10010	500000
8968	494000
30041	490000
26120	490000
52696	490000
262760	488000
38987	488000
17922	484000
44684	480000
56396	480000
15502	480000
28191	480000
35745	480000
47872	480000
24324	476000
16570	476000
37693	470000
136784	470000
17583	470000
263421	468000
262865	465000
1239	464000
13000	464000
12859	462000
33011	462000
38107	460000
7782	460000
21232	460000
40029	460000
60169	460000
11550	460000
16110	460000
43729	460000
7385	460000
15377	460000
134697	448800
41552	448500
8487	448400
12310	448000
7311	448000
56258	448000
35761	448000
37678	445000
14361	444000
10003	444000
17665	442500
20121	441000
24916	440000
29009	440000
20773	440000
6677	440000
9264	440000
16735	440000
16700	440000
28665	440000
24277	440000
59384	440000
21488	440000
133403	440000
63290	440000
12847	440000
41194	440000
25019	440000
56931	440000
263616	440000
45352	438200
3701	434000
8399	434000
3262	434000
17547	434000
31463	434000
199319	434000
64315	432000
22691	430000
63516	430000
267484	430000
10029	428000
57866	428000
9749	426000
18283	425000
30539	424000
11142	424000
12654	421400
10835	421400
701	420000
2381	420000
237	420000
6695	420000
2529	420000
12306	420000
40511	420000
36944	420000
39605	420000
11403	420000
26163	420000
9008	420000
48918	420000
1406	420000
8530	420000
33083	420000
25148	420000
18268	420000
34056	420000
39545	420000
36012	420000
26677	420000
36280	420000
10302	420000
2614	420000
55569	420000
23786	420000
47708	420000
47264	420000
36222	420000
35805	420000
38651	420000
262403	420000
13825	420000
61374	420000
52752	420000
51409	420000
9993	420000
3128	420000
10578	420000
28125	420000
63270	420000
3252	420000
262485	420000
9834	420000
53078	420000
9029	420000
16851	420000
36734	420000
30028	420000
42981	420000
41508	420000
18747	420000
48956	420000
35434	420000
196729	420000
202103	420000
202196	420000
29107	420000
18255	420000
39251	420000
8819	420000
131937	420000
39507	420000
205139	420000
31898	420000
15598	420000
37697	420000
7475	417300
38327	415000
47422	413000
21777	411000
44788	410000
1422	410000
394497	410000
36873	410000
45269	410000
3257	409000
20459	409000
23930	407000
1836	404000
9957	404000
199503	404000
7713	402000
41420	400000
59900	400000
23089	400000
30950	400000
9997	400000
53152	400000
43656	400000
34120	400000
21808	400000
202409	400000
8540	400000
59783	400000
376	400000
27955	392000
21409	390000
6473	390000
17534	390000
45031	390000
327901	390000
61157	390000
9457	390000
45011	390000
15763	386500
49290	385000
9246	384000
132215	384000
262847	383000
35575	382000
13896	381000
18450	380000
39444	380000
1659	380000
262505	379000
37613	378000
4780	377000
12693	375000
47195	372000
38758	372000
19318	370000
52751	370000
131912	370000
52468	370000
58057	368000
13122	366000
3302	364000
13009	364000
3225	364000
39899	360160
37105	360000
13370	360000
59536	360000
18200	360000
54329	360000
7671	360000
17882	360000
56329	360000
19189	360000
7162	360000
37892	360000
134139	360000
224	360000
34058	360000
133120	360000
39551	360000
131934	360000
136907	360000
37358	351000
28370	350000
262343	350000
26133	350000
202004	350000
28166	348000
55329	348000
133930	348000
61189	343000
52937	341500
4818	340000
23783	340000
56308	340000
22742	340000
23114	340000
262444	340000
10002	340000
263055	340000
23778	340000
4557	340000
24572	340000
23704	340000
266448	340000
396356	340000
210278	340000
61323	340000
132770	339000
9297	338000
22363	336000
16839	334000
6663	333000
42456	332400
42	332100
59699	332000
262532	330752
8544	330000
5541	330000
12387	330000
6679	330000
40220	330000
16243	330000
55785	330000
28145	330000
59460	330000
50050	330000
35640	330000
60474	328300
19889	328000
41096	328000
197727	327000
12350	322000
38322	322000
37150	322000
26613	322000
28201	321000
32217	321000
31727	320000
11835	320000
23314	320000
262434	320000
199408	320000
22697	320000
21367	320000
32233	320000
1759	320000
56309	320000
13786	320000
6799	320000
37611	320000
20910	319000
34803	318000
24709	317000
10021	314000
38861	314000
37254	312000
4770	310000
50629	310000
52908	310000
53147	310000
41275	310000
34245	308000
24852	308000
327698	308000
204053	308000
204222	308000
51060	308000
44646	308000
15399	304000
28258	303000
56828	302000
62040	301056
18150	300000
50821	300000
56030	300000
15440	300000
55720	300000
10094	300000
17506	300000
10019	300000
54665	300000
26479	300000
53115	300000
52689	300000
42504	300000
263880	300000
206548	300000
40317	300000
137280	300000
26077	300000
131160	300000
133496	300000
20394	300000
32440	300000
5078	300000
29073	300000
33588	300000
47147	300000
132255	298000
327984	298000
50083	298000
25818	296500
11014	295000
10490	294000
7752	294000
16586	294000
27008	294000
4844	294000
16371	294000
13243	294000
4628	294000
22772	294000
25460	294000
57353	294000
50272	294000
262516	294000
28978	294000
262441	294000
49102	294000
199723	294000
200889	294000
60191	294000
58307	293000
51018	293000
8343	291000
197113	291000
28349	290000
37515	290000
9146	290000
21559	290000
32505	290000
199250	290000
35614	290000
35709	290000
37468	290000
37028	288800
200539	287000
1280	285000
7610	284240
45437	284000
262854	284000
51706	284000
9293	283000
263482	283000
264493	283000
39184	282000
266211	282000
9435	282000
45629	282000
9245	281300
23678	281000
12996	281000
53187	281000
55805	281000
8607	280000
15422	280000
25441	280000
25309	280000
35028	280000
3605	280000
8897	280000
27552	280000
6315	280000
15366	280000
16713	280000
30914	280000
25761	280000
12312	280000
31477	280000
16082	280000
5467	280000
20161	280000
8732	280000
2544	280000
2044	280000
21221	280000
12969	280000
855	280000
34594	280000
8608	280000
13868	280000
35819	280000
36416	280000
8057	280000
48971	280000
8903	280000
17514	280000
1930	280000
32869	280000
8896	280000
11030	280000
50295	280000
34555	280000
18678	280000
15474	280000
9186	280000
49788	280000
17955	280000
59835	280000
34456	280000
394739	280000
7642	280000
8821	280000
55480	280000
47155	280000
10297	280000
21099	280000
62047	280000
5619	280000
35017	280000
50606	280000
10973	280000
13730	280000
1251	280000
23316	280000
19169	280000
14265	280000
51243	280000
18129	280000
43833	280000
46043	280000
393223	280000
3333	280000
18978	280000
60955	280000
20836	280000
22799	280000
28224	280000
28667	280000
11815	280000
8055	280000
28668	280000
7057	280000
37596	280000
26609	280000
12338	280000
62752	280000
61231	280000
32204	280000
393523	280000
62715	280000
36112	280000
263311	280000
53597	280000
57864	280000
44356	280000
26292	280000
199860	280000
12670	280000
197013	280000
10733	280000
13739	280000
11468	280000
6994	280000
31950	280000
54527	280000
11924	280000
262696	280000
11280	280000
17310	280000
24611	280000
6325	280000
63124	280000
20952	280000
28310	280000
20850	280000
14627	280000
46435	280000
33713	280000
263535	280000
4809	280000
41046	280000
23669	280000
9615	280000
202119	280000
24249	280000
58589	280000
25083	280000
44914	280000
37439	280000
134053	280000
20717	280000
20715	280000
200852	280000
38924	280000
22442	280000
12735	280000
54290	280000
29866	280000
11240	280000
18419	280000
6122	280000
13977	280000
47438	280000
262457	280000
35205	280000
56890	280000
62499	280000
27618	280000
41549	280000
32212	280000
48793	280000
27216	280000
17726	280000
202895	280000
15669	280000
264437	280000
56282	280000
61584	280000
28605	280000
51619	280000
198537	280000
41026	280000
200594	280000
198948	280000
197667	280000
24271	280000
198418	280000
28545	280000
47254	280000
58863	280000
34092	280000
60860	280000
43509	280000
198525	280000
52106	280000
51636	280000
206890	280000
41160	280000
204126	280000
48503	280000
50705	280000
51390	280000
5582	280000
50767	280000
43571	280000
133206	280000
202228	280000
62622	280000
43679	280000
135814	280000
21171	280000
395466	280000
13381	280000
58942	280000
58943	280000
63839	280000
63832	280000
64219	280000
64222	280000
58548	280000
395383	280000
394625	280000
24745	280000
198551	280000
15924	280000
3662	280000
203165	280000
39431	280000
206314	280000
2590	280000
53231	280000
6917	280000
61917	280000
28658	280000
3479	280000
134312	280000
39840	280000
39871	280000
45187	280000
198371	280000
394308	280000
15659	280000
34612	280000
40217	280000
4673	280000
56635	280000
57279	280000
35539	280000
55872	280000
201105	280000
7337	280000
61053	280000
264450	280000
56864	280000
31004	280000
18390	280000
17608	280000
17889	280000
39798	280000
198612	280000
54578	280000
62282	280000
25454	280000
267530	280000
15624	280000
393979	280000
33166	280000
264023	280000
36493	280000
32564	280000
7838	280000
135662	280000
34702	280000
137562	280000
262456	280000
48287	280000
31200	280000
132692	280000
27745	280000
60415	280000
267590	280000
3238	280000
24183	278000
23105	276000
27924	274000
22438	273000
34577	272500
6619	272000
20804	270000
26827	270000
10001	270000
52531	270000
9694	270000
263998	270000
328278	270000
37317	270000
54198	270000
11377	266240
131744	266000
262732	264000
327824	264000
262794	264000
53171	262000
37699	262000
266341	261000
16150	260000
22561	260000
13536	260000
17809	260000
59899	260000
27364	260000
265206	260000
37701	260000
64216	260000
395081	260000
135739	260000
37340	260000
131920	260000
8895	260000
48452	260000
13329	260000
2682	260000
46276	260000
137912	260000
32261	260000
5564	258000
58396	255000
16211	254500
9416	254000
61438	253100
12470	253000
395561	252000
23700	250000
13360	250000
262983	250000
264543	250000
5518	250000
9946	250000
50153	250000
199585	250000
132528	250000
15576	248000
17356	248000
136119	248000
328146	247000
8763	244000
20960	244000
28250	244000
62455	244000
28359	244000
44654	243400
33763	243000
28130	243000
16245	240000
30212	240000
12360	240000
40581	240000
5056	240000
28309	240000
39090	240000
52962	240000
22085	240000
262699	240000
11708	240000
290	240000
8387	240000
262676	240000
265130	240000
265496	240000
136838	240000
35237	240000
51048	240000
55943	240000
205881	240000
14593	240000
23540	240000
328437	240000
55002	240000
17717	240000
198792	240000
43607	239000
4851	238000
43142	238000
57169	237000
38623	237000
37157	236000
2857	235000
34934	231000
30972	230000
22652	230000
53080	230000
54540	230000
4581	230000
8680	230000
266409	230000
58713	230000
56318	230000
53156	230000
394073	230000
264270	230000
397095	230000
8647	230000
264005	229000
55581	226600
263544	226000
262548	226000
262293	225000
199995	225000
200043	224000
264052	222000
45931	221400
197133	221100
34106	220000
41572	220000
6739	220000
62523	220000
31115	220000
15054	220000
52940	220000
132323	220000
263321	220000
266468	220000
18274	220000
202120	220000
50073	220000
395332	220000
41691	220000
266444	220000
267201	220000
50698	220000
267624	220000
264150	220000
49624	220000
35612	220000
24535	218000
12676	217000
63859	216000
131745	215400
53196	215000
262594	215000
264460	212800
132453	212000
201054	212000
52662	210400
35916	210000
20771	210000
28591	210000
45356	210000
31257	210000
262715	210000
52930	210000
197588	210000
263347	210000
13767	210000
266131	210000
60893	210000
134220	210000
203658	208000
34087	206000
28131	206000
268331	205800
55666	204000
3462	204000
199434	204000
393891	204000
137367	202000
14537	201024
328170	201000
3303	200100
7784	200000
14793	200000
49835	200000
18077	200000
38657	200000
4058	200000
27887	200000
262761	200000
262150	200000
61871	200000
46455	200000
262409	200000
264359	200000
263427	200000
264582	200000
264517	200000
264367	200000
59776	200000
263625	200000
266156	200000
265019	200000
267075	200000
32798	200000
203942	200000
52007	200000
29588	200000
2526	200000
4652	200000
9795	200000
262595	200000
23059	200000
13649	200000
35176	200000
32703	200000
24955	200000
3910	200000
39572	200000
28209	199000
39792	196000
57119	196000
24186	196000
3856	195930
37273	193000
9280	193000
266498	192000
132476	191300
24105	190000
32299	190000
20718	190000
14380	190000
262765	190000
52694	190000
263626	190000
132934	190000
263982	190000
64255	190000
37700	190000
262365	190000
268221	190000
263009	190000
18059	189000
55862	188000
28134	188000
265061	188000
16374	186000
328242	185000
39869	184000
38511	184000
39279	184000
57463	184000
12455	184000
52888	183000
72	183000
135060	183000
262537	183000
264575	182048
20634	182000
4775	182000
14717	182000
14701	182000
5118	182000
63928	182000
264564	182000
197473	182000
202414	182000
44964	182000
39823	182000
61573	181500
25542	181000
21859	181000
12703	181000
12926	181000
46723	181000
28294	180960
29686	180000
10594	180000
20712	180000
6295	180000
15497	180000
51918	180000
52439	180000
15191	180000
59497	180000
200052	180000
262493	180000
199335	180000
263405	180000
58708	180000
263516	180000
134033	180000
57249	180000
264111	180000
6718	180000
264344	180000
264223	180000
59964	180000
41693	180000
265886	180000
52766	180000
210	180000
265359	180000
10947	180000
136521	180000
131627	180000
136518	180000
263779	180000
18676	180000
7381	180000
44061	180000
48422	180000
3908	180000
23947	180000
38220	179000
17828	179000
262318	178000
133840	178000
35619	178000
15699	177000
263394	176000
198517	176000
7131	176000
45896	175000
51795	175000
262744	175000
59842	175000
33182	174000
36149	174000
263237	174000
24338	174000
52666	173000
42511	172000
196879	171000
262463	170480
7568	170000
10075	170000
28277	170000
14828	170000
25615	170000
7539	170000
133380	170000
27984	170000
34006	169540
50316	169400
13002	169000
263329	169000
43545	168800
5430	168000
6130	168000
17660	168000
20969	168000
4927	168000
43708	168000
34108	168000
8902	168000
38583	168000
58451	168000
34790	168000
21430	168000
49455	168000
57356	168000
58779	168000
58980	168000
198736	168000
263265	168000
199846	168000
35306	168000
197400	168000
7656	168000
57513	168000
2847	168000
39067	168000
8246	167000
37645	167000
263542	166500
28124	166000
37333	164000
265278	164000
200781	164000
49888	163800
50572	163000
56246	163000
43406	163000
32867	163000
264397	163000
61709	163000
1342	162400
23913	162000
56449	162000
263336	162000
132449	162000
398131	161500
13272	161000
34347	161000
9038	160600
20080	160000
13354	160000
803	160000
19750	160000
44099	160000
18400	160000
28284	160000
25447	160000
22177	160000
15280	160000
62943	160000
53211	160000
25472	160000
35007	160000
264562	160000
201081	160000
61588	160000
61751	160000
137557	160000
267289	160000
328417	160000
133898	160000
47478	160000
32415	160000
9136	160000
14061	160000
266453	160000
6846	160000
61201	160000
4857	160000
27901	160000
60171	160000
61012	160000
10084	160000
20764	158000
28226	158000
5416	158000
267521	158000
41202	158000
48539	157696
327962	157696
327756	157696
45411	157000
14633	157000
58495	156000
28153	155000
2915	154000
2153	154000
16186	154000
4150	154000
286	154000
30827	154000
35244	154000
26785	154000
24167	154000
8788	154000
29611	154000
23171	154000
5631	154000
29141	154000
39637	154000
42612	154000
25151	154000
31167	154000
48850	154000
16175	154000
47408	154000
39904	154000
11233	154000
6777	154000
36817	154000
1126	154000
28132	154000
17625	154000
36907	154000
53889	154000
29462	154000
23550	154000
327745	154000
28110	154000
15008	154000
262454	154000
262288	154000
262481	154000
4678	154000
32338	154000
20904	154000
51055	154000
60610	154000
262388	154000
64044	154000
24651	154000
20412	154000
199803	154000
133421	154000
29522	154000
38197	154000
47551	154000
7540	154000
38714	154000
56949	154000
198151	154000
47252	154000
198389	154000
201290	154000
197592	154000
197747	154000
197262	154000
198401	154000
198040	154000
199754	154000
50550	154000
199978	154000
200176	154000
25509	154000
263396	154000
42490	154000
198380	154000
49409	154000
31726	154000
133616	154000
47626	154000
8194	154000
37720	154000
37675	154000
264138	154000
12779	153000
28287	153000
52438	153000
30851	152000
21485	152000
53587	152000
132146	152000
8637	151200
132976	151024
262706	151000
61094	151000
328216	151000
42947	151000
55429	150000
31708	150000
16814	150000
22556	150000
16206	150000
57731	150000
262903	150000
262675	150000
14576	150000
15433	150000
133590	150000
203629	150000
10299	150000
58965	150000
40731	150000
17077	150000
58689	150000
263702	150000
44692	150000
15188	150000
46155	150000
15011	150000
265086	150000
55259	150000
202709	150000
263271	150000
14860	150000
16030	150000
132894	149800
15447	149000
204805	149000
263584	148000
52866	147000
262725	147000
30813	147000
51948	147000
55359	147000
53195	146000
51263	146000
39351	146000
52660	146000
37276	146000
263154	145000
8280	145000
327750	144336
24043	144000
42093	144000
16178	144000
45280	144000
37619	144000
264268	144000
9244	144000
36923	144000
59288	144000
28183	143360
29918	143360
61686	143360
196695	143360
53107	143360
29834	143000
395400	143000
61512	142800
17306	142400
132857	142000
58299	142000
18351	142000
28154	142000
42669	141400
8752	141040
131296	140960
28169	140200
60261	140000
63311	140000
7091	140000
8560	140000
8190	140000
5605	140000
30176	140000
26347	140000
29748	140000
21947	140000
12008	140000
35985	140000
23686	140000
24121	140000
9989	140000
11537	140000
24931	140000
6623	140000
23260	140000
31736	140000
17645	140000
36683	140000
6423	140000
31400	140000
3512	140000
29208	140000
24642	140000
35843	140000
43683	140000
5539	140000
26792	140000
39598	140000
23265	140000
13041	140000
43284	140000
5577	140000
42227	140000
35332	140000
11051	140000
42184	140000
13692	140000
8744	140000
29562	140000
47172	140000
47841	140000
47215	140000
11995	140000
47344	140000
33737	140000
48943	140000
46484	140000
47490	140000
31252	140000
11664	140000
45668	140000
38478	140000
33139	140000
20985	140000
33796	140000
12316	140000
47143	140000
11071	140000
21250	140000
12188	140000
33470	140000
41601	140000
52892	140000
11922	140000
59895	140000
11798	140000
29404	140000
22546	140000
53131	140000
513	140000
46849	140000
22653	140000
14116	140000
45711	140000
8728	140000
44160	140000
53070	140000
29037	140000
46793	140000
16095	140000
19531	140000
51929	140000
6723	140000
23627	140000
13857	140000
21525	140000
24554	140000
19844	140000
10024	140000
41412	140000
25764	140000
6336	140000
12578	140000
600	140000
53175	140000
32613	140000
23816	140000
19782	140000
27947	140000
197377	140000
48500	140000
17246	140000
32365	140000
54154	140000
26167	140000
10653	140000
45634	140000
43852	140000
34270	140000
54652	140000
21412	140000
18199	140000
25780	140000
9584	140000
53306	140000
8823	140000
53100	140000
1120	140000
44858	140000
12033	140000
11242	140000
42239	140000
54376	140000
50673	140000
16724	140000
132267	140000
10102	140000
54327	140000
63060	140000
57187	140000
7849	140000
58656	140000
199339	140000
25273	140000
58010	140000
60717	140000
27026	140000
41281	140000
8245	140000
57068	140000
18049	140000
33604	140000
262777	140000
28306	140000
28571	140000
262780	140000
14571	140000
12536	140000
11475	140000
10996	140000
17685	140000
38043	140000
57029	140000
11081	140000
199364	140000
29485	140000
54929	140000
29933	140000
262333	140000
14103	140000
57193	140000
40700	140000
33606	140000
55923	140000
36444	140000
18516	140000
32421	140000
33515	140000
40413	140000
10993	140000
23274	140000
26288	140000
62915	140000
25653	140000
5664	140000
28366	140000
196844	140000
40676	140000
262704	140000
31877	140000
32100	140000
15267	140000
22921	140000
15108	140000
52251	140000
18094	140000
133534	140000
262620	140000
10886	140000
53221	140000
27833	140000
20207	140000
6368	140000
262724	140000
52558	140000
14463	140000
24730	140000
61951	140000
11414	140000
133579	140000
57963	140000
198203	140000
62469	140000
30466	140000
262989	140000
52846	140000
262377	140000
42775	140000
43317	140000
54002	140000
262402	140000
264531	140000
264492	140000
53224	140000
53122	140000
27768	140000
36445	140000
133420	140000
28163	140000
61950	140000
9022	140000
199256	140000
262667	140000
62183	140000
50148	140000
56301	140000
28066	140000
32710	140000
24278	140000
133873	140000
49063	140000
198477	140000
10481	140000
42845	140000
11976	140000
327893	140000
5690	140000
16832	140000
40028	140000
393965	140000
61244	140000
9999	140000
25068	140000
262256	140000
134363	140000
42567	140000
31769	140000
263668	140000
4043	140000
263789	140000
18616	140000
25003	140000
132167	140000
48642	140000
26271	140000
59	140000
819	140000
32277	140000
263822	140000
61942	140000
263569	140000
29244	140000
263797	140000
25165	140000
25227	140000
201602	140000
133959	140000
198785	140000
7687	140000
11174	140000
8714	140000
42334	140000
16130	140000
43391	140000
58815	140000
263363	140000
28270	140000
28308	140000
11279	140000
53407	140000
262413	140000
35998	140000
17429	140000
29788	140000
19082	140000
15102	140000
55270	140000
21632	140000
25248	140000
52726	140000
51164	140000
52363	140000
20559	140000
18683	140000
54661	140000
19689	140000
135246	140000
52794	140000
134809	140000
52519	140000
8008	140000
394437	140000
328400	140000
264016	140000
52878	140000
58762	140000
45684	140000
202831	140000
52989	140000
197524	140000
45775	140000
264961	140000
201782	140000
327952	140000
52981	140000
62818	140000
198235	140000
199494	140000
51394	140000
36866	140000
133652	140000
32165	140000
27895	140000
197615	140000
43733	140000
264768	140000
27951	140000
46692	140000
57608	140000
262186	140000
27272	140000
263674	140000
35760	140000
50533	140000
200414	140000
199551	140000
51337	140000
134012	140000
35891	140000
60098	140000
29974	140000
262791	140000
35491	140000
60884	140000
57033	140000
394141	140000
27382	140000
36008	140000
55957	140000
11109	140000
206758	140000
52195	140000
199226	140000
7004	140000
57478	140000
60534	140000
27964	140000
39716	140000
41966	140000
59862	140000
202220	140000
7806	140000
395768	140000
52153	140000
262766	140000
50411	140000
41319	140000
395470	140000
265303	140000
395578	140000
50017	140000
42667	140000
135292	140000
49565	140000
23423	140000
395880	140000
134674	140000
1101	140000
11178	140000
23307	140000
59060	140000
197672	140000
51648	140000
13838	140000
202050	140000
395719	140000
133952	140000
394740	140000
57219	140000
201026	140000
394676	140000
34296	140000
14832	140000
58906	140000
29614	140000
6503	140000
61826	140000
45265	140000
12687	140000
12690	140000
25385	140000
202169	140000
131915	140000
202761	140000
131916	140000
265101	140000
196749	140000
205811	140000
61521	140000
328064	140000
196865	140000
135278	140000
27553	140000
53591	140000
53189	140000
135011	140000
265478	140000
198604	140000
38627	140000
23419	140000
24251	140000
262643	140000
7514	140000
28032	140000
206299	140000
36515	140000
50270	140000
28114	140000
63772	140000
328036	140000
6712	140000
22908	140000
41138	140000
17303	140000
38851	140000
52542	140000
53454	140000
6752	140000
265436	140000
198496	140000
56972	140000
42812	140000
327790	140000
393455	140000
41480	140000
265021	140000
40545	140000
62632	140000
53338	140000
35518	140000
394146	140000
62406	140000
25190	140000
266995	140000
19465	140000
27286	140000
137250	140000
40773	140000
54483	140000
13415	140000
204789	140000
266420	140000
204821	140000
199421	140000
32389	140000
49020	140000
267196	140000
44979	140000
20874	140000
266977	140000
267452	140000
263985	140000
134739	140000
263523	140000
205100	140000
43848	140000
31236	140000
196776	140000
5760	140000
31445	140000
23777	140000
51790	140000
132890	140000
394140	140000
27660	140000
63131	140000
263461	140000
64233	140000
63774	140000
267428	140000
38949	140000
41006	140000
197155	140000
265999	140000
134895	140000
202006	140000
51920	140000
1226	140000
262662	140000
25637	140000
47723	140000
37897	140000
11077	140000
262970	140000
131273	140000
197294	140000
265032	140000
18024	140000
131933	140000
54086	140000
57424	140000
200185	140000
55140	140000
136769	140000
40339	140000
196819	140000
29091	140000
11635	140000
132491	140000
263250	140000
29689	140000
198426	140000
27255	140000
49457	140000
61462	140000
138147	140000
41033	140000
8369	140000
47095	140000
59371	140000
397116	140000
202281	140000
267587	140000
131895	140000
196714	140000
197146	140000
209835	140000
44358	140000
50794	140000
56373	140000
396125	140000
55766	140000
46375	140000
209116	140000
7065	140000
37199	140000
64476	140000
49895	139000
53172	139000
18229	138000
327950	138000
202805	138000
62597	137000
264811	136000
202454	136000
47275	134200
262429	134000
207073	134000
133001	133130
262691	133120
62275	133000
25459	132000
7500	132000
48559	132000
200668	132000
13657	131000
2685	131000
11123	131000
53349	131000
9155	131000
394070	130000
35470	130000
13703	130000
37235	130000
53143	130000
32479	130000
263587	130000
6561	130000
196968	130000
61836	130000
32743	130000
48716	130000
265065	130000
395573	130000
197902	130000
63343	130000
264127	130000
61943	130000
15426	130000
20846	130000
134359	130000
32067	130000
46950	130000
50554	130000
63298	130000
30168	130000
35795	130000
137575	130000
52772	130000
28178	130000
53246	129000
135697	129000
58376	128000
262259	127000
37451	126000
132137	124928
264598	124864
40300	124000
57151	124000
33725	124000
263445	124000
6648	123000
263432	123000
17483	123000
25466	122000
12042	122000
21267	122000
11195	122000
262394	122000
262230	122000
57896	122000
57613	122000
61478	122000
31617	122000
7606	122000
36143	121000
33302	121000
197091	120040
41690	120000
26914	120000
7303	120000
18530	120000
42005	120000
9137	120000
59940	120000
62239	120000
262733	120000
53102	120000
24309	120000
134055	120000
25961	120000
59945	120000
55507	120000
262316	120000
136026	120000
31857	120000
48408	120000
131914	120000
38769	120000
396503	120000
200478	120000
28319	120000
11751	120000
3145	120000
394449	120000
12459	120000
264679	120000
53052	120000
138064	120000
41327	120000
9976	120000
8803	120000
20618	120000
56655	120000
268819	120000
266608	120000
24532	120000
45298	120000
3223	120000
134369	120000
13194	120000
33873	120000
55803	120000
133385	120000
134705	120000
51944	119000
55814	119000
49349	118000
52858	118000
133324	118000
64475	117000
265147	116000
25482	115712
29608	115400
56099	115000
12684	114000
37154	114000
201838	114000
199496	114000
50618	114000
13549	113000
18615	113000
262352	112788
33480	112768
43500	112640
14609	112000
35833	112000
21880	112000
35940	112000
45305	112000
133934	111100
64223	111000
30740	110000
6405	110000
16265	110000
20495	110000
15743	110000
53130	110000
23106	110000
132931	110000
133658	110000
17997	110000
263990	110000
19310	110000
29465	110000
262692	110000
267095	110000
39192	110000
22324	110000
20919	110000
39337	110000
9910	110000
132808	110000
57073	110000
33044	110000
52760	110000
23808	110000
197522	110000
23618	110000
207972	110000
58821	110000
328388	110000
264556	110000
31800	109400
56286	109000
21709	108000
2602	108000
52685	108000
48011	108000
202566	106000
132771	106000
23871	106000
53589	105000
262901	105000
51784	104300
7521	104000
21724	104000
35074	104000
57121	104000
263793	104000
15772	103000
6738	102200
264425	102000
394530	102000
11062	101920
328327	101000
21069	100000
21392	100000
4764	100000
8723	100000
48268	100000
18209	100000
39138	100000
9621	100000
14877	100000
12941	100000
23465	100000
61287	100000
262420	100000
63028	100000
56910	100000
4540	100000
61211	100000
264360	100000
33808	100000
262979	100000
327794	100000
263314	100000
202020	100000
59444	100000
328065	100000
53199	100000
200064	100000
328145	100000
199330	100000
60890	100000
204861	100000
396040	100000
268267	100000
37545	100000
48438	100000
201447	100000
19186	100000
209813	100000
3132	100000
23775	100000
210264	100000
264398	100000
265294	100000
397544	100000
265892	100000
198910	100000
58171	100000
4694	100000
262964	100000
37020	100000
39065	100000
205473	100000
35425	100000
14824	100000
4693	100000
198726	100000
8757	100000
398415	100000
13999	100000
45194	98064
10204	98000
61730	98000
133676	98000
266152	98000
4589	98000
9652	96000
4007	95700
33920	95000
19117	95000
26531	95000
54225	95000
327826	95000
262474	95000
205081	95000
262610	95000
58868	95000
57723	94288
262721	94000
39543	94000
15734	94000
55674	93200
137166	93184
17978	93000
18886	92160
61666	92160
264404	92160
59214	92000
23860	92000
58650	92000
51945	91100
13054	91000
52977	91000
24157	91000
50472	90200
28219	90025
39591	90000
42004	90000
55879	90000
48728	90000
262750	90000
25375	90000
28352	90000
52686	90000
206499	90000
265429	90000
24173	90000
264294	90000
45118	90000
135607	90000
18407	90000
23379	90000
60051	90000
266430	90000
393434	90000
2588	90000
267399	90000
266961	90000
266144	90000
266721	90000
35913	90000
268133	90000
29900	90000
25837	90000
266968	90000
14726	90000
51520	90000
17197	90000
328480	90000
131896	90000
266192	90000
209208	90000
2675	90000
57276	90000
16342	90000
9952	90000
267348	90000
328517	90000
262808	90000
328365	90000
134881	88064
18779	88000
262417	88000
39806	88000
262819	88000
49028	88000
264524	88000
198440	87000
2134	86000
60690	86000
199659	85400
44980	85000
53066	85000
262673	85000
264491	85000
262488	84768
52661	84576
263531	84500
208477	84500
21396	84000
33748	84000
57928	84000
61570	84000
264228	84000
49638	84000
38541	84000
43760	84000
266263	84000
58477	84000
3549	84000
10881	82000
58940	82000
58820	82000
7048	82000
268952	82000
267055	82000
12773	82000
7005	81000
15211	80000
5524	80000
29014	80000
53008	80000
263483	80000
263961	80000
38442	80000
39335	80000
40244	80000
263947	80000
263840	80000
37653	80000
264210	80000
267593	80000
263852	80000
204006	80000
208431	80000
26484	80000
266927	80000
266480	80000
15391	80000
14288	80000
7941	80000
19306	80000
138840	80000
264998	80000
137373	80000
328538	80000
37453	80000
39902	80000
397806	80000
35847	80000
8435	80000
265135	80000
198605	80000
23805	80000
131322	80000
9790	80000
268205	80000
8943	79200
13680	79000
55219	79000
263647	79000
43100	78000
26838	77168
20811	77000
28037	77000
262494	77000
52643	77000
6798	77000
38809	76500
59165	76000
39479	76000
37786	76000
262591	76000
23756	75000
263649	75000
263801	75000
28890	75000
61582	75000
262828	74500
264415	74500
33843	74000
44953	74000
9201	74000
37195	74000
136696	74000
37294	74000
56665	73500
48292	73000
24521	73000
265484	72000
17439	71680
45769	71000
58816	71000
33130	70700
264552	70500
48072	70100
5459	70000
42455	70000
53563	70000
49909	70000
55555	70000
5396	70000
58587	70000
62874	70000
17426	70000
52968	70000
264577	70000
50231	70000
131607	70000
61006	70000
52339	70000
45349	70000
49296	70000
267280	70000
54574	70000
36813	70000
6696	70000
268323	70000
265954	70000
267360	70000
37110	70000
46475	70000
199362	70000
19045	70000
24429	70000
133339	70000
43060	70000
25374	70000
199524	70000
28265	70000
58678	70000
33771	70000
263151	70000
267513	70000
205099	70000
4647	70000
23951	69000
327992	68192
9313	68000
6643	68000
56229	68000
263661	68000
59953	68000
263591	68000
51290	67000
61888	67000
137331	67000
262539	66000
33452	66000
137142	66000
8612	66000
12597	65000
262268	65000
42692	65000
327907	65000
20640	64000
34011	64000
29668	64000
262862	64000
13150	64000
57877	64000
8368	64000
47096	64000
31595	63000
52944	63000
262822	63000
134316	63000
266713	63000
53050	63000
55653	62500
263270	62000
48424	61600
263442	61000
45766	61000
34135	60200
22534	60010
41913	60000
198781	60000
262464	60000
133854	60000
9785	60000
52765	60000
51681	60000
199610	60000
264765	60000
263411	60000
266347	60000
47203	60000
59156	60000
196954	60000
42705	60000
45361	60000
32621	60000
264939	60000
262900	60000
264186	60000
52639	60000
41985	60000
207054	60000
12796	60000
20657	60000
205813	60000
209328	60000
328536	60000
327738	60000
45278	60000
45705	60000
27979	60000
57844	60000
9891	60000
35137	60000
207353	60000
44291	60000
32097	60000
197301	60000
58715	60000
18881	60000
40328	60000
393670	60000
134014	60000
58659	60000
136522	60000
9374	60000
62856	60000
137079	60000
56971	60000
29551	59000
11647	59000
36914	59000
53097	58900
44123	58800
31078	58700
53237	58100
131755	58000
262346	58000
203421	58000
52932	58000
52475	57344
262893	57000
263478	56800
30071	56400
206184	56320
3213	56000
41692	56000
33079	56000
24047	56000
25061	56000
39301	56000
8664	56000
32880	56000
34171	56000
25295	56000
42303	56000
55518	56000
20722	56000
197000	56000
29545	56000
47622	56000
29680	56000
20365	56000
133075	56000
199947	56000
27940	56000
28009	56000
263076	56000
327813	56000
38565	56000
4508	56000
55521	56000
30798	56000
28257	56000
37342	56000
45686	56000
263774	56000
14522	56000
206342	56000
262509	56000
328156	56000
18422	56000
263776	56000
61822	56000
265656	56000
23815	56000
131758	56000
9830	56000
393513	55000
7020	55000
52444	55000
263833	55000
263196	55000
265426	54056
35706	54000
203140	54000
264514	54000
268503	53000
38896	53000
200794	52300
61134	52224
51646	52000
28279	52000
53169	52000
9326	52000
58392	52000
63862	52000
9658	51000
43019	51000
198857	51000
263089	50600
53142	50240
56381	50200
21513	50000
49405	50000
42459	50000
8677	50000
16253	50000
11179	50000
53708	50000
134732	50000
32160	50000
132220	50000
201106	50000
55256	50000
48727	50000
24536	50000
52973	50000
133410	50000
53356	50000
264017	50000
394302	50000
6059	50000
29802	50000
202596	50000
10279	50000
10099	50000
48128	50000
135010	50000
2731	50000
31202	50000
29357	50000
50475	50000
14979	50000
53764	50000
15960	50000
41088	50000
51088	50000
51395	50000
5662	50000
44513	50000
30259	50000
61805	50000
263124	50000
135193	50000
206125	50000
393420	50000
135098	50000
200738	50000
134715	50000
17253	50000
47043	50000
14642	50000
263258	50000
52201	50000
31430	50000
61186	50000
135126	50000
262902	49000
138816	49000
250	48000
37996	48000
38280	48000
8301	48000
37479	48000
10022	48000
133838	48000
60602	47600
45763	47000
17671	47000
203687	47000
132847	47000
328351	47000
49463	46200
7908	46000
34119	46000
16842	46000
6660	46000
262730	46000
55685	46000
45287	46000
52539	46000
28323	46000
266630	46000
267554	46000
136377	46000
33544	46000
31250	46000
138100	46000
262684	45500
53230	45000
201214	45000
30880	44800
51254	44800
264925	44268
5505	44000
61928	44000
47680	44000
28656	44000
136093	44000
59279	44000
12491	44000
9381	44000
22873	43400
31235	43400
53165	43200
262336	43008
17666	43000
23661	43000
12902	42000
15657	42000
2128	42000
33419	42000
15766	42000
41391	42000
8784	42000
25593	42000
8513	42000
8553	42000
20915	42000
37986	42000
39636	42000
13826	42000
27822	42000
43013	42000
34304	42000
18559	42000
4677	42000
51906	42000
55644	42000
39287	42000
43858	42000
37519	42000
197617	42000
54119	42000
45348	42000
46156	42000
52352	42000
27879	42000
28590	42000
53218	42000
38289	42000
24195	42000
47027	42000
549	42000
9519	42000
34768	42000
133720	42000
262993	42000
203086	42000
36868	42000
35313	42000
134622	42000
135484	42000
198091	42000
37482	42000
197447	42000
61968	42000
263251	42000
266177	42000
39816	42000
62227	42000
136302	42000
48067	42000
197204	42000
26451	42000
37980	42000
38527	42000
37090	41000
38753	41000
23628	41000
3067	41000
49787	41000
136873	41000
56550	41000
59276	41000
59347	41000
37529	41000
328164	40960
265451	40960
133275	40960
30132	40000
23074	40000
45498	40000
133613	40000
45707	40000
205344	40000
266400	40000
138570	40000
394151	40000
268126	40000
266972	40000
11272	40000
138576	40000
1916	40000
29169	40000
7516	40000
21277	40000
201102	40000
207199	40000
46595	40000
134618	40000
267522	40000
37680	40000
52951	40000
263518	40000
268749	40000
269462	40000
263067	40000
269499	40000
46023	40000
138839	40000
20001	40000
19035	40000
62712	40000
133803	40000
17995	40000
378	40000
36311	40000
210142	40000
33951	40000
57999	40000
265383	40000
265038	40000
16604	40000
19754	40000
16803	40000
267	40000
23486	40000
45754	40000
45804	40000
133296	40000
396501	40000
393573	40000
395471	40000
37783	40000
328395	40000
37682	40000
196755	40000
35699	40000
139970	40000
267815	40000
56264	40000
43533	40000
265974	40000
27688	40000
3242	40000
328633	40000
42064	40000
264570	40000
267032	40000
24008	40000
31169	40000
39029	40000
3737	40000
10103	40000
22591	40000
17378	40000
33445	40000
11383	40000
17707	40000
62240	40000
59112	40000
32425	40000
262868	40000
49690	40000
17113	40000
133315	40000
263049	40000
264331	40000
134293	40000
394994	40000
202766	40000
133680	40000
58430	40000
25853	40000
61873	40000
44030	40000
25091	40000
17939	40000
38195	40000
8660	40000
61174	40000
63920	40000
134090	40000
201119	40000
206141	40000
15589	39776
13135	39000
2595	39000
57633	39000
262792	39000
53139	39000
18103	39000
137410	39000
138296	39000
135582	39000
20621	38750
30999	38500
43890	38000
197692	38000
262374	38000
135419	38000
206478	38000
38147	38000
139967	38000
262557	37400
50837	37000
132876	37000
131584	37000
52911	37000
264923	37000
51569	37000
58500	37000
14551	36400
8565	36200
4434	36200
17920	36000
8545	36000
6851	36000
34624	36000
32563	36000
12143	36000
53088	36000
264723	36000
11046	36000
136373	36000
17482	36000
13237	35000
28657	35000
28773	35000
135526	35000
9129	35000
268548	35000
38310	34816
44431	34500
43323	34000
134021	34000
264518	34000
263283	34000
265141	33792
16191	33400
27865	33400
31126	33280
25943	33000
46886	33000
35585	33000
199517	33000
35695	33000
39505	33000
8486	33000
263589	32768
43942	32000
36731	32000
12502	32000
133389	32000
62838	32000
263308	32000
17069	32000
18840	32000
52967	32000
134707	32000
262770	32000
137352	32000
204196	32000
264996	32000
58460	32000
45288	32000
29838	32000
10135	31900
21263	31100
4777	31000
262952	31000
200428	31000
24204	31000
32437	31000
19551	31000
208751	31000
9104	30800
41090	30800
24028	30800
44295	30800
199660	30800
199150	30800
45528	30720
55832	30384
136632	30384
30447	30110
328160	30100
3561	30000
33125	30000
58404	30000
49605	30000
47727	30000
37656	30000
262645	30000
201754	30000
265972	30000
21140	30000
203261	30000
136841	30000
64115	30000
1640	30000
54506	30000
33164	30000
12857	30000
207588	30000
131960	30000
139225	30000
265158	30000
266059	30000
270299	30000
264596	30000
269208	30000
58482	30000
24299	30000
38081	30000
62819	30000
9751	30000
37356	30000
64313	30000
60816	30000
267278	30000
55003	30000
56668	30000
137001	30000
263155	30000
11767	30000
31042	30000
12883	30000
56528	30000
139734	30000
13681	30000
49192	30000
22941	30000
31452	30000
6515	30000
34718	30000
29785	30000
135760	30000
328598	30000
34655	30000
41349	30000
17604	30000
5583	30000
22302	30000
58882	30000
1351	30000
9607	30000
135753	30000
197140	30000
33922	30000
21211	30000
9268	30000
45177	30000
396071	30000
56654	30000
133070	30000
60316	30000
28142	30000
270600	30000
206067	30000
9153	29800
28065	29800
35655	29700
44514	29500
21101	29500
8554	29400
33845	29400
29286	29400
53116	29400
41153	29400
34683	29300
48504	29000
266346	29000
137121	29000
262453	29000
263739	28676
10704	28672
17754	28672
328032	28672
203885	28672
56507	28672
58408	28336
134375	28192
20799	28000
29452	28000
5409	28000
8195	28000
3224	28000
33811	28000
23712	28000
52243	28000
23711	28000
30962	28000
9710	28000
2863	28000
39104	28000
28001	28000
31383	28000
26228	28000
25152	28000
12634	28000
34997	28000
34021	28000
34781	28000
15782	28000
13284	28000
29083	28000
35156	28000
24973	28000
41960	28000
45037	28000
35584	28000
40015	28000
9583	28000
23752	28000
29846	28000
48484	28000
37652	28000
11796	28000
50032	28000
13722	28000
47836	28000
23829	28000
17961	28000
8587	28000
53424	28000
24753	28000
16523	28000
35719	28000
24951	28000
50244	28000
50763	28000
14232	28000
33835	28000
44902	28000
38437	28000
41289	28000
45816	28000
13157	28000
31662	28000
17088	28000
12775	28000
57315	28000
1304	28000
51896	28000
51483	28000
37312	28000
45932	28000
53727	28000
9123	28000
197422	28000
24029	28000
49604	28000
23949	28000
27665	28000
58560	28000
52462	28000
42204	28000
24518	28000
24550	28000
44608	28000
35799	28000
15072	28000
56990	28000
18206	28000
49300	28000
39783	28000
198423	28000
12290	28000
20555	28000
16168	28000
42400	28000
8789	28000
31328	28000
59410	28000
29263	28000
51406	28000
16174	28000
50737	28000
9328	28000
35834	28000
197653	28000
43190	28000
53698	28000
35180	28000
48972	28000
25093	28000
5602	28000
43252	28000
28757	28000
53494	28000
59620	28000
28239	28000
28141	28000
53140	28000
133023	28000
132837	28000
53869	28000
3324	28000
9165	28000
3220	28000
37628	28000
10133	28000
54523	28000
262500	28000
53861	28000
29881	28000
263499	28000
53178	28000
28615	28000
37775	28000
29583	28000
262933	28000
63034	28000
47228	28000
23673	28000
62537	28000
52431	28000
7772	28000
262737	28000
10617	28000
52323	28000
202042	28000
61924	28000
52877	28000
36898	28000
16162	28000
60899	28000
28216	28000
18046	28000
41059	28000
201791	28000
56182	28000
28327	28000
264470	28000
26563	28000
18393	28000
39072	28000
200700	28000
55427	28000
58627	28000
327939	28000
31459	28000
36909	28000
59933	28000
393874	28000
203851	28000
264590	28000
393350	28000
134295	28000
55699	28000
61397	28000
43558	28000
393662	28000
328023	28000
13006	28000
201990	28000
11399	28000
204019	28000
52079	28000
198416	28000
22518	28000
199410	28000
45561	28000
47627	28000
15190	28000
135543	28000
63529	28000
60458	28000
263070	28000
198391	28000
37324	28000
9893	28000
21774	28000
203741	28000
206894	28000
52009	28000
197418	28000
199413	28000
39107	28000
199338	28000
56783	28000
48742	28000
40752	28000
39560	28000
52101	28000
203548	28000
327751	28000
203230	28000
39729	28000
57221	28000
203223	28000
8550	28000
132734	28000
207101	28000
23169	28000
198591	28000
44974	28000
132004	28000
44503	28000
199451	28000
39566	28000
202971	28000
41882	28000
52909	28000
262195	28000
206373	28000
58894	28000
42180	28000
26198	28000
263675	28000
263728	28000
5401	28000
264815	28000
52680	28000
36640	28000
58927	28000
60430	28000
262518	28000
198891	28000
12630	28000
15035	28000
205296	28000
64234	28000
265806	28000
17537	28000
206442	28000
200480	28000
135869	28000
134856	28000
5500	28000
197645	28000
204536	28000
266866	28000
58146	28000
138174	28000
55679	28000
135843	28000
12565	28000
18350	28000
138009	28000
200278	28000
8393	28000
5406	28000
205442	28000
263378	28000
28292	28000
16685	28000
14280	27000
34486	27000
7829	27000
16467	27000
30129	27000
25976	27000
11190	27000
15692	27000
30295	27000
45839	27000
52965	27000
54643	27000
22080	27000
36965	27000
34549	27000
52300	26624
135301	26500
36217	26400
20832	26200
15290	26000
53459	26000
33082	26000
33072	26000
30134	26000
30128	26000
33558	26000
23709	26000
8222	26000
38235	26000
12975	26000
199283	26000
49360	26000
41847	26000
62502	26000
202867	26000
262296	26000
137851	26000
209218	25498
48920	25400
31543	25400
4765	25350
50467	25300
138211	25200
202322	25100
14390	25000
26788	25000
8038	25000
28207	25000
58910	25000
37002	25000
48685	25000
49088	25000
328423	24576
15594	24000
33077	24000
31715	24000
36943	24000
12835	24000
7522	24000
4666	24000
134325	24000
60670	24000
60917	24000
267088	24000
51023	24000
29424	24000
138995	24000
268525	24000
45184	24000
53093	23000
59560	23000
198184	23000
38506	23000
55652	23000
29104	23000
49855	23000
327960	23000
200438	23000
265639	23000
265699	23000
137295	23000
45937	23000
133971	23000
17473	22800
205388	22800
17374	22400
7717	22200
25471	22200
30123	22000
35223	22000
50683	22000
45725	22000
49792	22000
60134	22000
59185	22000
38200	22000
45706	22000
48846	22000
7628	22000
25590	22000
137246	22000
138359	22000
37347	22000
396472	22000
24132	22000
263869	22000
55247	22000
394330	22000
135425	22000
198093	21400
4608	21200
37576	21000
48712	21000
47850	21000
327922	21000
133660	21000
59155	21000
14259	21000
133593	21000
2593	21000
32244	21000
263586	21000
50620	20800
44141	20500
132923	20480
61895	20480
53112	20480
210218	20480
13357	20130
200983	20100
29215	20000
40528	20000
16876	20000
25572	20000
27916	20000
8859	20000
3599	20000
44314	20000
28165	20000
51514	20000
5017	20000
47169	20000
54042	20000
264130	20000
28073	20000
203640	20000
59954	20000
52938	20000
42228	20000
201333	20000
262755	20000
267102	20000
263480	20000
61929	20000
58750	20000
42300	20000
206640	20000
262889	20000
209400	20000
34569	20000
28244	20000
38524	20000
210323	20000
34762	20000
55352	20000
262772	20000
262387	20000
327849	20000
134326	20000
262612	20000
263495	20000
35280	20000
61056	20000
265188	20000
133372	20000
393490	20000
56583	20000
262470	20000
267242	20000
269075	20000
394581	20000
262898	20000
266298	20000
207310	20000
42156	20000
270436	20000
56472	20000
207274	20000
268546	20000
1410	20000
47116	20000
26388	20000
13951	20000
30622	20000
266853	20000
6881	20000
135223	20000
31122	20000
13618	20000
4721	20000
19969	20000
29154	20000
198408	20000
133100	20000
20205	20000
15738	20000
132031	20000
50782	20000
134858	20000
19711	20000
38067	20000
43513	20000
138041	20000
265962	20000
52637	20000
23838	20000
40449	20000
10083	20000
133187	20000
16684	20000
46700	20000
50154	20000
48273	20000
25182	20000
45974	20000
213065	20000
200070	20000
266454	20000
264969	20000
52706	20000
18187	20000
11744	20000
265344	20000
206389	20000
207489	20000
31273	20000
209421	20000
42861	20000
60113	20000
56858	20000
61020	20000
201877	19600
262756	19216
42476	19000
8491	19000
39310	19000
132774	19000
22750	19000
45650	19000
262788	19000
137080	19000
43369	19000
134009	19000
2484	18600
52869	18432
266374	18432
262811	18100
267588	18002
58406	18000
17444	18000
196689	18000
28707	18000
24523	18000
52625	18000
52550	18000
20928	18000
60157	18000
53197	18000
263393	18000
16039	18000
133881	18000
7489	18000
133797	18000
201508	18000
23696	18000
266028	18000
265030	18000
266044	18000
200392	18000
209261	18000
394914	18000
37627	18000
397524	18000
33791	18000
206404	18000
269060	18000
53018	18000
133664	17408
7631	17400
43599	17400
39318	17000
5692	17000
264009	17000
2606	17000
7597	17000
136885	17000
131775	17000
135232	17000
29446	17000
55670	17000
17538	17000
23541	16800
44583	16800
50858	16800
45950	16800
38477	16800
21351	16800
198271	16800
48374	16800
135423	16800
22989	16384
27345	16384
196640	16384
58969	16384
27789	16336
16363	16300
133718	16240
24557	16000
24077	16000
9497	16000
28859	16000
40739	16000
33522	16000
54415	16000
51050	16000
132919	16000
327943	16000
202918	16000
131303	16000
135465	16000
199790	16000
264295	16000
263713	16000
28139	16000
136287	16000
209086	16000
267117	16000
34936	16000
37109	16000
131717	16000
45312	16000
138829	16000
42353	16000
7578	16000
51580	16000
204264	15736
132901	15736
52458	15500
9092	15400
2500	15400
20917	15400
29246	15400
17435	15400
2515	15400
39600	15400
31576	15400
29513	15400
44334	15400
14500	15400
16218	15400
199248	15400
199396	15400
62336	15400
198334	15400
32614	15400
23774	15400
23666	15400
327700	15400
133173	15400
13226	15200
268568	15200
18104	15100
50796	15100
25473	15000
5071	15000
45144	15000
262501	15000
135247	15000
134929	15000
328275	15000
264297	15000
61064	15000
39905	15000
52896	14500
267062	14500
50857	14400
35184	14336
56209	14336
27932	14336
263128	14336
262753	14336
12305	14336
26068	14336
28438	14336
263917	14336
44084	14336
41522	14336
135253	14336
198216	14336
29245	14336
135861	14336
37030	14336
30988	14336
57079	14336
28639	14336
136330	14336
25328	14336
267121	14336
136533	14336
136480	14336
133967	14336
263459	14336
17996	14300
34458	14300
37650	14140
58683	14000
19817	14000
10255	14000
12059	14000
28877	14000
31216	14000
16559	14000
13101	14000
19752	14000
3043	14000
25975	14000
5462	14000
20704	14000
8804	14000
4837	14000
10848	14000
31661	14000
5418	14000
26627	14000
14833	14000
25286	14000
46199	14000
15149	14000
30131	14000
40475	14000
8495	14000
15773	14000
4319	14000
36824	14000
13246	14000
42366	14000
40068	14000
38181	14000
5568	14000
8596	14000
43436	14000
11830	14000
24989	14000
15935	14000
34960	14000
29655	14000
34554	14000
14585	14000
31641	14000
40495	14000
38321	14000
4795	14000
3248	14000
8092	14000
18392	14000
42585	14000
56065	14000
8648	14000
5726	14000
49190	14000
24586	14000
41644	14000
8391	14000
48519	14000
12348	14000
22781	14000
44259	14000
13871	14000
44765	14000
39915	14000
393225	14000
10745	14000
393220	14000
394018	14000
17579	14000
48885	14000
42416	14000
23308	14000
14866	14000
39449	14000
42760	14000
7296	14000
9167	14000
46195	14000
49492	14000
31474	14000
24796	14000
13214	14000
48514	14000
19528	14000
21336	14000
42605	14000
46656	14000
31147	14000
1133	14000
29243	14000
9266	14000
48315	14000
49854	14000
43782	14000
43911	14000
47328	14000
20569	14000
5683	14000
26088	14000
28196	14000
21864	14000
49820	14000
24321	14000
49983	14000
44219	14000
50066	14000
42973	14000
38948	14000
48284	14000
12541	14000
50087	14000
38149	14000
9026	14000
30162	14000
38544	14000
9877	14000
30583	14000
52841	14000
1850	14000
26546	14000
51040	14000
6850	14000
8950	14000
12347	14000
23779	14000
53582	14000
22300	14000
20501	14000
48528	14000
37113	14000
50370	14000
9003	14000
50292	14000
51224	14000
50719	14000
20633	14000
36052	14000
15388	14000
30640	14000
25139	14000
38199	14000
46064	14000
46235	14000
19842	14000
51218	14000
15301	14000
196621	14000
41628	14000
55915	14000
44009	14000
16217	14000
8330	14000
2470	14000
46309	14000
13573	14000
20738	14000
16866	14000
28192	14000
2108	14000
46231	14000
6834	14000
52102	14000
7753	14000
49232	14000
197764	14000
13746	14000
31564	14000
26918	14000
56848	14000
29152	14000
9931	14000
57124	14000
53837	14000
3401	14000
30998	14000
53948	14000
54046	14000
27464	14000
12757	14000
57423	14000
38278	14000
27541	14000
51823	14000
18588	14000
50387	14000
198239	14000
29553	14000
39470	14000
42841	14000
57202	14000
20924	14000
41872	14000
27626	14000
12540	14000
46215	14000
4224	14000
53389	14000
48362	14000
52328	14000
41811	14000
46664	14000
132111	14000
14746	14000
12327	14000
24582	14000
54444	14000
57381	14000
33361	14000
6086	14000
57516	14000
198570	14000
34510	14000
198818	14000
16004	14000
40999	14000
45945	14000
34233	14000
36959	14000
50372	14000
41695	14000
33854	14000
57228	14000
28654	14000
198492	14000
34942	14000
40850	14000
262787	14000
48297	14000
19233	14000
50468	14000
61215	14000
197219	14000
55350	14000
51886	14000
50206	14000
198288	14000
10654	14000
10367	14000
132435	14000
34868	14000
21461	14000
18638	14000
132730	14000
132536	14000
29998	14000
198554	14000
197736	14000
27193	14000
49902	14000
49505	14000
36958	14000
16737	14000
38781	14000
132426	14000
56833	14000
21360	14000
262680	14000
262757	14000
53235	14000
28640	14000
60532	14000
12362	14000
262839	14000
29231	14000
14558	14000
61337	14000
50968	14000
20338	14000
32738	14000
197589	14000
37079	14000
59554	14000
26320	14000
3842	14000
60362	14000
3250	14000
52836	14000
3186	14000
15691	14000
10431	14000
62929	14000
62182	14000
22919	14000
393316	14000
16798	14000
62947	14000
199706	14000
12650	14000
262492	14000
26689	14000
51744	14000
14613	14000
11045	14000
29606	14000
15398	14000
199937	14000
46873	14000
24290	14000
4270	14000
200163	14000
53901	14000
263062	14000
14829	14000
45680	14000
62588	14000
28152	14000
57007	14000
52275	14000
58792	14000
53022	14000
132933	14000
393431	14000
46110	14000
262805	14000
20681	14000
131291	14000
52465	14000
45496	14000
20686	14000
263337	14000
200187	14000
21478	14000
201764	14000
52317	14000
61470	14000
262189	14000
52420	14000
52498	14000
52824	14000
17673	14000
29844	14000
29305	14000
45910	14000
58436	14000
10670	14000
29897	14000
39373	14000
52380	14000
63128	14000
12236	14000
24226	14000
35949	14000
201962	14000
201505	14000
32432	14000
11514	14000
45884	14000
27790	14000
62782	14000
33781	14000
22402	14000
13064	14000
4594	14000
28026	14000
11114	14000
9355	14000
32678	14000
30691	14000
40966	14000
52736	14000
3669	14000
196670	14000
54039	14000
133678	14000
50597	14000
393717	14000
36273	14000
45133	14000
61026	14000
32397	14000
59102	14000
2607	14000
201506	14000
262871	14000
133936	14000
199188	14000
59370	14000
47608	14000
57660	14000
37177	14000
37181	14000
22748	14000
51728	14000
9559	14000
132848	14000
131475	14000
48588	14000
132917	14000
20448	14000
63383	14000
21832	14000
12276	14000
201222	14000
36483	14000
52490	14000
60116	14000
52401	14000
26312	14000
39391	14000
34916	14000
53173	14000
63450	14000
11986	14000
34450	14000
10925	14000
393945	14000
32546	14000
18986	14000
29355	14000
26414	14000
63863	14000
19381	14000
30076	14000
30919	14000
134355	14000
394010	14000
11301	14000
53154	14000
198095	14000
28670	14000
264101	14000
9916	14000
25081	14000
6082	14000
133344	14000
53191	14000
46047	14000
28941	14000
52795	14000
39764	14000
262229	14000
32764	14000
11948	14000
48294	14000
12696	14000
44994	14000
64200	14000
200759	14000
394356	14000
132142	14000
49524	14000
52399	14000
263126	14000
201206	14000
327894	14000
198342	14000
16652	14000
3624	14000
57141	14000
18534	14000
37629	14000
7530	14000
53164	14000
52631	14000
42555	14000
15154	14000
17832	14000
262878	14000
198313	14000
201020	14000
202030	14000
30247	14000
62363	14000
131602	14000
25581	14000
47814	14000
11342	14000
28317	14000
263395	14000
48461	14000
37399	14000
33623	14000
18650	14000
39532	14000
262607	14000
262650	14000
263818	14000
41721	14000
63126	14000
265159	14000
34723	14000
262949	14000
135036	14000
23352	14000
21889	14000
52348	14000
12929	14000
394514	14000
264062	14000
52381	14000
50333	14000
198913	14000
262149	14000
57961	14000
52999	14000
203112	14000
28635	14000
63421	14000
37634	14000
196949	14000
202054	14000
27734	14000
27884	14000
131603	14000
53233	14000
21919	14000
262585	14000
51551	14000
52702	14000
43578	14000
264704	14000
55043	14000
264116	14000
8542	14000
262378	14000
204028	14000
20193	14000
56190	14000
203591	14000
30892	14000
20015	14000
135192	14000
28118	14000
3061	14000
262614	14000
30986	14000
17014	14000
199888	14000
198269	14000
31394	14000
202744	14000
327859	14000
33772	14000
200001	14000
201986	14000
23641	14000
197186	14000
3165	14000
32334	14000
131911	14000
64415	14000
27733	14000
202921	14000
199645	14000
49761	14000
32337	14000
52601	14000
196969	14000
200142	14000
12102	14000
31479	14000
263768	14000
327821	14000
207195	14000
199550	14000
198430	14000
201049	14000
199787	14000
20714	14000
26343	14000
198909	14000
50515	14000
204121	14000
202994	14000
52455	14000
8458	14000
201068	14000
264191	14000
11844	14000
207028	14000
133130	14000
62373	14000
131274	14000
200577	14000
9648	14000
197046	14000
201953	14000
263873	14000
393907	14000
61487	14000
198072	14000
202177	14000
26317	14000
52290	14000
62560	14000
264527	14000
59686	14000
14211	14000
199842	14000
132535	14000
35047	14000
206999	14000
395152	14000
199981	14000
264797	14000
199201	14000
14845	14000
7270	14000
262685	14000
133232	14000
196928	14000
15765	14000
207156	14000
40165	14000
264152	14000
42717	14000
56745	14000
18568	14000
50016	14000
264785	14000
61864	14000
199468	14000
38805	14000
29571	14000
31510	14000
24743	14000
265672	14000
37103	14000
263897	14000
266210	14000
136300	14000
52596	14000
37623	14000
262167	14000
46401	14000
328125	14000
327900	14000
52716	14000
136417	14000
56441	14000
263235	14000
28103	14000
206720	14000
59670	14000
266610	14000
262786	14000
262452	14000
134366	14000
136552	14000
10778	14000
28160	14000
36730	14000
37055	14000
265041	14000
134319	14000
264282	14000
7663	14000
32806	14000
52327	14000
52372	14000
30900	14000
265771	14000
206108	14000
263968	14000
10217	14000
27935	14000
133007	14000
263120	14000
267507	14000
264230	14000
265995	14000
52236	14000
37027	14000
131483	14000
263384	14000
264471	14000
52349	14000
263228	14000
52413	14000
263190	14000
16350	14000
24806	14000
5385	14000
27259	14000
265760	14000
265729	14000
57508	14000
265952	14000
201950	14000
328232	14000
136323	14000
25563	14000
61527	14000
43009	14000
135639	14000
132097	14000
51484	14000
18021	14000
200799	14000
19147	14000
197518	14000
395612	14000
395627	14000
47989	14000
205260	14000
132722	14000
265871	14000
15757	14000
200960	14000
42325	14000
263248	14000
136764	14000
263963	14000
37616	14000
5397	14000
327941	14000
131446	14000
43154	14000
137144	14000
266657	14000
131248	14000
31914	14000
203146	14000
63998	14000
60752	14000
59572	14000
134736	14000
52169	14000
134305	14000
135801	14000
198330	14000
60314	14000
265016	14000
24620	14000
60082	14000
267294	14000
266926	14000
16827	14000
204086	14000
204558	14000
203255	14000
205389	14000
198279	14000
132836	14000
64477	14000
204346	14000
202488	14000
21388	14000
46506	14000
61242	14000
59986	14000
48487	14000
134264	14000
132974	14000
136713	14000
205535	14000
268222	14000
45954	14000
263698	14000
28050	14000
28748	14000
265209	14000
197529	14000
263606	14000
18875	14000
3268	14000
328339	14000
37916	14000
396914	14000
202086	14000
133915	14000
328346	14000
266840	14000
23038	14000
37281	14000
200736	14000
132046	14000
136668	14000
25557	14000
263732	14000
63945	14000
396951	14000
394650	14000
396960	14000
266835	14000
137236	14000
31277	14000
37999	14000
56140	14000
209874	14000
394366	14000
58239	14000
25946	14000
48027	14000
57136	14000
266640	14000
328144	14000
328237	14000
133817	14000
139909	14000
33078	14000
33597	14000
51313	14000
18931	14000
37053	14000
52532	13500
22355	13400
58725	13312
33554	13200
20984	13200
9872	13200
212895	13200
19214	13000
32105	13000
40193	13000
27318	13000
24049	13000
27320	13000
33073	13000
28054	13000
30130	13000
26972	13000
42755	13000
29488	13000
6903	13000
12968	13000
6900	13000
25795	13000
31972	13000
15857	13000
7595	13000
4280	13000
29297	13000
33005	13000
21911	13000
21315	13000
3633	13000
31251	13000
9208	13000
203679	13000
393470	13000
61816	13000
50710	13000
263460	13000
28364	13000
200780	13000
60435	13000
26968	13000
135793	13000
265983	13000
40861	13000
267573	13000
20218	13000
263572	13000
206048	13000
23676	13000
328167	13000
202519	13000
63069	13000
61633	13000
132160	13000
136670	13000
209678	13000
210144	13000
17716	13000
136749	13000
30730	13000
19523	13000
267746	13000
266598	13000
55789	13000
264992	13000
199121	12600
27877	12600
25467	12400
7496	12400
13878	12300
135180	12288
135850	12288
135792	12288
137608	12288
137627	12288
134278	12264
198721	12200
9051	12200
23713	12000
34419	12000
28855	12000
52640	12000
29438	12000
198738	12000
41201	12000
57118	12000
200753	12000
20677	12000
63320	12000
18918	12000
51191	12000
395378	12000
263084	12000
205191	12000
26038	12000
137042	12000
262818	12000
206483	12000
328152	12000
18647	12000
15414	12000
138847	12000
397715	12000
263019	12000
22798	12000
134643	12000
136131	12000
135468	12000
24530	12000
139425	12000
139947	12000
139833	12000
209752	12000
61600	12000
139075	12000
37622	12000
29129	12000
34225	12000
38915	12000
134078	12000
327733	12000
202053	12000
39233	12000
202829	12000
266092	11700
23708	11400
52952	11400
132562	11264
58438	11264
61749	11200
136338	11120
39469	11000
33074	11000
27322	11000
26790	11000
24469	11000
19875	11000
10929	11000
14651	11000
25689	11000
8916	11000
15562	11000
48291	11000
52789	11000
135754	11000
49695	11000
30261	11000
199863	11000
132515	11000
45294	11000
393280	11000
17445	11000
47529	11000
53096	11000
132988	11000
262338	11000
265644	11000
48276	11000
38595	11000
134663	11000
28189	11000
133638	11000
131609	11000
328110	11000
47884	11000
205819	11000
62445	11000
263645	11000
327743	11000
134152	11000
268490	11000
138195	11000
37130	11000
13837	11000
52503	11000
137824	11000
132641	11000
54037	11000
39671	11000
61221	11000
138686	11000
208188	11000
63027	11000
266344	11000
328051	11000
133648	11000
53086	11000
9448	11000
60725	11000
132458	11000
265450	11000
262727	10270
38457	10240
264290	10240
134883	10240
134035	10240
135854	10240
131215	10240
263374	10240
135202	10240
267540	10240
59816	10240
58405	10240
264238	10240
262743	10240
268013	10240
140269	10240
132540	10120
135184	10096
37357	10096
53106	10096
202384	10040
12414	10000
27848	10000
27319	10000
43407	10000
50234	10000
51446	10000
134391	10000
134399	10000
134395	10000
134396	10000
18210	10000
58620	10000
134390	10000
50809	10000
56260	10000
56233	10000
13926	10000
34274	10000
37674	10000
40809	10000
26156	10000
50607	10000
52769	10000
262957	10000
37455	10000
135028	10000
43503	10000
37704	10000
37429	10000
38742	10000
136358	10000
263401	10000
267282	10000
45587	10000
133354	10000
131314	10000
210234	10000
48825	10000
38004	10000
39855	10000
24076	10000
14224	10000
37695	10000
197686	10000
201553	10000
39126	10000
63981	10000
15739	10000
35711	10000
131644	10000
52786	10000
208976	10000
134178	10000
60945	10000
209287	10000
265056	10000
64300	10000
39923	10000
133808	10000
12365	10000
140362	10000
61602	10000
29636	10000
20766	10000
28846	10000
56511	10000
202032	10000
262644	10000
52547	10000
204526	10000
134946	10000
3214	10000
12586	10000
15808	10000
271	10000
8793	10000
23688	10000
327930	10000
133968	10000
328176	10000
3580	10000
45355	10000
134937	10000
328204	10000
328341	10000
268430	10000
60371	10000
266225	10000
11661	10000
49004	10000
20473	10000
29479	10000
58666	10000
132330	10000
135328	10000
17766	10000
136972	10000
137199	10000
45637	10000
137900	10000
15164	10000
264308	10000
21837	10000
54035	10000
7979	10000
54600	10000
19661	10000
11038	10000
51095	10000
205891	10000
198102	10000
21454	10000
136800	10000
204810	10000
208457	10000
205790	10000
23856	10000
14327	10000
28234	10000
263891	10000
263617	10000
262665	10000
262480	10000
267623	10000
61923	10000
269366	10000
269369	10000
267120	10000
22128	10000
265483	10000
266275	10000
30174	10000
33387	10000
51155	10000
37908	10000
328699	10000
328547	10000
328315	10000
265272	10000
267611	10000
138263	10000
199758	10000
52322	10000
13728	10000
263775	10000
16654	10000
38571	10000
133317	10000
265757	10000
136515	10000
135756	10000
138754	10000
200023	10000
50469	10000
263346	10000
21050	10000
1441	10000
31177	10000
137945	10000
266130	10000
398454	10000
138428	10000
52424	10000
263218	10000
264637	10000
52286	10000
265684	10000
28049	10000
267828	10000
208970	9900
28056	9800
200077	9800
136990	9800
266300	9700
38456	9500
268619	9500
30122	9000
30133	9000
21013	9000
1798	9000
55799	9000
41357	9000
22431	9000
28307	9000
133487	9000
264311	9000
52884	9000
43126	9000
200608	9000
45170	9000
23667	9000
328119	9000
266803	9000
328287	9000
266149	9000
200590	9000
205844	9000
136908	9000
209408	9000
60930	9000
200147	9000
23938	9000
267859	9000
266715	9000
37777	9000
34235	9000
12976	9000
135383	9000
267620	9000
45701	9000
136861	9000
60810	9000
30272	9000
37266	9000
197197	9000
50903	9000
59164	9000
135780	9000
265238	8700
48626	8650
265865	8400
267649	8400
6102	8000
12759	8000
34362	8000
19468	8000
262561	8000
393626	8000
201353	8000
11910	8000
19807	8000
35489	8000
265027	8000
264022	8000
12732	8000
205381	8000
204981	8000
135000	8000
262711	8000
202313	8000
24691	8000
135841	8000
264752	8000
6233	8000
33582	8000
36394	8000
37428	8000
209673	8000
207146	8000
50377	8000
43065	8000
46939	8000
328476	8000
137178	8000
31611	8000
207622	8000
266140	8000
61802	8000
131749	8000
59139	8000
137363	8000
24527	8000
138838	8000
58474	8000
133352	8000
58485	8000
38148	8000
38783	8000
135464	8000
138131	8000
59613	8000
135763	8000
52436	8000
59766	8000
268710	8000
44134	8000
30803	8000
41497	8000
30933	8000
327909	8000
264580	8000
24446	8000
24243	8000
24594	7700
24206	7600
52419	7600
267219	7500
9145	7500
134922	7168
33081	7000
49432	7000
131310	7000
34407	7000
28801	7000
28187	7000
262695	7000
31222	7000
61902	7000
52722	7000
60501	7000
52813	7000
51786	7000
57254	7000
202627	7000
134832	7000
198374	7000
262466	7000
206506	7000
264708	7000
264795	7000
133615	7000
135597	7000
52326	7000
135055	7000
203649	7000
268809	7000
328223	7000
132445	7000
199976	7000
327906	7000
267326	7000
27781	7000
39145	7000
264262	7000
265715	6800
52669	6500
268060	6500
21056	6400
201494	6300
139641	6180
27754	6144
131442	6144
393807	6144
38712	6048
53192	6040
52681	6000
61785	6000
49933	6000
266494	6000
265409	6000
23923	6000
201695	6000
33569	6000
200191	6000
205168	6000
268144	6000
262231	6000
138627	6000
135234	6000
138876	6000
6505	6000
207618	6000
208097	6000
34019	6000
23342	6000
3130	6000
46609	6000
14333	6000
39583	6000
52344	6000
38515	6000
133651	6000
266260	6000
204994	6000
135848	6000
136255	6000
2042	6000
135269	6000
45630	6000
136642	6000
139226	6000
11845	6000
5560	5600
2854	5600
198290	5600
263978	5600
266365	5600
53209	5600
37098	5500
262527	5500
62100	5500
42183	5500
137069	5500
37638	5500
55680	5480
44977	5200
132268	5200
136230	5120
135226	5120
213252	5100
28589	5000
131247	5000
262307	5000
25516	5000
47522	5000
209263	5000
134933	5000
57166	5000
43338	5000
29097	5000
206945	5000
24207	5000
137378	5000
134863	5000
31960	5000
36865	5000
135415	5000
131636	5000
26709	5000
7727	5000
135719	5000
135218	5000
6373	5000
138143	5000
38771	5000
8820	5000
18221	5000
36687	5000
45500	5000
47297	5000
38757	5000
55658	5000
132646	5000
199516	5000
17561	5000
263536	5000
15672	5000
204005	5000
61913	5000
134877	5000
263043	5000
394102	5000
265959	5000
266020	5000
205675	5000
134998	5000
267567	5000
267144	5000
56791	4900
197890	4900
47748	4800
200303	4500
6853	4400
264555	4400
24232	4400
207401	4400
24005	4400
13917	4200
47138	4200
35053	4200
16210	4200
29140	4200
1880	4200
53114	4200
53166	4200
61319	4200
263356	4200
264754	4200
7532	4096
42235	4096
205086	4096
138115	4096
27659	4096
134605	4096
27967	4096
132559	4096
53127	4096
52688	4096
9875	4096
267654	4000
138988	4000
398202	4000
202347	4000
139329	4000
43928	4000
133089	4000
267386	4000
135480	4000
138130	4000
24212	4000
138887	4000
38776	4000
139605	4000
63874	4000
137316	4000
139446	4000
139972	4000
201714	4000
139956	4000
135323	4000
28602	4000
396841	4000
52356	4000
138745	4000
139528	4000
269258	4000
60304	4000
30286	4000
43518	4000
209152	4000
47442	4000
207549	4000
138365	4000
23679	4000
38143	4000
49781	4000
139431	4000
45296	4000
131773	4000
58401	4000
138119	4000
138079	4000
136088	4000
137358	4000
132448	4000
8201	4000
24541	4000
12826	4000
29449	4000
41495	4000
47617	4000
41471	4000
35260	4000
26253	4000
55761	4000
11624	4000
28328	4000
197922	4000
19116	4000
37363	4000
263555	4000
327850	4000
22549	4000
131459	4000
134259	4000
328033	4000
59432	4000
54721	4000
327814	4000
48105	4000
263143	4000
262887	4000
57695	4000
52923	4000
59368	4000
42774	4000
60975	4000
136370	4000
136708	4000
35135	4000
327817	4000
30126	4000
56203	4000
133536	4000
38496	4000
52936	4000
328262	4000
206235	4000
6083	3900
48252	3800
137935	3700
263755	3600
43853	3600
49653	3500
263548	3500
53046	3500
26106	3300
48126	3300
17890	3300
27024	3250
12577	3200
37223	3200
51159	3200
266280	3200
61203	3100
37186	3100
58898	3072
27976	3072
9115	3011
54210	3000
58475	3000
137937	3000
21659	3000
31673	3000
268523	3000
270383	3000
265297	3000
52477	3000
63882	3000
38150	3000
196922	3000
50311	3000
56239	3000
208817	3000
328543	3000
137159	3000
263720	3000
135964	3000
263762	3000
37708	3000
209109	3000
41666	3000
34927	3000
207317	3000
327720	3000
139978	3000
14295	3000
18520	3000
30362	3000
16921	3000
138276	3000
139628	3000
138910	3000
6775	3000
42473	3000
3595	3000
27413	3000
59414	3000
24492	3000
50677	3000
262713	3000
61092	3000
135876	3000
134204	3000
52373	3000
205614	3000
205964	3000
204671	3000
33932	3000
42181	3000
204982	3000
267263	3000
270586	3000
63868	3000
38778	3000
58640	3000
263684	3000
29876	2800
36184	2800
23710	2800
24048	2800
21476	2800
12381	2800
29259	2800
18227	2800
55865	2800
40034	2800
39931	2800
63829	2800
35551	2800
51349	2800
48310	2800
47628	2800
263290	2800
263893	2800
133501	2800
264608	2800
60718	2800
24880	2800
45956	2800
39010	2800
266896	2800
52387	2800
42587	2800
267126	2750
197551	2700
206782	2700
17400	2600
42310	2600
209530	2600
209291	2600
35579	2500
17895	2500
54728	2500
207866	2500
45220	2400
24129	2400
9189	2400
15401	2400
393629	2300
139249	2248
24892	2200
131668	2200
209022	2200
6066	2170
18052	2100
28262	2100
34800	2100
267427	2048
133989	2048
55806	2048
37076	2048
197038	2000
37698	2000
134522	2000
266545	2000
262416	2000
207654	2000
6735	2000
60391	2000
52998	2000
58145	2000
266571	2000
268280	2000
267732	2000
39070	2000
36827	2000
267830	2000
269040	2000
21058	2000
267833	2000
328518	2000
53057	2000
269432	2000
49752	2000
51001	2000
133809	2000
207770	2000
136244	2000
207439	2000
45424	2000
131091	2000
139021	2000
22425	2000
269091	2000
206215	2000
205920	2000
269875	2000
139449	2000
268268	2000
23855	2000
213342	2000
41051	2000
134917	2000
62321	2000
135225	2000
35568	2000
138663	2000
36936	2000
268821	2000
53185	2000
57782	2000
58731	2000
4618	2000
20932	2000
24953	2000
7469	2000
17824	2000
41393	2000
15177	2000
37159	2000
47692	2000
197669	2000
20406	2000
27693	2000
23201	2000
202194	2000
132679	2000
133043	2000
29170	2000
17416	2000
25435	2000
327761	2000
37302	2000
136451	2000
133311	2000
204708	2000
136175	2000
205718	2000
137273	2000
57581	2000
135190	2000
137016	2000
17806	2000
138536	2000
209626	2000
208848	2000
204326	2000
61218	2000
139702	2000
45926	2000
18117	2000
269478	2000
133799	2000
18112	2000
63867	2000
47875	2000
57468	2000
139958	2000
63494	2000
29030	2000
137457	2000
134262	2000
201376	2000
138860	2000
28080	2000
62595	2000
266475	1800
204909	1800
9341	1800
5377	1600
266133	1600
13049	1540
55420	1540
11271	1500
52920	1500
53061	1500
24220	1500
30889	1400
23310	1400
34746	1400
33472	1400
15436	1400
25752	1400
30141	1400
41037	1400
20507	1400
41399	1400
1982	1400
8481	1400
25504	1400
29430	1400
14970	1400
34764	1400
13105	1400
34144	1400
21840	1400
44212	1400
28929	1400
23677	1400
20081	1400
9290	1400
15716	1400
31555	1400
20483	1400
33211	1400
42937	1400
45425	1400
24238	1400
49867	1400
3661	1400
4641	1400
14166	1400
47302	1400
17501	1400
196967	1400
28182	1400
36275	1400
46373	1400
197439	1400
2597	1400
196763	1400
32586	1400
12431	1400
45444	1400
48913	1400
13591	1400
10015	1400
57821	1400
18149	1400
38190	1400
35399	1400
61044	1400
24006	1400
47762	1400
31319	1400
18612	1400
36315	1400
173	1400
27983	1400
133444	1400
12822	1400
11008	1400
59752	1400
8310	1400
132645	1400
8922	1400
56109	1400
24347	1400
59919	1400
17970	1400
263928	1400
37120	1400
56204	1400
50623	1400
133072	1400
25491	1400
48847	1400
11947	1400
35001	1400
49640	1400
24634	1400
21201	1400
205610	1400
262266	1400
131996	1400
38217	1400
57089	1400
37190	1400
62230	1400
267673	1400
202806	1400
17689	1400
264650	1400
34527	1400
12556	1400
264602	1400
266355	1400
35090	1300
39615	1300
31680	1300
25433	1300
31653	1300
42492	1300
12854	1300
52186	1300
17747	1300
199547	1300
203040	1300
204662	1300
265890	1300
21158	1300
43573	1300
38887	1200
6734	1200
328107	1200
52051	1200
204185	1200
267520	1200
262911	1200
10678	1100
36388	1100
9327	1100
19089	1100
16347	1100
34578	1100
133318	1100
46045	1100
264382	1100
266687	1100
268539	1100
138632	1100
209555	1100
134563	1100
210025	1100
4558	1048
134331	1024
23893	1024
18230	1024
52573	1024
136842	1024
136722	1024
24508	1024
5764	1000
29471	1000
29590	1000
39180	1000
24632	1000
45054	1000
52828	1000
28303	1000
137936	1000
267801	1000
27806	1000
204188	1000
37472	1000
207491	1000
52545	1000
7562	1000
213377	1000
36198	1000
327822	1000
328441	1000
24050	1000
33071	1000
34505	1000
31402	1000
28198	1000
26753	1000
17469	1000
199230	1000
327908	1000
45951	1000
262568	1000
53094	1000
132372	1000
41651	1000
41139	1000
48507	1000
134265	1000
39650	1000
328255	1000
37395	1000
328043	1000
136982	1000
203976	1000
32030	1000
204633	1000
328229	1000
206262	1000
202328	1000
34553	1000
327796	1000
4842	1000
24124	1000
138056	1000
51972	1000
209385	1000
209100	1000
11017	1000
31649	1000
137995	1000
207335	1000
132708	1000
398335	1000
269535	1000
268091	1000
61748	1000
61652	1000
265497	1000
267584	1000
268647	1000
140407	1000
138866	1000
138117	1000
132669	1000
328582	1000
12186	1000
132198	1000
398570	1000
48428	1000
136835	1000
138886	1000
60592	1000
203287	1000
37491	1000
271053	1000
264513	1000
131645	1000
138317	1000
23013	1000
61678	1000
55695	1000
27876	1000
264787	1000
264656	1000
46032	1000
61762	1000
134875	1000
133334	1000
138769	1000
139533	1000
135746	1000
138762	1000
140144	1000
138279	1000
133000	1000
29000	1000
213031	1000
62997	1000
11805	1000
135298	1000
212799	1000
213126	1000
50869	1000
37067	1000
24457	1000
24470	1000
138837	1000
139952	1000
136054	1000
140476	1000
264242	1000
38031	1000
47253	1000
48966	1000
15975	1000
51737	1000
29310	1000
197350	1000
42013	1000
51440	1000
42314	1000
12754	1000
269762	1000
269872	1000
11139	1000
14694	1000
268707	1000
48344	900
44207	900
32398	900
21246	900
264756	840
267083	840
262716	800
263486	800
203968	800
28211	800
265356	800
29006	700
265702	700
59340	700
8338	700
37192	630
201146	600
28215	600
208063	600
39196	600
9892	600
53216	600
36889	600
31055	560
132642	550
328522	500
62166	500
61903	500
18719	500
48821	500
24381	500
30528	500
5111	500
327775	500
133309	500
134232	500
9601	500
269987	500
44024	400
205927	400
268713	400
207454	400
328585	400
207394	400
209645	400
47902	400
24776	400
35821	400
56662	400
132022	400
58578	400
132882	400
132376	400
265464	400
204438	300
13287	300
37286	300
36369	300
140219	300
132531	300
51778	300
213253	300
55784	300
16242	300
131477	300
206610	300
205523	300
266551	300
58818	300
2499	280
327981	280
140840	250
203615	220
140244	200
213386	200
10557	200
135206	200
27744	200
9229	200
56911	200
8661	200
202479	200
57757	200
327781	200
269023	200
63886	200
133832	200
16503	165
20291	150
15434	140
50088	140
393853	140
37224	140
15469	110
37044	110
36997	110
61417	100
213330	100
202301	100
209833	100
33983	100
38592	100
138023	100
35145	100
139741	100
47251	100
213105	100
269923	100
269534	100
37209	77
43660	70
39271	70
55822	58
132003	56
269163	40
54049	28
37062	22
269104	20
21693	20
213284	20
263855	18
37133	14
137653	13
52423	11
40592	10
13594	4
13273	4
270320	2
264902	2
6762	0
32787	0
2519	0
31133	0
26193	0
8015	0
17222	0
60497	0
21339	0
8470	0
51324	0
21083	0
327692	0
4755	0
6895	0
327976	0
56196	0
15932	0
57724	0
200125	0
41841	0
56575	0
198529	0
44124	0
196883	0
37424	0
6300	0
198035	0
197318	0
38942	0
42935	0
20530	0
198187	0
48694	0
43171	0
50095	0
200602	0
35199	0
200750	0
197181	0
3169	0
199510	0
44784	0
197345	0
22541	0
200089	0
52031	0
55714	0
43495	0
198007	0
48629	0
41833	0
62328	0
197697	0
199774	0
203937	0
203742	0
35787	0
206910	0
51863	0
197809	0
41379	0
42374	0
197099	0
42852	0
60755	0
29070	0
61154	0
202936	0
197295	0
198709	0
198424	0
198906	0
199265	0
197572	0
203505	0
203306	0
59611	0
198214	0
206489	0
10355	0
263097	0
57890	0
203765	0
199005	0
51101	0
62201	0
197375	0
199381	0
60219	0
196979	0
395478	0
56983	0
57665	0
3352	0
198766	0
201531	0
197437	0
201001	0
51960	0
199341	0
51068	0
265692	0
262690	0
206762	0
37087	0
52414	0
3582	0
201332	0
264857	0
57945	0
197766	0
203157	0
33494	0
135895	0
49633	0
264853	0
10803	0
133859	0
206736	0
205073	0
21030	0
52664	0
62184	0
3249	0
206406	0
263699	0
264013	0
199473	0
132556	0
36707	0
205384	0
57332	0
198493	0
56324	0
57701	0
202626	0
57101	0
203582	0
136857	0
197837	0
136336	0
41044	0
50916	0
198081	0
37345	0
19091	0
28468	0
41297	0
203667	0
138222	0
31230	0
327753	0
60265	0
209854	0
24064	0
202434	0
328111	0
268801	0
396300	0
47237	0
206460	0
137597	0
136994	0
328401	0
52473	0
27017	0
10361	0
131954	0
49941	0
12833	0
60119	0
52544	0
199138	0
58158	0
32082	0
37550	0
27993	0
395326	0
209451	0
207306	0
43824	0
207834	0
269826	0
328055	0
51185	0
265777	0
205897	0
207071	0
18997	0
56523	0
59598	0
204479	0
24257	0
38207	0
206479	0
135031	0
2486	0
33333	0
47950	0
17048	0
210283	0
50321	0
51262	0
63830	0
26930	0
43653	0
197071	0
33108	0
196959	0
265098	0
37148	0
264568	0
207852	0
39533	0
51407	0
60357	0
