32934	136790000
714	125560000
16509	123900000
8075	85920000
13335	73970000
54113	56890000
20940	52836000
22822	40680000
16276	34030000
6939	25368000
46489	25100000
17676	23590000
6805	18440000
33891	17350000
7342	15300000
3209	14870000
31334	14040000
39386	12648000
2516	11839000
25506	11830000
6461	10470000
3356	10402000
2497	9690000
64049	9670000
9498	9600000
328058	9000000
19679	8310000
4230	8240000
8447	8100000
2119	7840000
29990	7840000
28604	7700000
20115	7140000
9002	7099000
12389	6880000
1136	6800000
6667	6667000
63293	6530000
15169	6520000
2856	6450000
49544	6419000
5650	6310000
8966	6166000
3216	6051000
2518	6020000
2635	5970000
4181	5939000
2914	5620000
12552	5620000
4637	5568000
8473	5540000
226	5490000
1267	5440900
38022	5400000
41095	5253000
55391	5220000
15133	5170000
5607	5130000
17511	5020000
6730	4992000
6830	4970010
9009	4710000
5578	4560000
5400	4541000
21320	4482000
265950	4405000
8359	4204000
2527	4140000
12874	4070000
12989	3990000
57344	3960000
6774	3909000
20485	3860000
36408	3842000
5410	3780000
16086	3780000
2514	3770000
36459	3760000
25933	3690000
15435	3640000
34756	3600000
328045	3600000
5089	3590000
12189	3586000
6327	3579000
29314	3540000
61832	3529020
2686	3519000
56478	3440000
2907	3402000
680	3385000
2818	3350000
2603	3330000
52320	3300000
38634	3300000
7843	3270000
4760	3240000
6079	3210000
45899	3200000
58453	3180000
15557	3110000
1103	3102000
1547	3090000
15305	3030000
22356	3007000
37447	3003000
61955	2950000
12713	2900000
11164	2880000
15412	2873000
13285	2840000
5645	2820000
16591	2820000
15704	2820000
13030	2780000
32098	2759000
28663	2735000
1273	2700000
18734	2700000
23620	2700000
38082	2658000
12322	2580000
52580	2574000
35228	2520000
4556	2520000
24785	2500000
9304	2450000
47541	2440000
6507	2420000
6509	2357000
12430	2320000
13768	2315000
46786	2300000
11260	2240000
24203	2200000
202276	2180000
23393	2169000
3292	2160000
11404	2160000
37100	2133000
327693	2114000
62041	2100000
23520	2090000
36692	2088100
132164	2084000
3265	2070000
9824	2070000
20880	2060000
270346	2000000
786	1980000
9121	1980000
30722	1980000
39651	1970000
25192	1970000
9534	1950000
8717	1940000
1257	1930200
7195	1930000
5588	1910000
29535	1910000
2711	1900000
14413	1897000
668	1890000
16637	1880000
19151	1860000
42708	1860000
12083	1850000
40356	1840000
27381	1830000
7575	1818000
812	1800000
5432	1800000
6661	1800000
2510	1800000
262206	1800000
15962	1800000
11888	1800000
38091	1780000
9318	1766000
3630	1760000
23563	1740000
34224	1652500
20504	1620000
15802	1620000
55818	1609900
4800	1607000
137872	1600000
4739	1590000
35320	1580000
12479	1580000
50384	1540000
9680	1540000
23576	1530000
12714	1521500
47377	1480000
132203	1470000
13760	1470000
42525	1449000
43531	1449000
6057	1430000
34984	1430000
28368	1429000
2851	1420000
5713	1410210
37271	1388000
8426	1385000
8529	1383000
18403	1380000
37662	1380000
9269	1364000
3255	1360000
26615	1360000
1741	1350000
23881	1350000
264144	1340000
11232	1330000
5378	1310000
22646	1310000
59605	1309000
5413	1308000
7738	1269000
4134	1260000
23184	1250000
8657	1240000
30517	1240000
30600	1220000
15542	1200000
17072	1200000
13037	1190000
6128	1190000
31500	1188000
109	1176000
12200	1170000
7029	1170000
12849	1170000
40788	1170000
53180	1170000
396253	1164000
4766	1140000
52941	1140000
9505	1139000
3327	1136000
197595	1120000
3741	1107700
9050	1100000
702	1097900
34867	1090000
47605	1089000
2828	1080000
31027	1080000
4648	1080000
13489	1080000
47764	1080000
58073	1080000
393565	1080000
18081	1070000
46450	1070000
3491	1067000
2852	1060000
2116	1059000
38880	1044000
6768	1040000
7155	1040000
28580	1038000
14630	1026000
31655	1020000
62887	1020000
200981	1020000
4761	998000
4713	990000
293	990000
4685	990000
11269	990000
13170	989000
7545	988000
53013	980000
23473	978000
137922	950000
13445	943000
6614	940000
48237	932500
50304	920000
10474	918000
9930	900000
3601	900000
33362	900000
58682	900000
28146	900000
34218	900000
61449	900000
49378	900000
47582	900000
38895	900000
17451	893000
2906	880000
40428	880000
28343	880000
55900	880000
197790	880000
15224	876000
25180	868000
15600	860000
28126	860000
196925	860000
62955	850000
262740	850000
17639	849000
14282	841000
7795	840000
36089	840000
6697	840000
30094	837000
262503	836000
14868	825750
24115	824000
30844	821000
29119	820000
9723	810000
16904	810000
10143	810000
39608	810000
28260	810000
2559	810000
205216	810000
31939	800000
24748	800000
263903	800000
267056	800000
20943	800000
132825	800000
6465	800000
202425	800000
9231	791000
44050	786000
35753	785000
11686	780000
43727	780000
52840	780000
19009	770000
8455	765000
2110	760000
4773	760000
6866	760000
52925	760000
36062	760000
38883	758000
18705	750000
30781	750000
21976	750000
200455	750000
53162	742000
52871	740000
54133	740000
27475	740000
45158	739000
262287	730020
9116	730000
35407	730000
53766	730000
17559	729000
22689	727200
28158	721000
26415	721000
39202	720000
24940	720000
33915	720000
10030	720000
766	720000
62	720000
54183	720000
54312	720000
27715	720000
63221	720000
201641	720000
59027	720000
28338	710000
21245	710000
262355	709000
25358	707000
8781	706000
5009	700000
265937	700000
59930	700000
209222	700000
7418	700000
12353	690000
136106	686000
27471	684000
263327	681000
33132	680000
263297	680000
18106	678000
7473	660000
18121	660000
26801	660000
30081	660000
39326	657000
6908	651000
2611	650000
1680	650000
2860	650000
9595	650000
6412	649000
5603	640000
62904	640000
200020	633000
23889	631000
852	630000
29550	630000
577	630000
13124	630000
3786	630000
25512	630000
23404	630000
38790	630000
8095	630000
61400	630000
58507	623000
703	621400
64050	620000
43205	610000
4258	610000
43332	610000
26162	604000
7552	600000
5483	600000
7679	600000
37153	600000
28598	600000
49477	600000
21574	597000
8632	594000
45780	594000
9354	592000
25885	590000
28716	589000
23148	585000
12956	582000
24033	580000
263073	580000
30990	580000
2687	576000
4788	568200
12731	562500
12392	560000
33438	560000
44053	558200
262848	558000
10026	553220
9924	551400
21385	550800
38622	550000
5769	550000
36924	549000
39912	542000
138132	542000
2152	540900
21502	540000
9070	540000
7992	540000
29695	540000
43646	540000
21321	540000
32184	540000
38819	540000
132132	540000
45204	540000
6848	540000
49685	540000
7415	540000
6471	540000
262659	539000
48919	534000
262773	533000
38858	530000
9500	530000
17709	530000
6407	524000
41798	520000
37168	519000
9031	515000
15830	512000
6181	510000
262729	510000
35213	506000
264668	504000
559	500000
53158	500000
262428	500000
35432	498000
8462	495000
133612	490000
9365	490000
46	490000
206819	490000
267469	490000
5511	480000
11758	480000
39832	480000
28171	480000
263665	480000
41998	480000
266989	480000
17885	480000
9342	478000
43561	475000
51069	470000
13189	463000
17941	460000
23693	460000
13193	459000
26803	459000
262778	457000
31272	452400
12871	450000
25899	450000
13249	450000
28624	450000
7632	450000
36040	450000
34700	450000
49158	450000
42830	450000
197482	450000
19324	450000
35362	450000
327987	450000
50473	450000
9729	449000
262807	446500
7862	441000
10310	440000
13576	440000
719	440000
6922	440000
52005	432000
58601	430000
8452	430000
19108	420000
12129	420000
263080	420000
137831	420000
4651	420000
37282	419000
27988	418000
137	413000
15419	410000
262468	410000
7049	410000
136743	410000
14026	405000
53184	400480
7670	400000
4787	400000
30419	400000
45558	400000
43668	400000
11979	400000
20347	400000
50129	400000
49374	400000
34244	398000
58530	396000
26554	390000
63242	390000
61102	390000
28331	390000
10036	390000
51500	390000
11814	389000
27747	380000
9667	380000
131917	380000
266931	380000
53065	379000
24130	378000
12678	378000
22724	376000
14969	376000
6447	375000
38466	374000
16302	373500
12041	373000
21371	370000
51852	370000
28202	370000
30838	370000
264215	370000
3267	369900
19165	369000
6067	369000
9299	369000
15958	369000
9902	369000
45638	369000
9044	367000
58580	367000
48166	366000
36937	366000
132296	365000
9650	364000
52551	364000
4635	361000
23498	360000
27524	360000
8365	360000
29422	360000
11096	360000
17819	360000
25577	360000
39102	360000
36351	360000
39704	360000
25668	360000
20845	360000
60339	360000
31242	360000
8535	360000
35717	360000
15517	360000
1424	360000
13147	360000
8866	360000
41678	360000
17924	360000
28666	360000
28267	360000
8448	360000
19996	360000
18260	360000
18182	360000
41164	360000
35193	360000
15085	360000
58209	360000
47242	360000
25255	360000
48634	360000
54998	360000
22147	360000
8445	360000
5403	360000
262476	360000
10118	360000
17054	360000
197451	360000
56038	360000
202023	360000
3261	360000
17012	360000
132680	360000
48620	360000
50204	360000
44735	360000
28576	360000
327991	360000
13807	360000
12709	360000
44416	360000
27919	360000
40526	360000
3754	360000
28554	360000
30818	360000
58941	360000
64220	360000
6307	360000
135262	360000
24703	360000
266167	360000
55182	360000
27925	360000
54827	360000
52579	359000
47481	357000
4657	352000
10158	350000
38333	350000
53037	350000
62668	350000
14492	349000
20144	348000
8308	347000
32286	345000
36236	345000
24751	344000
27589	342000
28330	342000
37417	342000
5391	340000
50643	340000
21413	340000
52696	340000
58243	340000
41206	340000
267484	340000
43729	340000
62044	340000
61323	340000
41018	339000
14340	338600
44843	336000
28649	336000
3320	333000
10098	330900
3300	330000
26496	330000
1241	330000
18278	330000
53240	330000
262731	330000
49824	330000
17583	330000
26446	330000
8968	329000
11666	328000
35745	326000
34610	324000
197888	324000
38107	320000
44684	320000
30041	320000
21232	320000
56396	320000
28191	320000
25019	320000
56444	320000
9605	320000
22616	320000
17922	319000
262760	318000
7600	318000
17665	316000
136784	315000
8674	314000
136557	313000
47422	313000
39642	310000
28229	310000
262664	310000
37693	310000
265399	310000
38987	308000
24324	306000
16570	306000
263421	302000
38327	302000
16700	300000
40029	300000
28665	300000
26120	300000
394497	300000
60169	300000
36873	300000
41194	300000
21808	300000
13000	298000
12859	297000
22691	297000
33011	297000
262865	297000
14361	294000
1239	294000
1828	294000
64315	293000
7782	290000
132215	290000
63516	290000
12847	290000
11550	290000
16110	290000
13786	290000
7475	288900
8487	288200
12310	288000
10029	288000
7311	288000
56258	288000
35761	288000
10003	288000
41552	284500
20121	284000
28125	282000
45352	281700
39899	280040
24916	280000
29009	280000
20773	280000
9264	280000
24277	280000
59384	280000
21488	280000
133403	280000
63290	280000
34058	280000
22697	280000
39251	280000
202409	280000
136907	280000
8540	280000
3701	279000
8399	279000
3302	279000
3262	279000
17547	279000
23930	279000
31463	279000
30539	279000
37678	279000
199319	279000
134697	278500
28201	277000
9749	275000
18283	274000
3257	273000
12654	270900
10835	270900
701	270000
2381	270000
237	270000
6695	270000
2529	270000
12306	270000
40511	270000
36944	270000
6473	270000
39605	270000
11403	270000
26163	270000
9008	270000
48918	270000
1406	270000
8530	270000
33083	270000
25148	270000
17534	270000
18268	270000
34056	270000
39545	270000
36012	270000
1422	270000
26677	270000
36280	270000
10302	270000
45031	270000
42000	270000
2614	270000
55569	270000
23786	270000
47708	270000
47264	270000
36222	270000
38651	270000
262403	270000
13825	270000
61374	270000
52752	270000
51409	270000
9993	270000
3128	270000
10578	270000
63270	270000
9997	270000
3252	270000
262485	270000
9834	270000
53078	270000
9029	270000
16851	270000
36734	270000
30028	270000
42981	270000
41508	270000
18747	270000
48956	270000
35434	270000
196729	270000
202103	270000
61157	270000
202196	270000
29107	270000
18255	270000
8819	270000
396356	270000
131937	270000
39507	270000
205139	270000
34305	270000
9957	269000
11142	269000
262847	266000
20459	264000
38758	263000
49290	262500
21777	261000
37613	261000
6677	260000
59900	260000
16735	260000
35805	260000
1659	260000
53152	260000
43656	260000
34120	260000
56931	260000
45011	260000
263616	260000
1836	259000
9246	259000
199503	259000
35575	255000
57866	255000
262505	254000
4780	252000
27955	252000
21409	250000
19318	250000
41420	250000
18450	250000
39444	250000
327901	250000
134139	250000
131912	250000
45269	250000
9457	250000
41275	250000
10010	250000
47195	248000
13896	247000
133120	245000
37358	241000
13370	240000
59536	240000
18200	240000
7671	240000
30950	240000
7162	240000
37892	240000
262343	240000
59460	240000
26133	240000
52468	240000
39551	240000
131934	240000
1759	240000
35640	240000
47872	240000
262532	238592
58057	238000
13009	234000
3225	234000
197727	233000
7713	231000
4818	230000
23783	230000
22742	230000
23114	230000
17882	230000
52751	230000
10002	230000
23778	230000
28370	230000
52908	230000
50050	230000
28166	228000
55329	228000
13122	227000
15763	226500
224	226000
12693	225000
132770	225000
266448	225000
19889	224000
61189	222000
12387	220000
40220	220000
54329	220000
19189	220000
262444	220000
21559	220000
23704	220000
199408	220000
37468	220000
133930	218000
52937	217500
42456	217300
59699	217200
42	216200
56308	216000
22363	216000
262732	216000
60474	215800
9297	215000
23105	213000
58307	212000
28258	211000
31727	210000
38322	210000
23089	210000
16243	210000
263055	210000
55785	210000
32505	210000
263998	210000
21367	210000
32233	210000
54198	210000
35709	210000
31898	210000
37697	210000
41096	208000
12350	207000
37150	207000
26613	207000
32217	207000
202004	206000
38861	206000
20910	205000
24709	204000
28605	204000
34803	202000
14537	201024
37254	201000
18150	200000
37105	200000
8544	200000
6679	200000
11835	200000
56329	200000
23314	200000
4557	200000
53147	200000
56309	200000
26077	200000
131160	200000
133496	200000
20394	200000
59783	200000
101	200000
44066	200000
15377	200000
376	200000
3303	199800
6663	199000
4770	199000
34245	198000
24852	198000
327698	198000
204053	198000
204222	198000
51060	198000
44646	198000
1280	197000
10021	196000
51706	196000
58396	196000
62040	193536
15399	193000
132255	193000
264493	193000
55720	192000
8343	191000
20804	191000
56828	191000
25818	190600
5541	190000
10094	190000
50629	190000
53115	190000
52689	190000
37515	190000
42504	190000
28145	190000
290	190000
263880	190000
24572	190000
199250	190000
40317	190000
40217	190000
137280	190000
7385	190000
10490	189000
7752	189000
16586	189000
27008	189000
4844	189000
16371	189000
13243	189000
4628	189000
22772	189000
25460	189000
57353	189000
50272	189000
262516	189000
28978	189000
51018	189000
262441	189000
49102	189000
199723	189000
200889	189000
60191	189000
262794	188320
327984	188000
50083	188000
24183	187000
197113	187000
15576	186000
37028	184400
11377	184320
7610	182720
262854	182000
39184	182000
200539	182000
23678	181000
9435	181000
9245	180900
8607	180000
15422	180000
25441	180000
25309	180000
35028	180000
16150	180000
3605	180000
8897	180000
27552	180000
6315	180000
15366	180000
16713	180000
30914	180000
25761	180000
12312	180000
31477	180000
16082	180000
5467	180000
20161	180000
8732	180000
2544	180000
2044	180000
21221	180000
12969	180000
855	180000
34594	180000
8608	180000
13868	180000
35819	180000
36416	180000
8057	180000
48971	180000
8903	180000
17514	180000
1930	180000
32869	180000
8896	180000
11030	180000
50295	180000
34555	180000
18678	180000
15474	180000
9186	180000
49788	180000
50821	180000
17955	180000
59835	180000
34456	180000
394739	180000
7642	180000
8821	180000
55480	180000
47155	180000
10297	180000
56030	180000
15440	180000
21099	180000
62047	180000
5619	180000
35017	180000
50606	180000
10973	180000
13730	180000
1251	180000
23316	180000
19169	180000
14265	180000
51243	180000
18129	180000
43833	180000
46043	180000
393223	180000
3333	180000
18978	180000
60955	180000
12996	180000
20836	180000
10019	180000
22799	180000
28224	180000
28667	180000
11815	180000
8055	180000
28668	180000
15502	180000
7057	180000
37596	180000
26609	180000
12338	180000
62752	180000
61231	180000
32204	180000
393523	180000
62715	180000
36112	180000
263311	180000
53597	180000
54665	180000
262434	180000
26479	180000
57864	180000
28349	180000
44356	180000
26292	180000
199860	180000
12670	180000
197013	180000
10733	180000
13739	180000
11468	180000
6994	180000
31950	180000
54527	180000
11924	180000
262696	180000
11280	180000
17310	180000
24611	180000
6325	180000
63124	180000
20952	180000
28310	180000
20850	180000
14627	180000
46435	180000
33713	180000
263535	180000
17809	180000
4809	180000
41046	180000
23669	180000
59899	180000
9615	180000
10001	180000
202119	180000
24249	180000
58589	180000
25083	180000
44914	180000
37439	180000
134053	180000
20717	180000
20715	180000
200852	180000
38924	180000
9146	180000
22442	180000
12735	180000
54290	180000
29866	180000
11240	180000
18419	180000
6122	180000
13977	180000
47438	180000
262457	180000
265206	180000
35205	180000
56890	180000
62499	180000
27618	180000
41549	180000
32212	180000
48793	180000
27216	180000
263482	180000
17726	180000
202895	180000
15669	180000
264437	180000
56282	180000
61584	180000
51619	180000
198537	180000
41026	180000
11014	180000
200594	180000
198948	180000
197667	180000
24271	180000
198418	180000
28545	180000
47254	180000
58863	180000
55805	180000
34092	180000
60860	180000
43509	180000
198525	180000
52106	180000
51636	180000
206890	180000
41160	180000
204126	180000
48503	180000
50705	180000
51390	180000
5582	180000
50767	180000
43571	180000
133206	180000
202228	180000
37701	180000
37699	180000
62622	180000
43679	180000
135814	180000
21171	180000
395466	180000
13381	180000
58942	180000
58943	180000
63839	180000
63832	180000
64219	180000
64216	180000
64222	180000
395081	180000
58548	180000
395383	180000
394625	180000
24745	180000
198551	180000
15924	180000
37340	180000
3662	180000
203165	180000
206548	180000
39431	180000
206314	180000
2590	180000
35614	180000
53231	180000
6917	180000
61917	180000
28658	180000
3479	180000
134312	180000
39840	180000
39871	180000
45187	180000
198371	180000
394308	180000
15659	180000
131920	180000
34612	180000
8895	180000
4673	180000
56635	180000
57279	180000
35539	180000
55872	180000
201105	180000
7337	180000
61053	180000
264450	180000
56864	180000
31004	180000
18390	180000
17608	180000
17889	180000
39798	180000
198612	180000
54578	180000
62282	180000
25454	180000
267530	180000
37317	180000
15624	180000
393979	180000
33166	180000
264023	180000
36493	180000
32564	180000
7838	180000
135662	180000
34702	180000
137562	180000
262456	180000
48287	180000
31200	180000
132692	180000
60893	180000
27745	180000
60415	180000
27924	179000
34577	178500
53187	177000
6619	176000
327824	176000
136119	174000
262594	172000
61438	171500
16839	171000
266211	171000
30212	170000
22561	170000
57169	170000
13360	170000
264543	170000
9946	170000
52531	170000
265130	170000
9694	170000
48452	170000
328278	170000
46276	170000
264270	170000
267590	170000
22438	169000
28130	169000
12470	169000
395561	168000
16211	166500
28359	166000
2857	165000
328146	165000
38623	164500
33763	164000
17356	164000
43607	164000
9293	163000
8763	162000
5564	162000
45437	162000
37157	162000
62455	162000
28131	162000
263544	162000
131744	162000
266341	161000
13536	160000
23700	160000
5056	160000
39090	160000
52962	160000
22085	160000
262699	160000
27364	160000
8387	160000
132323	160000
5518	160000
262676	160000
50153	160000
199585	160000
266409	160000
202120	160000
50073	160000
136838	160000
58713	160000
56318	160000
35237	160000
53156	160000
13329	160000
2682	160000
51048	160000
266444	160000
394073	160000
55943	160000
205881	160000
132528	160000
14593	160000
23540	160000
264150	160000
49624	160000
328437	160000
14061	160000
6799	160000
37611	160000
44654	159700
55581	159300
53171	158000
264005	155000
55666	155000
12676	153000
18059	153000
4851	153000
262548	153000
268331	151700
24535	151000
45931	150900
30972	150000
16245	150000
35916	150000
17506	150000
28309	150000
54540	150000
31115	150000
26827	150000
4581	150000
11708	150000
132934	150000
18274	150000
265496	150000
135739	150000
13767	150000
137912	150000
267624	150000
397095	150000
134220	150000
263271	150000
7381	150000
48422	150000
15598	150000
9416	149000
28250	149000
132453	148000
63859	148000
34934	147000
20960	147000
200043	144000
203658	144000
37700	144000
265061	144000
267201	144000
28134	143200
31257	142000
199434	142000
12455	142000
131745	141400
45629	141000
197133	140700
7784	140000
34106	140000
49835	140000
22652	140000
41572	140000
6739	140000
15497	140000
200052	140000
62523	140000
45356	140000
15054	140000
262983	140000
58708	140000
263516	140000
263427	140000
134033	140000
57249	140000
264582	140000
263347	140000
395332	140000
41691	140000
52766	140000
265359	140000
10947	140000
202414	140000
50698	140000
32798	140000
136518	140000
52007	140000
29588	140000
2526	140000
4652	140000
328170	140000
9795	140000
263779	140000
18676	140000
32415	140000
35619	139700
135060	138000
32299	137000
264460	136800
3462	136000
393891	136000
262744	135000
52439	135000
53196	135000
262715	135000
52930	135000
52940	135000
197588	135000
16374	135000
266131	135000
57463	133000
262409	132000
264052	132000
264397	131000
20771	130000
262765	130000
262293	130000
264359	130000
8680	130000
263321	130000
263982	130000
264367	130000
268221	130000
137557	130000
199995	130000
210278	130000
3856	129490
262725	129000
59842	128000
34087	127000
52662	126300
39792	126000
38583	126000
57119	126000
14380	126000
61573	126000
262365	126000
24186	126000
55359	126000
37273	124000
328242	124000
38511	123000
132476	122400
51918	122000
55862	122000
266498	122000
61512	121500
1342	121200
264564	121000
196879	121000
41690	120000
10594	120000
14793	120000
10075	120000
12360	120000
803	120000
18077	120000
44788	120000
38657	120000
4058	120000
27887	120000
28591	120000
15191	120000
262493	120000
199335	120000
262150	120000
52694	120000
61871	120000
263405	120000
46455	120000
36866	120000
264517	120000
263625	120000
264223	120000
59964	120000
41693	120000
265886	120000
210	120000
266156	120000
265019	120000
267075	120000
8369	120000
131627	120000
133380	120000
203942	120000
202709	120000
396125	120000
328417	120000
133898	120000
47478	120000
46375	120000
266453	120000
27984	120000
6846	120000
44061	120000
61201	120000
4857	120000
17717	120000
3238	120000
198792	120000
72	118000
5416	118000
20634	117000
25542	117000
13002	117000
4775	117000
14717	117000
12703	117000
37333	117000
12926	117000
52888	117000
28209	117000
14701	117000
5118	117000
63928	117000
197473	117000
44964	117000
39823	117000
39869	116000
262761	116000
38220	115000
15699	115000
17828	115000
263336	115000
45896	114000
7131	114000
51795	112500
267521	112000
263394	111000
263237	111000
9155	111000
28294	110480
262463	110240
29686	110000
24105	110000
6295	110000
20718	110000
59497	110000
263626	110000
14828	110000
64255	110000
198517	110000
264111	110000
266468	110000
6718	110000
264344	110000
25615	110000
7539	110000
61751	110000
136521	110000
52772	110000
35612	110000
263542	109500
33182	109000
39279	109000
24338	109000
52666	109000
133840	109000
262537	109000
34006	108990
398131	108500
43545	108400
5430	108000
6130	108000
17660	108000
20969	108000
4927	108000
43708	108000
34108	108000
8902	108000
58451	108000
34790	108000
8246	108000
21430	108000
49455	108000
57356	108000
14633	108000
58779	108000
58980	108000
262318	108000
198736	108000
263265	108000
28226	108000
201054	108000
263329	108000
199846	108000
35306	108000
197400	108000
265278	108000
7656	108000
8280	108000
57513	108000
2847	108000
39067	108000
202454	108000
137367	108000
46723	108000
21859	107000
28124	107000
200781	106000
41202	106000
49888	105300
8752	105000
55766	105000
34347	104000
12779	103000
264575	102048
13272	102000
44099	102000
37645	102000
42511	102000
9244	102000
43142	102000
48539	101376
327962	101376
327756	101376
23913	101000
132449	101000
8637	100480
9038	100300
7568	100000
13354	100000
20712	100000
31252	100000
45411	100000
19750	100000
28284	100000
25447	100000
22177	100000
15280	100000
62943	100000
53211	100000
58689	100000
35007	100000
264562	100000
201081	100000
61588	100000
58495	100000
267289	100000
137575	100000
58171	100000
14860	100000
9136	100000
8803	100000
20618	100000
56655	100000
4694	100000
268819	100000
209116	100000
134369	100000
32440	100000
262595	100000
23059	100000
32703	100000
24955	100000
5078	100000
8757	100000
29073	100000
33588	100000
327750	99216
2915	99000
2153	99000
16186	99000
4150	99000
286	99000
30827	99000
35244	99000
26785	99000
24167	99000
8788	99000
29611	99000
23171	99000
5631	99000
29141	99000
42093	99000
39637	99000
42612	99000
25151	99000
31167	99000
50572	99000
36149	99000
48850	99000
16175	99000
47408	99000
39904	99000
11233	99000
29834	99000
6777	99000
36817	99000
1126	99000
28287	99000
28132	99000
17625	99000
36907	99000
43406	99000
53889	99000
29462	99000
23550	99000
327745	99000
28110	99000
15008	99000
262454	99000
52660	99000
262288	99000
262481	99000
32867	99000
4678	99000
32338	99000
20904	99000
51055	99000
52438	99000
60610	99000
262388	99000
64044	99000
264268	99000
24651	99000
20412	99000
199803	99000
133421	99000
29522	99000
38197	99000
47551	99000
7540	99000
38714	99000
56949	99000
198151	99000
47252	99000
198389	99000
61709	99000
201290	99000
197592	99000
197747	99000
197262	99000
198401	99000
198040	99000
199754	99000
50550	99000
199978	99000
200176	99000
25509	99000
395400	99000
263396	99000
42490	99000
198380	99000
49409	99000
31726	99000
133616	99000
47626	99000
8194	99000
37720	99000
37675	99000
264138	99000
55259	99000
20764	98000
18229	98000
21485	98000
53587	98000
56449	98000
42947	98000
4589	98000
262706	97000
61094	97000
15188	97000
328216	97000
132894	96300
31708	96000
22556	96000
30851	96000
16206	96000
16178	96000
52866	96000
57731	96000
14576	96000
58376	96000
15447	95000
30813	94500
51948	94500
39351	94000
263584	94000
37451	94000
28169	93200
56246	93000
53195	93000
36923	93000
59288	93000
28183	92160
29918	92160
133001	92160
262691	92160
61686	92160
196695	92160
53107	92160
24043	92000
57151	92000
45280	92000
51263	92000
207073	92000
138064	92000
17306	91440
132976	91024
132857	91000
58299	91000
18351	91000
28154	91000
64475	91000
204805	91000
42669	90900
131296	90480
197091	90030
60261	90000
55429	90000
63311	90000
7091	90000
8560	90000
8190	90000
5605	90000
30176	90000
26347	90000
29748	90000
21947	90000
12008	90000
35985	90000
23686	90000
24121	90000
9989	90000
11537	90000
24931	90000
6623	90000
23260	90000
31736	90000
394070	90000
17645	90000
36683	90000
6423	90000
31400	90000
3512	90000
29208	90000
24642	90000
35843	90000
43683	90000
5539	90000
26792	90000
39598	90000
23265	90000
13041	90000
43284	90000
16814	90000
5577	90000
42227	90000
35332	90000
11051	90000
42184	90000
13692	90000
8744	90000
29562	90000
47172	90000
47841	90000
47215	90000
11995	90000
47344	90000
33737	90000
48943	90000
46484	90000
47490	90000
11664	90000
45668	90000
38478	90000
33139	90000
20985	90000
33796	90000
12316	90000
47143	90000
11071	90000
21250	90000
12188	90000
33470	90000
41601	90000
52892	90000
11922	90000
59895	90000
11798	90000
29404	90000
22546	90000
53131	90000
513	90000
46849	90000
22653	90000
14116	90000
45711	90000
8728	90000
13703	90000
44160	90000
53070	90000
29037	90000
49895	90000
46793	90000
16095	90000
19531	90000
40581	90000
51929	90000
6723	90000
23627	90000
13857	90000
21525	90000
24554	90000
19844	90000
10024	90000
41412	90000
25764	90000
6336	90000
12578	90000
600	90000
53175	90000
32613	90000
23816	90000
19782	90000
37235	90000
27947	90000
197377	90000
48500	90000
17246	90000
32365	90000
54154	90000
26167	90000
10653	90000
45634	90000
43852	90000
34270	90000
54652	90000
21412	90000
18199	90000
25780	90000
9584	90000
53306	90000
8823	90000
53100	90000
1120	90000
44858	90000
12033	90000
11242	90000
42239	90000
54376	90000
50673	90000
48559	90000
16724	90000
132267	90000
10102	90000
54327	90000
63060	90000
57187	90000
7849	90000
58656	90000
199339	90000
25273	90000
58010	90000
60717	90000
27026	90000
41281	90000
8245	90000
57068	90000
18049	90000
33604	90000
28277	90000
28153	90000
262777	90000
28306	90000
262903	90000
28571	90000
262780	90000
14571	90000
12536	90000
53080	90000
11475	90000
10996	90000
17685	90000
38043	90000
57029	90000
11081	90000
199364	90000
29485	90000
54929	90000
29933	90000
262333	90000
14103	90000
57193	90000
40700	90000
33606	90000
55923	90000
36444	90000
18516	90000
32421	90000
33515	90000
40413	90000
10993	90000
37619	90000
23274	90000
26288	90000
62915	90000
25653	90000
5664	90000
28366	90000
196844	90000
53143	90000
40676	90000
262704	90000
31877	90000
32479	90000
32100	90000
262259	90000
15267	90000
22921	90000
15108	90000
52251	90000
18094	90000
133534	90000
262620	90000
10886	90000
53221	90000
27833	90000
20207	90000
6368	90000
262724	90000
52558	90000
14463	90000
24730	90000
61951	90000
11414	90000
133579	90000
57963	90000
198203	90000
62469	90000
30466	90000
262989	90000
52846	90000
262377	90000
42775	90000
43317	90000
54002	90000
262402	90000
264531	90000
264492	90000
53224	90000
53122	90000
262675	90000
27768	90000
36445	90000
133420	90000
28163	90000
61950	90000
9022	90000
199256	90000
262667	90000
62183	90000
50148	90000
56301	90000
28066	90000
32710	90000
24278	90000
133873	90000
49063	90000
198477	90000
10481	90000
42845	90000
11976	90000
327893	90000
5690	90000
16832	90000
40028	90000
393965	90000
61244	90000
15433	90000
9999	90000
25068	90000
262256	90000
263587	90000
134363	90000
42567	90000
31769	90000
263668	90000
4043	90000
263789	90000
18616	90000
25003	90000
132167	90000
48642	90000
26271	90000
59	90000
819	90000
32277	90000
263822	90000
6561	90000
61942	90000
263569	90000
29244	90000
263797	90000
25165	90000
25227	90000
201602	90000
133959	90000
198785	90000
7687	90000
11174	90000
8714	90000
42334	90000
16130	90000
43391	90000
58815	90000
263363	90000
28270	90000
28308	90000
11279	90000
53407	90000
262413	90000
35998	90000
17429	90000
29788	90000
19082	90000
15102	90000
55270	90000
21632	90000
25248	90000
52726	90000
51164	90000
52363	90000
20559	90000
133590	90000
18683	90000
54661	90000
19689	90000
135246	90000
52794	90000
134809	90000
52519	90000
8008	90000
394437	90000
328400	90000
264016	90000
52878	90000
58762	90000
45684	90000
202831	90000
52989	90000
197524	90000
45775	90000
264961	90000
201782	90000
327952	90000
52981	90000
61836	90000
62818	90000
198235	90000
199494	90000
51394	90000
133652	90000
32165	90000
27895	90000
10299	90000
197615	90000
43733	90000
32743	90000
264768	90000
58965	90000
27951	90000
46692	90000
57608	90000
262186	90000
27272	90000
263674	90000
35760	90000
50533	90000
40731	90000
200414	90000
199551	90000
51337	90000
134012	90000
35891	90000
60098	90000
29974	90000
262791	90000
35491	90000
60884	90000
57033	90000
394141	90000
27382	90000
36008	90000
55957	90000
11109	90000
206758	90000
52195	90000
265065	90000
199226	90000
7004	90000
57478	90000
60534	90000
27964	90000
39716	90000
41966	90000
59862	90000
202220	90000
7806	90000
395573	90000
395768	90000
264811	90000
52153	90000
262766	90000
50411	90000
41319	90000
395470	90000
265303	90000
17077	90000
395578	90000
50017	90000
42667	90000
135292	90000
263702	90000
49565	90000
23423	90000
395880	90000
134674	90000
1101	90000
11178	90000
23307	90000
59060	90000
197672	90000
51648	90000
13838	90000
202050	90000
395719	90000
133952	90000
394740	90000
57219	90000
201026	90000
394676	90000
34296	90000
14832	90000
58906	90000
29614	90000
6503	90000
61826	90000
45265	90000
12687	90000
12690	90000
25385	90000
44692	90000
202169	90000
131915	90000
202761	90000
131916	90000
265101	90000
196749	90000
205811	90000
61521	90000
328064	90000
196865	90000
135278	90000
27553	90000
53591	90000
53189	90000
135011	90000
265478	90000
198604	90000
38627	90000
23419	90000
24251	90000
262643	90000
7514	90000
28032	90000
206299	90000
36515	90000
50270	90000
28114	90000
63772	90000
328036	90000
6712	90000
22908	90000
41138	90000
17303	90000
38851	90000
52542	90000
53454	90000
6752	90000
265436	90000
198496	90000
56972	90000
42812	90000
327790	90000
393455	90000
41480	90000
265021	90000
46155	90000
40545	90000
62632	90000
53338	90000
35518	90000
394146	90000
62406	90000
25190	90000
266995	90000
19465	90000
27286	90000
137250	90000
40773	90000
54483	90000
13415	90000
61943	90000
204789	90000
266420	90000
204821	90000
199421	90000
32389	90000
200478	90000
15011	90000
49020	90000
267196	90000
44979	90000
20874	90000
266977	90000
267452	90000
263985	90000
134739	90000
263523	90000
205100	90000
43848	90000
31236	90000
196776	90000
5760	90000
31445	90000
23777	90000
51790	90000
132890	90000
394140	90000
27660	90000
63131	90000
263461	90000
64233	90000
63774	90000
267428	90000
38949	90000
41006	90000
197155	90000
265999	90000
134895	90000
202006	90000
51920	90000
1226	90000
262662	90000
25637	90000
47723	90000
37897	90000
11077	90000
262970	90000
131273	90000
197294	90000
265032	90000
18024	90000
131933	90000
54086	90000
57424	90000
200185	90000
55140	90000
265086	90000
136769	90000
40339	90000
196819	90000
29091	90000
11635	90000
132491	90000
263250	90000
29689	90000
198426	90000
27255	90000
134359	90000
49457	90000
61462	90000
138147	90000
41033	90000
47095	90000
59371	90000
397116	90000
202281	90000
267587	90000
131895	90000
196714	90000
197146	90000
209835	90000
44358	90000
50794	90000
9976	90000
266608	90000
24532	90000
45298	90000
262429	89000
62597	89000
264598	88480
25459	88000
37276	88000
200668	88000
202805	88000
58821	88000
55674	87700
135697	87000
47275	85400
50472	85200
263154	85000
264127	85000
50316	84700
208477	84500
7500	84000
53102	84000
38769	84000
48011	84000
3549	84000
57896	83000
53172	83000
62275	83000
132137	82944
17483	82000
56099	82000
132771	82000
29608	81900
13657	81000
2685	81000
25466	81000
12042	81000
49349	81000
11123	81000
53349	81000
11195	81000
262230	81000
133324	81000
13549	81000
18615	81000
57613	81000
61478	81000
31617	81000
6405	80000
20080	80000
26914	80000
7303	80000
18530	80000
42005	80000
9137	80000
35470	80000
18400	80000
59940	80000
62239	80000
24309	80000
134055	80000
25961	80000
133934	80000
19310	80000
64223	80000
48716	80000
25472	80000
55507	80000
262316	80000
136026	80000
31857	80000
48408	80000
131914	80000
197902	80000
396503	80000
63343	80000
15426	80000
28319	80000
268267	80000
20846	80000
11751	80000
32067	80000
3145	80000
201447	80000
394449	80000
46950	80000
56373	80000
50554	80000
63298	80000
30168	80000
35795	80000
12459	80000
264679	80000
9910	80000
132808	80000
57073	80000
33044	80000
52760	80000
23808	80000
197522	80000
53052	80000
23618	80000
207972	80000
262964	80000
328388	80000
37020	80000
39065	80000
3223	80000
27901	80000
13649	80000
35176	80000
60171	80000
3910	80000
61012	80000
8647	80000
6648	79000
12684	79000
40300	79000
53589	79000
33725	79000
199496	79000
262352	78192
132146	78000
198910	78000
45305	78000
36143	77000
33302	77000
23871	76200
51944	76000
262394	76000
53246	76000
21709	75000
53130	75000
263990	75000
55814	75000
328327	75000
25482	74752
51784	74200
52685	74000
52858	74000
39806	74000
205081	74000
3908	74000
4007	73300
21267	73000
202566	73000
15772	73000
33480	72384
21069	72000
14609	72000
35833	72000
8723	72000
21724	72000
19117	72000
26531	72000
54225	72000
61287	72000
21880	72000
262733	72000
63028	72000
35074	72000
61211	72000
327826	72000
327794	72000
202020	72000
262474	72000
201838	72000
59945	72000
57121	72000
263793	72000
262610	72000
35940	72000
43500	71680
61666	71680
11062	71680
264404	71680
6738	71300
10204	71000
264425	71000
13054	70400
28219	70010
30740	70000
20495	70000
15743	70000
18209	70000
39138	70000
9621	70000
14877	70000
23106	70000
262420	70000
4540	70000
17997	70000
196968	70000
203629	70000
52686	70000
29465	70000
262692	70000
206499	70000
328145	70000
264294	70000
199330	70000
60890	70000
135607	70000
267095	70000
22324	70000
18407	70000
23379	70000
266430	70000
20919	70000
39337	70000
393434	70000
37545	70000
2588	70000
266961	70000
266144	70000
266721	70000
19186	70000
3132	70000
268133	70000
29900	70000
25837	70000
266968	70000
23775	70000
210264	70000
264398	70000
265294	70000
397544	70000
265892	70000
51520	70000
17197	70000
328480	70000
131896	70000
264210	70000
266192	70000
209208	70000
2675	70000
57276	70000
16342	70000
9952	70000
267348	70000
41327	70000
24429	70000
263009	70000
37154	69000
58940	68000
265147	68000
31800	66900
198440	66000
48728	66000
53066	66000
59214	66000
132931	66000
133658	66000
263445	66000
39192	66000
49028	66000
6798	66000
268952	65000
45194	64512
134881	64512
26838	63072
20811	63000
39543	63000
60690	63000
28037	63000
9652	63000
262494	63000
56286	63000
52643	63000
266152	63000
37786	63000
264524	63000
58477	63000
133676	62000
37294	62000
8220	62000
33920	61000
17978	61000
7606	61000
137166	60416
33130	60300
21392	60000
4764	60000
48268	60000
2602	60000
12941	60000
23465	60000
62874	60000
56910	60000
264360	60000
33808	60000
262979	60000
263314	60000
52968	60000
59444	60000
263483	60000
53199	60000
200064	60000
263961	60000
263411	60000
204861	60000
396040	60000
60051	60000
54574	60000
39335	60000
48438	60000
40244	60000
36813	60000
209813	60000
35913	60000
6696	60000
14726	60000
37653	60000
267593	60000
265954	60000
267360	60000
328517	60000
263852	60000
204006	60000
208431	60000
26484	60000
266927	60000
266480	60000
15391	60000
37110	60000
46475	60000
199362	60000
19045	60000
14288	60000
7941	60000
19306	60000
138840	60000
267055	60000
264939	60000
264998	60000
137373	60000
328538	60000
37453	60000
39902	60000
133339	60000
397806	60000
7065	60000
16030	60000
13194	60000
33873	60000
55803	60000
28178	60000
133385	60000
37199	60000
64476	60000
134705	60000
23947	60000
262819	59000
52977	58500
7521	58000
7048	57000
394530	57000
58820	56000
61730	56000
58650	56000
57723	55192
2134	55000
264491	55000
199659	54900
263531	54500
52661	54288
327992	54096
21396	54000
10881	54000
18779	54000
57928	54000
56229	54000
264228	54000
49638	54000
262417	54000
327950	54000
38541	54000
59953	54000
43760	54000
263591	54000
263647	54000
266263	54000
51945	53700
42004	53000
263649	53000
42692	53000
8943	52000
7005	52000
37195	52000
39479	52000
50618	52000
262488	51384
18886	51200
17439	51200
13680	51000
9313	51000
61570	51000
268323	51000
262828	50500
56381	50200
16265	50000
41913	50000
39591	50000
55879	50000
58587	50000
262750	50000
25375	50000
133854	50000
28352	50000
265429	50000
45118	50000
137331	50000
267399	50000
264017	50000
29802	50000
196954	50000
42705	50000
264186	50000
207054	50000
12796	50000
205813	50000
209328	50000
328536	50000
45278	50000
27979	50000
57844	50000
43060	50000
205473	50000
35425	50000
262808	50000
15211	49000
23756	49000
45769	49000
262721	49000
9201	49000
29014	48000
23860	48000
136696	48000
137142	48000
266347	48000
44953	47000
15734	47000
61888	46500
263442	46500
28890	46500
24521	46000
48072	45700
206184	45056
5459	45000
29551	45000
29668	45000
42455	45000
33843	45000
5524	45000
53563	45000
49909	45000
5396	45000
262673	45000
263801	45000
17426	45000
263661	45000
51681	45000
11647	45000
36914	45000
264577	45000
50231	45000
131607	45000
262268	45000
61006	45000
52339	45000
45349	45000
49296	45000
267280	45000
57877	45000
265484	45000
59156	45000
44980	44000
6643	44000
51290	43000
48292	42000
131755	42000
203421	42000
264514	42000
262901	42000
58868	42000
12597	41000
198781	41000
13150	41000
134316	41000
266713	41000
33452	41000
12773	41000
31595	40500
262539	40500
55653	40500
22534	40010
262822	40000
45498	40000
53008	40000
134732	40000
199610	40000
328065	40000
133613	40000
38442	40000
24173	40000
263196	40000
263947	40000
263840	40000
133410	40000
47203	40000
394302	40000
6059	40000
202596	40000
10279	40000
10099	40000
45361	40000
32621	40000
48128	40000
135010	40000
267522	40000
52639	40000
41985	40000
20657	40000
327738	40000
2731	40000
45705	40000
31202	40000
396501	40000
29357	40000
50475	40000
14979	40000
53764	40000
9891	40000
35137	40000
35847	40000
207353	40000
8435	40000
265135	40000
14824	40000
4693	40000
198605	40000
198726	40000
23805	40000
131322	40000
328365	40000
53097	39600
48424	39600
33748	39000
9280	39000
9785	39000
55219	39000
262346	39000
263833	39000
38896	39000
9326	39000
58392	39000
63862	39000
24157	39000
34135	38700
43100	38000
262464	38000
7020	38000
262893	38000
263270	38000
131758	38000
31078	37800
44123	37800
53237	37350
9658	37000
59165	37000
138816	37000
30071	36900
61134	36864
52475	36864
263089	36300
53142	36144
3213	36000
20640	36000
35706	36000
41692	36000
33079	36000
24047	36000
25061	36000
21513	36000
39301	36000
8664	36000
32880	36000
34171	36000
25295	36000
42303	36000
55518	36000
20722	36000
197000	36000
8677	36000
55555	36000
29545	36000
47622	36000
29680	36000
20365	36000
133075	36000
199947	36000
262862	36000
393513	36000
27940	36000
28009	36000
263076	36000
327813	36000
53708	36000
38565	36000
4508	36000
55521	36000
52444	36000
30798	36000
28257	36000
32160	36000
201106	36000
37342	36000
45686	36000
264765	36000
48727	36000
14522	36000
24536	36000
206342	36000
262509	36000
328156	36000
18422	36000
263776	36000
61822	36000
205344	36000
265656	36000
23815	36000
133838	36000
198857	35400
34011	35000
52973	35000
53050	35000
9830	35000
264925	34872
265426	34672
31250	34500
264552	34200
28773	34000
52932	34000
263774	34000
33544	34000
51646	33000
52539	33000
132847	33000
136093	33000
59279	33000
38280	32000
16253	32000
8301	32000
45287	32000
203687	32000
28656	32000
8368	32000
262591	32000
47096	32000
263478	31200
21263	31100
49405	31000
17671	31000
203140	31000
136873	31000
59347	31000
45766	31000
328164	30720
265451	30720
45528	30720
7908	30000
250	30000
42459	30000
45763	30000
28279	30000
5505	30000
262730	30000
55685	30000
61928	30000
52765	30000
55256	30000
61582	30000
37479	30000
137410	30000
138570	30000
266972	30000
53356	30000
268548	30000
11272	30000
138576	30000
1916	30000
7516	30000
21277	30000
201102	30000
207199	30000
46595	30000
134618	30000
139225	30000
37680	30000
52951	30000
263518	30000
262900	30000
268749	30000
269462	30000
263067	30000
269499	30000
46023	30000
138839	30000
20001	30000
19035	30000
62712	30000
59276	30000
133803	30000
17995	30000
378	30000
36311	30000
210142	30000
33951	30000
57999	30000
265383	30000
265038	30000
16604	30000
19754	30000
16803	30000
267	30000
23486	30000
45754	30000
45804	30000
133296	30000
12883	30000
393573	30000
395471	30000
37783	30000
328395	30000
37682	30000
196755	30000
35699	30000
139970	30000
267815	30000
56264	30000
43533	30000
32261	30000
44291	30000
197301	30000
28265	30000
18881	30000
40328	30000
58678	30000
393670	30000
134014	30000
58659	30000
33771	30000
263151	30000
17253	30000
267513	30000
136522	30000
205099	30000
9374	30000
4647	30000
137079	30000
49463	29700
262684	29500
56665	29400
30880	28800
197692	28800
51254	28800
37996	28000
17666	28000
38753	28000
32563	28000
53139	28000
10022	28000
17482	28000
267554	28000
22873	27900
31235	27900
200794	27900
53165	27800
43019	27700
262336	27648
12902	27000
15657	27000
2128	27000
33419	27000
34119	27000
15766	27000
41391	27000
8784	27000
25593	27000
8513	27000
13135	27000
8553	27000
20915	27000
37986	27000
39636	27000
13826	27000
27822	27000
43013	27000
34304	27000
18559	27000
4677	27000
51906	27000
23074	27000
55644	27000
39287	27000
43858	27000
37519	27000
197617	27000
54119	27000
45348	27000
46156	27000
11179	27000
53169	27000
52352	27000
27879	27000
28590	27000
53218	27000
38289	27000
24195	27000
47027	27000
549	27000
23628	27000
9519	27000
3067	27000
34768	27000
133720	27000
262993	27000
203086	27000
36868	27000
35313	27000
49787	27000
134622	27000
135484	27000
198091	27000
37482	27000
197447	27000
61968	27000
263251	27000
266177	27000
39816	27000
45707	27000
62227	27000
136302	27000
48067	27000
197204	27000
264415	26600
15589	26406
57633	26000
37090	26000
132220	26000
18103	26000
21140	26000
328351	26000
206478	26000
38147	26000
135582	26000
38809	25500
2595	25000
23661	25000
43890	25000
53230	25000
136373	25000
47680	25000
51569	25000
45288	25000
4434	24120
30132	24000
17920	24000
8545	24000
50837	24000
53088	24000
52911	24000
9129	24000
139967	24000
138100	24000
266346	23500
56550	23500
34624	23100
6851	23000
43323	23000
12143	23000
60602	23000
23951	23000
8565	22700
13237	22500
28657	22500
44431	22500
135526	22500
134021	22000
136841	22000
39505	22000
12491	22000
9381	22000
38527	22000
327907	22000
8612	22000
24204	21700
38310	21504
55832	21288
31126	21180
58404	21000
43942	21000
36731	21000
52965	21000
263308	21000
25943	21000
262902	21000
262374	21000
36965	21000
35695	21000
265972	21000
137352	21000
137121	21000
204196	21000
138296	21000
263378	21000
32437	21000
208751	21000
26451	21000
37980	21000
2593	21000
32244	21000
14551	20900
35655	20500
133275	20480
209218	20054
262952	20000
48504	20000
46886	20000
201754	20000
262770	20000
132004	20000
266400	20000
203261	20000
136377	20000
262453	20000
394151	20000
268126	20000
64115	20000
1640	20000
54506	20000
33164	20000
12857	20000
207588	20000
131960	20000
266059	20000
270299	20000
264596	20000
269208	20000
24299	20000
38081	20000
62819	20000
9751	20000
37356	20000
64313	20000
60816	20000
267278	20000
55003	20000
56668	20000
19551	20000
137001	20000
263155	20000
11767	20000
31042	20000
56528	20000
139734	20000
13681	20000
49192	20000
22941	20000
31452	20000
6515	20000
210323	20000
34718	20000
29785	20000
327849	20000
37529	20000
55002	20000
265974	20000
27688	20000
3242	20000
42064	20000
264570	20000
267032	20000
24008	20000
31169	20000
25374	20000
15960	20000
39029	20000
3737	20000
10103	20000
22591	20000
17378	20000
33445	20000
41088	20000
51088	20000
32097	20000
11383	20000
51395	20000
5662	20000
17707	20000
199524	20000
44513	20000
58715	20000
30259	20000
62240	20000
59112	20000
32425	20000
262868	20000
49690	20000
17113	20000
133315	20000
61805	20000
263049	20000
264331	20000
263124	20000
134293	20000
394994	20000
135193	20000
206125	20000
202766	20000
133680	20000
58430	20000
393420	20000
135098	20000
25853	20000
200738	20000
61873	20000
134715	20000
44030	20000
47043	20000
14642	20000
263258	20000
52201	20000
31430	20000
31122	20000
25091	20000
4721	20000
17939	20000
38195	20000
8660	20000
61174	20000
15738	20000
62856	20000
61186	20000
135126	20000
265962	20000
9104	19800
41090	19800
24028	19800
44295	19800
199660	19800
199150	19800
28065	19500
9153	19100
328160	19100
3561	19000
4777	19000
262792	19000
49605	19000
47727	19000
37656	19000
200428	19000
264518	19000
8554	18900
33845	18900
29286	18900
53116	18900
16191	18900
34683	18900
41153	18900
27865	18900
10135	18900
4765	18900
44514	18500
263739	18434
10704	18432
17754	18432
263589	18432
265141	18432
328032	18432
52300	18432
203885	18432
56507	18432
328423	18432
58408	18216
262557	18200
136632	18192
20799	18000
29452	18000
15290	18000
14280	18000
5409	18000
8195	18000
3224	18000
33811	18000
7829	18000
16467	18000
53459	18000
33082	18000
23712	18000
33072	18000
30129	18000
30134	18000
30128	18000
52243	18000
33558	18000
23711	18000
23709	18000
30962	18000
16842	18000
9710	18000
2863	18000
39104	18000
28001	18000
31383	18000
26228	18000
8222	18000
25152	18000
12634	18000
34997	18000
34021	18000
34781	18000
15782	18000
13284	18000
29083	18000
35156	18000
24973	18000
25976	18000
41960	18000
11190	18000
45037	18000
35584	18000
40015	18000
9583	18000
23752	18000
29846	18000
48484	18000
37652	18000
11796	18000
50032	18000
13722	18000
47836	18000
23829	18000
30295	18000
17961	18000
8587	18000
53424	18000
24753	18000
16523	18000
35719	18000
24951	18000
50244	18000
50763	18000
14232	18000
33835	18000
44902	18000
38437	18000
41289	18000
45816	18000
13157	18000
31662	18000
17088	18000
12775	18000
57315	18000
1304	18000
51896	18000
51483	18000
37312	18000
45932	18000
53727	18000
9123	18000
197422	18000
24029	18000
49604	18000
23949	18000
27665	18000
6660	18000
58560	18000
52462	18000
42204	18000
33125	18000
24518	18000
24550	18000
44608	18000
35799	18000
15072	18000
56990	18000
18206	18000
49300	18000
39783	18000
198423	18000
12290	18000
20555	18000
16168	18000
42400	18000
8789	18000
31328	18000
59410	18000
12502	18000
29263	18000
51406	18000
16174	18000
50737	18000
9328	18000
35834	18000
197653	18000
43190	18000
53698	18000
35180	18000
48972	18000
25093	18000
5602	18000
43252	18000
28757	18000
53494	18000
59620	18000
49360	18000
28239	18000
28141	18000
53140	18000
133023	18000
132837	18000
53869	18000
3324	18000
9165	18000
3220	18000
54643	18000
37628	18000
10133	18000
54523	18000
41847	18000
262500	18000
53861	18000
29881	18000
263499	18000
133389	18000
53178	18000
28615	18000
62838	18000
37775	18000
29583	18000
262933	18000
63034	18000
47228	18000
23673	18000
62537	18000
52431	18000
7772	18000
262737	18000
10617	18000
52323	18000
202042	18000
61924	18000
17069	18000
52877	18000
36898	18000
16162	18000
60899	18000
28216	18000
18046	18000
131584	18000
41059	18000
201791	18000
56182	18000
28327	18000
264470	18000
26563	18000
18393	18000
39072	18000
200700	18000
55427	18000
62502	18000
58627	18000
327939	18000
31459	18000
36909	18000
59933	18000
393874	18000
203851	18000
264590	18000
393350	18000
134295	18000
262645	18000
55699	18000
61397	18000
43558	18000
393662	18000
328023	18000
264723	18000
13006	18000
201990	18000
28323	18000
18840	18000
11399	18000
204019	18000
35585	18000
52079	18000
198416	18000
22518	18000
199410	18000
45561	18000
47627	18000
15190	18000
135543	18000
63529	18000
60458	18000
263070	18000
198391	18000
37324	18000
9893	18000
21774	18000
203741	18000
206894	18000
52009	18000
197418	18000
199413	18000
39107	18000
199338	18000
56783	18000
48742	18000
11046	18000
40752	18000
39560	18000
52101	18000
203548	18000
327751	18000
203230	18000
39729	18000
57221	18000
203223	18000
8550	18000
132734	18000
207101	18000
133660	18000
134707	18000
23169	18000
198591	18000
44974	18000
44503	18000
199451	18000
39566	18000
202971	18000
41882	18000
52909	18000
266630	18000
262195	18000
206373	18000
58894	18000
42180	18000
26198	18000
263675	18000
263728	18000
5401	18000
264815	18000
52680	18000
264923	18000
36640	18000
135301	18000
58927	18000
60430	18000
262518	18000
198891	18000
12630	18000
15035	18000
205296	18000
64234	18000
265806	18000
17537	18000
206442	18000
200480	18000
135869	18000
134856	18000
5500	18000
197645	18000
204536	18000
266866	18000
58146	18000
138174	18000
55679	18000
135843	18000
12565	18000
18350	18000
138009	18000
58460	18000
200278	18000
8393	18000
5406	18000
205442	18000
138995	18000
58482	18000
30999	17200
138211	17200
34486	17000
38235	17000
45839	17000
37002	17000
60134	17000
202867	17000
48685	17000
49088	17000
263283	17000
36217	16900
31543	16900
4608	16800
20832	16200
50467	16100
15594	16000
33077	16000
14390	16000
26788	16000
8038	16000
36943	16000
199283	16000
28207	16000
198184	16000
58910	16000
38506	16000
55652	16000
29104	16000
37576	16000
134325	16000
60670	16000
200438	16000
60917	16000
52967	16000
265699	16000
137246	16000
137851	16000
51023	16000
264996	16000
45937	16000
133971	16000
29424	16000
268503	16000
24132	16000
263869	16000
55247	16000
28244	16000
29838	16000
48920	15900
202322	15800
25471	15600
20621	15500
205388	15400
21101	15200
31715	15000
12835	15000
15692	15000
4666	15000
45725	15000
59185	15000
22080	15000
38200	15000
262296	15000
45706	15000
48846	15000
137295	15000
138359	15000
37347	15000
262889	15000
209400	15000
34569	15000
206404	15000
265158	15000
269060	15000
38524	15000
201214	15000
17374	14900
201877	14800
52869	14336
266470	14288
134375	14096
30123	14000
58406	14000
35223	14000
50683	14000
44314	14000
51514	14000
49792	14000
133881	14000
28073	14000
201508	14000
59954	14000
25590	14000
137080	14000
135419	14000
209261	14000
42300	14000
206640	14000
394914	14000
397524	14000
33791	14000
28292	14000
17473	13800
7717	13700
3599	13500
48712	13500
47850	13500
327922	13500
44141	13100
267588	13001
8491	13000
7597	13000
201333	13000
7628	13000
136885	13000
267088	13000
131775	13000
135232	13000
263480	13000
37627	13000
328237	13000
29446	13000
37109	13000
134009	13000
198093	12900
132923	12288
52458	12200
200983	12100
42476	12000
29215	12000
40528	12000
16876	12000
25572	12000
27916	12000
7522	12000
8859	12000
28165	12000
5017	12000
24523	12000
20928	12000
54042	12000
263393	12000
264130	12000
203640	12000
133797	12000
23696	12000
42228	12000
202918	12000
131303	12000
45650	12000
262811	12000
262755	12000
267102	12000
61929	12000
58750	12000
200392	12000
209086	12000
267117	12000
34936	12000
55670	12000
131717	12000
45312	12000
138829	12000
58500	12000
16685	12000
45184	12000
37053	12000
2484	11900
196689	11500
266374	11264
43599	11200
50620	11000
28707	11000
39310	11000
132774	11000
52625	11000
22750	11000
5692	11000
47169	11000
53197	11000
264009	11000
135465	11000
262788	11000
266028	11000
43369	11000
14259	11000
394330	11000
328051	11000
133648	11000
8486	11000
9448	11000
7631	10900
23541	10800
44583	10800
50858	10800
45950	10800
38477	10800
21351	10800
198271	10800
48374	10800
135423	10800
22989	10240
133664	10240
59816	10240
137627	10240
61895	10240
53112	10240
262743	10240
27789	10216
268568	10200
133718	10144
204264	10116
132901	10116
30447	10080
24557	10000
24077	10000
9497	10000
28859	10000
25473	10000
17444	10000
5071	10000
40739	10000
39318	10000
54415	10000
12975	10000
52550	10000
132919	10000
60157	10000
16039	10000
327943	10000
7489	10000
134929	10000
2606	10000
264295	10000
265030	10000
266044	10000
28139	10000
264297	10000
60945	10000
397715	10000
22798	10000
133817	10000
61064	10000
64300	10000
39923	10000
209752	10000
139075	10000
12365	10000
34762	10000
55352	10000
262772	10000
262387	10000
134326	10000
262612	10000
263495	10000
35280	10000
61056	10000
265188	10000
133372	10000
393490	10000
56583	10000
262470	10000
267242	10000
269075	10000
135760	10000
394581	10000
262898	10000
266298	10000
29129	10000
207310	10000
42156	10000
140362	10000
270436	10000
328633	10000
56472	10000
207274	10000
268546	10000
328598	10000
1410	10000
47116	10000
61602	10000
26388	10000
13951	10000
30622	10000
266853	10000
135223	10000
204526	10000
3214	10000
34655	10000
12586	10000
13618	10000
15808	10000
271	10000
41349	10000
17604	10000
5583	10000
19969	10000
29154	10000
8793	10000
198408	10000
22302	10000
58882	10000
23688	10000
327930	10000
133100	10000
1351	10000
20205	10000
9607	10000
133968	10000
132031	10000
50782	10000
134858	10000
19711	10000
135753	10000
197140	10000
328176	10000
3580	10000
45355	10000
33922	10000
134937	10000
21211	10000
38067	10000
43513	10000
328204	10000
328341	10000
138041	10000
268430	10000
60371	10000
52637	10000
53086	10000
266225	10000
11661	10000
49004	10000
9092	9900
2500	9900
20917	9900
29246	9900
17435	9900
39600	9900
31576	9900
29513	9900
44334	9900
14500	9900
16218	9900
16363	9900
199248	9900
199396	9900
62336	9900
198334	9900
32614	9900
23774	9900
23666	9900
327700	9900
133173	9900
13226	9800
18104	9700
50796	9700
35184	9216
56209	9216
27932	9216
263128	9216
262753	9216
12305	9216
26068	9216
28438	9216
263917	9216
44084	9216
41522	9216
135253	9216
198216	9216
29245	9216
58725	9216
135861	9216
37030	9216
30988	9216
57079	9216
28639	9216
136330	9216
25328	9216
267121	9216
136533	9216
136480	9216
133967	9216
263459	9216
50857	9200
34458	9100
266092	9100
37650	9090
58683	9000
19817	9000
10255	9000
12059	9000
28877	9000
31216	9000
16559	9000
13101	9000
19752	9000
3043	9000
25975	9000
5462	9000
20704	9000
8804	9000
4837	9000
10848	9000
31661	9000
5418	9000
26627	9000
14833	9000
19214	9000
25286	9000
32105	9000
40193	9000
46199	9000
15149	9000
27318	9000
24049	9000
27320	9000
33073	9000
28054	9000
30130	9000
30131	9000
40475	9000
8495	9000
15773	9000
4319	9000
36824	9000
13246	9000
42366	9000
40068	9000
38181	9000
26972	9000
5568	9000
29488	9000
8596	9000
43436	9000
11830	9000
24989	9000
15935	9000
34960	9000
29655	9000
34554	9000
14585	9000
31641	9000
40495	9000
6903	9000
12968	9000
38321	9000
4795	9000
3248	9000
8092	9000
6900	9000
18392	9000
42585	9000
56065	9000
8648	9000
5726	9000
49190	9000
24586	9000
41644	9000
8391	9000
48519	9000
12348	9000
22781	9000
44259	9000
13871	9000
44765	9000
39915	9000
25795	9000
393225	9000
10745	9000
393220	9000
394018	9000
31972	9000
17579	9000
48885	9000
42416	9000
23308	9000
14866	9000
15857	9000
39449	9000
42760	9000
7296	9000
7595	9000
9167	9000
46195	9000
49492	9000
31474	9000
24796	9000
13214	9000
48514	9000
19528	9000
21336	9000
42605	9000
46656	9000
31147	9000
1133	9000
29243	9000
9266	9000
48315	9000
4280	9000
49854	9000
43782	9000
43911	9000
47328	9000
20569	9000
5683	9000
26088	9000
28196	9000
21864	9000
49820	9000
24321	9000
49983	9000
44219	9000
50066	9000
42973	9000
38948	9000
48284	9000
12541	9000
50087	9000
38149	9000
9026	9000
30162	9000
38544	9000
9877	9000
30583	9000
52841	9000
1850	9000
26546	9000
51040	9000
6850	9000
8950	9000
12347	9000
23779	9000
53582	9000
22300	9000
20501	9000
48528	9000
37113	9000
50370	9000
9003	9000
50292	9000
51224	9000
50719	9000
53093	9000
20633	9000
36052	9000
15388	9000
29297	9000
30640	9000
25139	9000
38199	9000
46064	9000
46235	9000
19842	9000
51218	9000
15301	9000
196621	9000
41628	9000
55915	9000
44009	9000
16217	9000
8330	9000
2470	9000
46309	9000
13573	9000
20738	9000
16866	9000
28192	9000
2108	9000
46231	9000
33005	9000
6834	9000
52102	9000
21911	9000
7753	9000
49232	9000
197764	9000
13746	9000
31564	9000
26918	9000
56848	9000
29152	9000
9931	9000
57124	9000
53837	9000
3401	9000
30998	9000
53948	9000
45144	9000
54046	9000
27464	9000
12757	9000
57423	9000
38278	9000
27541	9000
51823	9000
18588	9000
50387	9000
198239	9000
29553	9000
39470	9000
42841	9000
57202	9000
20924	9000
41872	9000
27626	9000
12540	9000
46215	9000
4224	9000
53389	9000
48362	9000
52328	9000
41811	9000
46664	9000
132111	9000
14746	9000
12327	9000
24582	9000
54444	9000
57381	9000
33361	9000
6086	9000
57516	9000
198570	9000
34510	9000
198818	9000
59560	9000
16004	9000
40999	9000
45945	9000
34233	9000
36959	9000
50372	9000
41695	9000
33854	9000
57228	9000
28654	9000
198492	9000
34942	9000
40850	9000
262787	9000
3633	9000
48297	9000
19233	9000
50468	9000
61215	9000
197219	9000
55350	9000
51886	9000
50206	9000
198288	9000
10654	9000
9208	9000
10367	9000
132435	9000
34868	9000
21461	9000
18638	9000
132730	9000
132536	9000
29998	9000
198554	9000
197736	9000
27193	9000
49902	9000
49505	9000
36958	9000
16737	9000
38781	9000
132426	9000
56833	9000
21360	9000
262680	9000
262757	9000
53235	9000
28640	9000
60532	9000
12362	9000
262839	9000
29231	9000
14558	9000
52896	9000
61337	9000
50968	9000
20338	9000
32738	9000
197589	9000
37079	9000
59554	9000
26320	9000
262501	9000
132876	9000
3842	9000
60362	9000
3250	9000
52836	9000
52944	9000
3186	9000
15691	9000
10431	9000
62929	9000
62182	9000
22919	9000
393316	9000
16798	9000
62947	9000
199706	9000
12650	9000
262492	9000
26689	9000
51744	9000
14613	9000
11045	9000
29606	9000
15398	9000
199937	9000
46873	9000
24290	9000
4270	9000
200163	9000
53901	9000
263062	9000
14829	9000
45680	9000
62588	9000
28152	9000
57007	9000
52275	9000
58792	9000
53022	9000
132933	9000
393431	9000
46110	9000
262805	9000
20681	9000
393470	9000
131291	9000
52465	9000
45496	9000
20686	9000
263337	9000
200187	9000
21478	9000
201764	9000
52317	9000
61470	9000
262189	9000
52420	9000
52498	9000
52824	9000
17673	9000
29844	9000
29305	9000
45910	9000
58436	9000
10670	9000
29897	9000
39373	9000
52380	9000
63128	9000
12236	9000
24226	9000
61816	9000
35949	9000
201962	9000
201505	9000
32432	9000
11514	9000
45884	9000
27790	9000
62782	9000
33781	9000
22402	9000
50710	9000
13064	9000
263460	9000
4594	9000
28026	9000
11114	9000
28364	9000
9355	9000
32678	9000
30691	9000
40966	9000
52736	9000
3669	9000
196670	9000
54039	9000
133678	9000
50597	9000
393717	9000
36273	9000
45133	9000
61026	9000
32397	9000
59102	9000
2607	9000
201506	9000
262871	9000
133936	9000
199188	9000
59370	9000
47608	9000
57660	9000
37177	9000
37181	9000
22748	9000
51728	9000
263432	9000
9559	9000
132848	9000
131475	9000
48588	9000
132917	9000
20448	9000
63383	9000
21832	9000
12276	9000
201222	9000
36483	9000
52490	9000
60116	9000
52401	9000
26312	9000
39391	9000
34916	9000
53173	9000
63450	9000
11986	9000
34450	9000
10925	9000
393945	9000
32546	9000
18986	9000
29355	9000
26414	9000
63863	9000
19381	9000
30076	9000
30919	9000
134355	9000
394010	9000
11301	9000
53154	9000
198095	9000
28670	9000
264101	9000
9916	9000
25081	9000
200780	9000
6082	9000
133344	9000
53191	9000
46047	9000
28941	9000
52795	9000
39764	9000
262229	9000
32764	9000
11948	9000
48294	9000
12696	9000
44994	9000
64200	9000
200759	9000
394356	9000
132142	9000
49524	9000
52399	9000
263126	9000
201206	9000
327894	9000
198342	9000
16652	9000
3624	9000
57141	9000
18534	9000
37629	9000
7530	9000
53164	9000
52631	9000
42555	9000
15154	9000
17832	9000
262878	9000
198313	9000
201020	9000
202030	9000
30247	9000
62363	9000
131602	9000
25581	9000
47814	9000
11342	9000
28317	9000
49855	9000
263395	9000
48461	9000
37399	9000
33623	9000
18650	9000
39532	9000
262607	9000
262650	9000
263818	9000
41721	9000
63126	9000
265159	9000
34723	9000
262949	9000
135036	9000
23352	9000
21889	9000
52348	9000
12929	9000
394514	9000
264062	9000
52381	9000
50333	9000
198913	9000
262149	9000
57961	9000
60435	9000
52999	9000
203112	9000
28635	9000
63421	9000
37634	9000
196949	9000
202054	9000
27734	9000
27884	9000
131603	9000
53233	9000
21919	9000
262585	9000
51551	9000
52702	9000
135247	9000
43578	9000
264704	9000
55043	9000
264116	9000
8542	9000
262378	9000
204028	9000
20193	9000
56190	9000
203591	9000
30892	9000
20015	9000
135192	9000
28118	9000
3061	9000
262614	9000
327960	9000
30986	9000
26968	9000
17014	9000
199888	9000
198269	9000
31394	9000
202744	9000
327859	9000
33772	9000
200001	9000
201986	9000
23641	9000
197186	9000
3165	9000
32334	9000
131911	9000
64415	9000
27733	9000
202921	9000
199517	9000
199645	9000
49761	9000
32337	9000
52601	9000
196969	9000
200142	9000
12102	9000
31479	9000
263768	9000
327821	9000
207195	9000
199550	9000
198430	9000
201049	9000
199787	9000
20714	9000
26343	9000
198909	9000
50515	9000
204121	9000
202994	9000
52455	9000
8458	9000
201068	9000
264191	9000
11844	9000
207028	9000
133130	9000
62373	9000
131274	9000
200577	9000
9648	9000
197046	9000
201953	9000
263873	9000
393907	9000
135793	9000
61487	9000
198072	9000
202177	9000
26317	9000
52290	9000
62560	9000
264527	9000
59686	9000
14211	9000
199842	9000
132535	9000
35047	9000
206999	9000
395152	9000
199981	9000
265639	9000
264797	9000
199201	9000
14845	9000
7270	9000
262685	9000
133232	9000
196928	9000
15765	9000
207156	9000
40165	9000
264152	9000
42717	9000
56745	9000
18568	9000
50016	9000
264785	9000
61864	9000
199468	9000
38805	9000
29571	9000
31510	9000
24743	9000
265672	9000
37103	9000
263897	9000
266210	9000
136300	9000
52596	9000
37623	9000
262167	9000
46401	9000
328125	9000
327900	9000
52716	9000
136417	9000
56441	9000
263235	9000
28103	9000
206720	9000
59670	9000
266610	9000
262786	9000
262452	9000
134366	9000
136552	9000
10778	9000
28160	9000
36730	9000
37055	9000
265041	9000
134319	9000
264282	9000
7663	9000
32806	9000
52327	9000
52372	9000
30900	9000
265771	9000
206108	9000
263968	9000
10217	9000
27935	9000
133007	9000
263120	9000
267507	9000
264230	9000
265995	9000
52236	9000
37027	9000
131483	9000
263384	9000
264471	9000
52349	9000
263228	9000
52413	9000
263190	9000
16350	9000
24806	9000
5385	9000
27259	9000
265760	9000
265729	9000
57508	9000
265952	9000
201950	9000
328232	9000
136323	9000
25563	9000
61527	9000
43009	9000
135639	9000
132097	9000
51484	9000
18021	9000
200799	9000
19147	9000
197518	9000
395612	9000
395627	9000
47989	9000
205260	9000
132722	9000
265871	9000
15757	9000
200960	9000
42325	9000
263248	9000
136764	9000
263713	9000
263963	9000
37616	9000
263572	9000
5397	9000
327941	9000
131446	9000
43154	9000
137144	9000
266657	9000
131248	9000
31914	9000
203146	9000
63998	9000
60752	9000
59572	9000
134736	9000
52169	9000
134305	9000
135801	9000
198330	9000
60314	9000
265016	9000
24620	9000
60082	9000
267294	9000
266926	9000
16827	9000
204086	9000
204558	9000
203255	9000
205389	9000
198279	9000
132836	9000
64477	9000
204346	9000
202488	9000
21388	9000
46506	9000
61242	9000
59986	9000
48487	9000
134264	9000
132974	9000
136713	9000
328275	9000
205535	9000
268222	9000
45954	9000
263698	9000
28050	9000
28748	9000
265209	9000
197529	9000
136287	9000
18875	9000
3268	9000
328339	9000
37916	9000
396914	9000
202086	9000
133915	9000
328346	9000
23676	9000
266840	9000
206483	9000
23038	9000
37281	9000
200736	9000
132046	9000
136668	9000
25557	9000
263732	9000
63945	9000
396951	9000
394650	9000
396960	9000
61633	9000
266835	9000
137236	9000
31277	9000
37999	9000
56140	9000
209874	9000
394366	9000
58239	9000
25946	9000
48027	9000
57136	9000
266640	9000
131644	9000
208976	9000
135383	9000
208188	9000
263019	9000
134643	9000
136131	9000
135468	9000
59155	9000
24530	9000
139425	9000
139947	9000
61600	9000
53018	9000
133593	9000
17996	8900
25467	8900
20984	8800
9872	8800
328144	8700
53096	8600
33554	8400
27345	8192
196640	8192
58969	8192
135180	8192
135850	8192
135792	8192
137608	8192
267540	8192
262727	8150
199121	8100
27877	8100
9051	8100
23713	8000
42755	8000
34419	8000
28855	8000
51050	8000
15562	8000
21315	8000
31251	8000
52640	8000
29438	8000
198738	8000
203679	8000
41201	8000
30261	8000
57118	8000
200753	8000
47529	8000
20677	8000
63320	8000
18918	8000
199790	8000
51191	8000
38595	8000
395378	8000
265983	8000
263084	8000
40861	8000
205191	8000
20218	8000
26038	8000
137042	8000
262818	8000
263606	8000
206048	8000
328167	8000
202519	8000
63069	8000
134152	8000
328152	8000
132160	8000
136670	8000
138195	8000
209678	8000
210144	8000
18647	8000
17716	8000
396472	8000
136749	8000
30730	8000
19523	8000
37130	8000
267746	8000
13837	8000
15414	8000
52503	8000
137824	8000
132641	8000
54037	8000
39671	8000
61221	8000
138847	8000
209287	8000
265056	8000
135763	8000
133808	8000
6881	8000
42353	8000
7578	8000
51580	8000
13878	7900
2515	7900
138686	7700
208970	7700
52532	7500
34549	7500
38456	7200
266300	7200
61749	7200
267649	7200
22355	7200
132562	7168
131215	7168
58438	7168
134278	7168
135202	7168
136338	7096
37357	7072
202384	7020
39469	7000
33074	7000
27322	7000
26790	7000
24469	7000
21013	7000
19875	7000
10929	7000
14651	7000
25689	7000
55799	7000
8916	7000
48291	7000
52789	7000
135754	7000
49695	7000
199863	7000
132515	7000
45294	7000
393280	7000
17445	7000
133487	7000
52938	7000
135028	7000
43503	7000
37704	7000
132988	7000
262338	7000
43126	7000
265644	7000
48276	7000
37429	7000
38742	7000
200608	7000
134663	7000
28189	7000
133638	7000
267573	7000
45170	7000
328119	7000
131609	7000
328110	7000
267282	7000
47884	7000
205819	7000
266803	7000
328287	7000
62445	7000
263645	7000
327743	7000
210234	7000
48825	7000
268490	7000
38004	7000
39855	7000
24076	7000
136908	7000
14224	7000
37695	7000
197686	7000
201553	7000
39126	7000
63981	7000
15739	7000
35711	7000
52786	7000
209408	7000
36394	7000
60930	7000
200147	7000
23938	7000
267859	7000
266715	7000
37777	7000
34235	7000
12976	7000
134178	7000
23708	6900
52952	6900
33081	6600
265238	6600
28056	6300
200077	6300
136990	6300
7496	6200
139641	6180
38457	6144
264290	6144
134883	6144
134035	6144
135854	6144
263374	6144
135184	6048
12414	6000
27848	6000
27319	6000
49432	6000
43407	6000
50234	6000
51446	6000
33522	6000
134391	6000
134399	6000
134395	6000
134396	6000
18210	6000
58620	6000
134390	6000
50809	6000
56260	6000
56233	6000
13926	6000
34274	6000
37674	6000
40809	6000
26156	6000
201353	6000
50607	6000
52769	6000
262957	6000
37455	6000
19807	6000
206506	6000
12732	6000
136358	6000
263401	6000
204981	6000
45587	6000
133354	6000
266494	6000
131314	6000
200590	6000
205844	6000
203649	6000
33582	6000
37428	6000
209673	6000
207146	6000
50377	6000
43065	6000
46939	6000
328476	6000
137178	6000
268809	6000
328223	6000
132445	6000
199976	6000
327906	6000
29169	6000
31611	6000
207622	6000
266140	6000
267620	6000
131749	6000
17538	6000
59139	6000
137363	6000
24527	6000
138838	6000
58474	6000
133352	6000
58485	6000
38148	6000
38783	6000
45701	6000
136861	6000
135464	6000
138131	6000
60810	6000
59613	6000
207618	6000
34225	6000
33078	6000
39905	6000
33597	6000
38915	6000
134078	6000
327733	6000
18931	6000
202053	6000
39233	6000
202829	6000
264992	6000
139226	6000
11845	6000
24206	5800
52419	5800
264752	5600
48626	5550
52884	5500
265715	5400
265865	5200
44977	5200
262756	5120
27754	5120
58405	5120
53106	5048
38712	5024
30122	5000
30133	5000
1798	5000
41357	5000
22431	5000
28307	5000
264311	5000
51786	5000
205381	5000
202313	5000
135597	5000
24691	5000
6233	5000
135055	5000
33569	5000
200191	5000
205168	5000
61802	5000
138627	5000
9145	5000
6505	5000
208097	5000
51313	5000
37266	5000
266344	5000
266020	5000
24594	4900
268060	4550
21056	4500
131310	4500
34407	4500
28801	4500
28187	4500
262695	4500
31222	4500
61902	4500
52722	4500
52669	4500
60501	4500
52813	4500
57254	4500
202627	4500
134832	4500
198374	4500
262466	4500
264708	4500
264795	4500
133615	4500
23667	4500
267219	4500
52326	4500
262231	4500
37638	4400
137069	4300
200303	4200
201494	4100
136230	4096
264238	4096
132540	4048
6102	4000
12759	4000
34362	4000
19468	4000
262561	4000
393626	4000
11910	4000
49933	4000
35489	4000
265027	4000
264022	4000
131247	4000
135000	4000
262711	4000
25516	4000
266149	4000
265409	4000
135841	4000
23923	4000
201695	4000
134933	4000
57166	4000
43338	4000
29097	4000
206945	4000
268525	4000
268144	4000
134863	4000
31960	4000
36865	4000
135415	4000
131636	4000
26709	4000
7727	4000
135719	4000
135218	4000
30272	4000
6373	4000
138143	4000
52436	4000
59766	4000
268710	4000
29636	4000
20766	4000
44134	4000
30803	4000
28846	4000
41497	4000
56511	4000
202032	4000
30933	4000
327909	4000
262644	4000
264580	4000
52547	4000
24446	4000
134946	4000
24243	4000
5560	3600
2854	3600
198290	3600
52681	3600
61785	3600
263978	3600
266365	3600
37098	3500
62100	3500
42183	3500
267326	3500
268619	3500
55680	3480
207401	3300
47522	3200
56791	3150
47748	3100
37186	3100
7532	3072
42235	3072
205086	3072
138115	3072
27659	3072
58898	3072
134605	3072
131442	3072
393807	3072
134922	3072
53192	3020
28589	3000
262527	3000
262307	3000
209263	3000
267654	3000
138988	3000
398202	3000
202347	3000
139329	3000
43928	3000
133089	3000
267386	3000
266598	3000
135480	3000
24207	3000
138130	3000
137378	3000
24212	3000
138887	3000
38776	3000
38150	3000
139605	3000
63874	3000
137316	3000
139446	3000
56239	3000
139972	3000
139909	3000
201714	3000
139956	3000
135323	3000
55789	3000
135234	3000
28602	3000
396841	3000
52356	3000
138876	3000
138745	3000
139528	3000
269258	3000
60304	3000
30286	3000
43518	3000
209152	3000
47442	3000
207549	3000
138365	3000
23679	3000
38143	3000
49781	3000
139431	3000
45296	3000
131773	3000
58401	3000
138119	3000
138079	3000
136088	3000
137358	3000
138276	3000
34019	3000
23342	3000
3130	3000
27781	3000
39145	3000
46609	3000
14333	3000
39583	3000
52344	3000
264262	3000
38515	3000
133651	3000
266260	3000
135848	3000
136255	3000
197197	3000
50903	3000
59164	3000
61092	3000
134204	3000
135780	3000
135269	3000
204982	3000
45630	3000
136642	3000
267263	3000
264555	2850
24232	2800
263548	2800
13917	2700
47138	2700
35053	2700
16210	2700
29140	2700
1880	2700
53114	2700
53166	2700
61319	2700
263356	2700
264754	2700
6083	2500
48252	2500
197890	2500
207866	2500
266280	2400
53209	2400
204994	2400
49653	2250
48126	2200
24005	2200
61203	2100
58475	2100
132268	2100
34800	2100
27967	2048
132559	2048
53127	2048
135226	2048
52688	2048
137937	2000
37698	2000
27024	2000
21659	2000
209291	2000
134522	2000
31673	2000
268523	2000
266545	2000
270383	2000
265297	2000
52477	2000
63882	2000
196922	2000
50311	2000
208817	2000
328543	2000
137159	2000
263720	2000
135964	2000
263762	2000
37708	2000
139833	2000
209109	2000
41666	2000
34927	2000
207317	2000
207654	2000
327720	2000
139978	2000
14295	2000
18520	2000
132448	2000
38771	2000
8201	2000
24541	2000
12826	2000
29449	2000
41495	2000
8820	2000
47617	2000
18221	2000
41471	2000
35260	2000
36687	2000
45500	2000
26253	2000
55761	2000
47297	2000
38757	2000
11624	2000
55658	2000
132646	2000
199516	2000
17561	2000
263536	2000
28328	2000
15672	2000
197922	2000
19116	2000
37363	2000
204005	2000
263555	2000
61913	2000
327850	2000
22549	2000
134877	2000
131459	2000
134259	2000
328033	2000
59432	2000
263043	2000
54721	2000
327814	2000
48105	2000
263143	2000
262887	2000
57695	2000
52923	2000
394102	2000
265959	2000
59368	2000
42774	2000
60975	2000
136370	2000
136708	2000
35135	2000
327817	2000
138910	2000
24953	2000
30126	2000
2042	2000
41393	2000
197669	2000
20406	2000
23201	2000
56203	2000
29170	2000
133536	2000
38496	2000
52936	2000
327761	2000
37302	2000
328262	2000
17806	2000
138536	2000
206235	2000
61218	2000
139702	2000
6853	1900
206782	1900
29876	1800
12577	1800
36184	1800
23710	1800
24048	1800
21476	1800
12381	1800
37223	1800
29259	1800
51159	1800
18227	1800
55865	1800
54210	1800
198721	1800
40034	1800
39931	1800
197551	1800
63829	1800
35551	1800
51349	1800
48310	1800
47628	1800
17400	1800
263290	1800
42310	1800
263893	1800
133501	1800
264608	1800
60718	1800
24880	1800
45956	1800
39010	1800
266896	1800
52387	1800
263755	1800
267126	1750
35579	1700
209530	1700
45220	1600
17895	1600
9189	1600
24129	1500
137935	1500
262416	1500
53046	1500
24892	1400
6066	1395
28262	1350
43573	1300
18052	1200
197038	1200
42587	1200
15401	1200
43853	1200
139249	1124
138632	1100
131668	1100
17890	1100
209555	1100
209022	1100
267427	1024
133989	1024
23893	1024
55806	1024
18230	1024
9115	1008
133072	1000
266475	1000
204909	1000
207491	1000
6735	1000
60391	1000
52545	1000
52998	1000
58145	1000
7562	1000
266571	1000
268280	1000
30362	1000
267732	1000
37622	1000
39070	1000
36827	1000
267830	1000
269040	1000
267062	1000
21058	1000
267833	1000
16921	1000
328518	1000
53057	1000
269432	1000
49752	1000
51001	1000
63027	1000
133809	1000
207770	1000
136244	1000
207439	1000
45424	1000
131091	1000
139021	1000
22425	1000
269091	1000
206215	1000
205920	1000
269875	1000
139449	1000
213377	1000
268268	1000
36198	1000
23855	1000
139628	1000
213342	1000
41051	1000
134917	1000
62321	1000
135225	1000
35568	1000
138663	1000
36936	1000
268821	1000
53185	1000
54728	1000
57782	1000
58731	1000
328441	1000
4618	1000
20932	1000
24050	1000
33071	1000
34505	1000
6775	1000
7469	1000
17824	1000
42473	1000
15177	1000
37159	1000
3595	1000
27413	1000
59414	1000
47692	1000
31402	1000
28198	1000
27693	1000
202194	1000
26753	1000
24492	1000
132679	1000
133043	1000
17469	1000
199230	1000
327908	1000
45951	1000
50677	1000
262568	1000
17416	1000
262713	1000
25435	1000
53094	1000
132372	1000
41651	1000
135876	1000
135425	1000
136451	1000
52373	1000
41139	1000
48507	1000
134265	1000
133311	1000
39650	1000
204708	1000
136175	1000
328255	1000
205614	1000
205964	1000
205718	1000
37395	1000
328043	1000
136982	1000
137273	1000
203976	1000
204671	1000
32030	1000
57581	1000
204633	1000
328229	1000
206262	1000
33932	1000
135190	1000
42181	1000
137016	1000
202328	1000
34553	1000
327796	1000
209626	1000
4842	1000
24124	1000
208848	1000
204326	1000
138056	1000
13049	990
55420	990
30889	900
23310	900
11271	900
34746	900
33472	900
15436	900
25752	900
30141	900
41037	900
20507	900
41399	900
1982	900
8481	900
25504	900
29430	900
14970	900
34764	900
13105	900
34144	900
21840	900
44212	900
28929	900
23677	900
20081	900
9290	900
15716	900
31555	900
20483	900
31653	900
33211	900
42937	900
45425	900
24238	900
49867	900
3661	900
4641	900
14166	900
47302	900
17501	900
196967	900
28182	900
36275	900
46373	900
197439	900
2597	900
196763	900
32586	900
26106	900
12431	900
45444	900
48913	900
13591	900
10015	900
57821	900
18149	900
38190	900
35399	900
61044	900
24006	900
47762	900
31319	900
52920	900
18612	900
36315	900
173	900
27983	900
133444	900
12822	900
11008	900
59752	900
199547	900
8310	900
132645	900
8922	900
56109	900
24347	900
59919	900
17970	900
263928	900
37120	900
56204	900
50623	900
25491	900
48847	900
11947	900
35001	900
49640	900
24634	900
21201	900
393629	900
205610	900
262266	900
131996	900
38217	900
57089	900
37190	900
62230	900
267673	900
202806	900
204662	900
17689	900
264650	900
34527	900
12556	900
9341	900
21246	900
35090	800
39615	800
38887	800
31680	800
25433	800
6734	800
16347	800
42492	800
12854	800
52186	800
17747	800
328107	800
52051	800
203040	800
266687	800
204185	800
265890	800
268539	800
5377	800
204188	800
37472	800
266355	800
266133	800
10678	700
36388	700
9327	700
19089	700
34578	700
133318	700
46045	700
264382	700
267801	700
27806	700
32398	700
4558	624
5764	600
29471	600
29590	600
39180	600
24632	600
45054	600
52828	600
28303	600
137936	600
264602	600
264756	540
48344	500
44207	500
59340	500
328522	500
62166	500
201146	500
208063	500
53061	500
9601	500
29006	450
265702	450
267083	420
37192	405
262716	400
205927	400
61903	400
28215	400
18719	400
48821	400
263486	400
327822	400
203968	400
28211	400
265356	400
265464	400
267520	400
31055	360
268713	300
36369	300
207454	300
328585	300
207394	300
209645	300
39196	300
9892	300
8338	300
53216	300
132531	240
44024	200
204438	200
13287	200
37286	200
140219	200
51778	200
47902	200
24776	200
24381	200
35821	200
30528	200
5111	200
56662	200
132022	200
58578	200
132882	200
327775	200
132376	200
133309	200
134232	200
36889	200
8661	200
57757	200
2499	180
327981	180
203615	140
16503	105
140244	100
213386	100
10557	100
135206	100
27744	100
202301	100
213253	100
55784	100
21158	100
209833	100
16242	100
9229	100
56911	100
33983	100
131477	100
38592	100
138023	100
202479	100
206610	100
205523	100
266551	100
35145	100
15434	90
50088	90
13357	90
393853	90
37224	90
15469	70
37044	70
36997	70
61417	70
39271	60
213330	50
20291	50
37209	49
55822	48
43660	45
132003	36
269163	20
54049	18
37062	14
269104	10
21693	10
37133	9
263855	9
52423	8
137653	3
13594	2
13273	2
270320	1
6762	0
32787	0
2519	0
31133	0
26193	0
8015	0
17222	0
60497	0
21339	0
8470	0
51324	0
21083	0
327692	0
4755	0
6895	0
327976	0
56196	0
15932	0
57724	0
200125	0
41841	0
56575	0
198529	0
44124	0
196883	0
37424	0
6300	0
198035	0
197318	0
38942	0
42935	0
20530	0
198187	0
48694	0
43171	0
50095	0
200602	0
35199	0
200750	0
197181	0
3169	0
199510	0
44784	0
197345	0
22541	0
200089	0
52031	0
55714	0
43495	0
198007	0
48629	0
41833	0
62328	0
197697	0
199774	0
203937	0
203742	0
35787	0
206910	0
51863	0
197809	0
41379	0
42374	0
197099	0
42852	0
60755	0
29070	0
61154	0
202936	0
197295	0
198709	0
198424	0
198906	0
199265	0
197572	0
203505	0
203306	0
59611	0
198214	0
206489	0
10355	0
263097	0
57890	0
203765	0
199005	0
51101	0
62201	0
197375	0
199381	0
60219	0
196979	0
395478	0
56983	0
57665	0
3352	0
198766	0
201531	0
197437	0
201001	0
51960	0
199341	0
51068	0
265692	0
262690	0
206762	0
37087	0
52414	0
3582	0
59776	0
201332	0
264857	0
57945	0
197766	0
203157	0
33494	0
135895	0
49633	0
264853	0
10803	0
133859	0
206736	0
205073	0
21030	0
52664	0
62184	0
3249	0
206406	0
263699	0
264013	0
199473	0
132556	0
36707	0
205384	0
57332	0
198493	0
56324	0
57701	0
202626	0
57101	0
203582	0
136857	0
197837	0
136336	0
41044	0
50916	0
198081	0
37345	0
19091	0
28468	0
41297	0
203667	0
138222	0
31230	0
327753	0
60265	0
209854	0
24064	0
202434	0
328111	0
268801	0
396300	0
47237	0
206460	0
137597	0
136994	0
328401	0
52473	0
27017	0
10361	0
131954	0
49941	0
12833	0
60119	0
52544	0
199138	0
58158	0
32082	0
37550	0
27993	0
395326	0
209451	0
207306	0
43824	0
134331	0
207834	0
269826	0
328055	0
51185	0
265777	0
205897	0
207071	0
18997	0
56523	0
59598	0
204479	0
24257	0
38207	0
206479	0
135031	0
2486	0
33333	0
47950	0
17048	0
210283	0
50321	0
51262	0
63830	0
26930	0
43653	0
