32934	108410000
714	96960000
16509	94900000
8075	65820000
13335	57070000
54113	42800000
20940	40892000
22822	31700000
16276	26420000
6939	19930000
46489	19340000
17676	18170000
6805	14360000
33891	13410000
7342	11900000
25506	11350000
3209	11210000
31334	10920000
39386	9738000
2516	8897000
6461	8055000
3356	7904000
64049	7530000
9498	7440000
2497	7360000
328058	7000000
19679	6430000
4230	6340000
8447	6300000
2119	6100000
29990	5960000
28604	5950000
9002	5547000
15169	5480000
20115	5460000
6667	5341000
12389	5220000
1136	5200000
49544	4993000
5650	4890000
2856	4850000
63293	4820000
8966	4722000
3216	4653000
4181	4617000
2635	4580000
2518	4520000
12552	4380000
2914	4340000
4637	4327000
8473	4300000
226	4270000
1267	4200700
38022	4200000
55391	4020000
41095	4002000
5607	3990000
6830	3950010
17511	3880000
15133	3740000
6730	3712000
9009	3670000
5578	3580000
5400	3515000
265950	3405000
21320	3382000
8359	3332000
12989	3270000
12874	3190000
20485	3050000
6774	2999000
36408	2991000
2527	2960000
5410	2940000
2514	2890000
25933	2870000
13285	2840000
57344	2840000
34756	2800000
328045	2800000
16086	2780000
6327	2777000
5089	2770000
36459	2740000
2686	2737000
12189	2686000
29314	2680000
15435	2640000
61832	2637020
680	2615000
2907	2602000
2818	2600000
38634	2600000
2603	2590000
56478	2560000
4760	2520000
6079	2470000
58453	2470000
15557	2450000
47541	2440000
1547	2396000
1103	2370000
52320	2360000
16591	2340000
12713	2300000
22356	2271000
7843	2260000
15412	2229000
45899	2190000
61955	2180000
15305	2170000
13030	2130000
11164	2110000
32098	2107000
1273	2100000
5645	2100000
18734	2100000
23620	2100000
28663	2061000
132164	2060000
38082	2054000
15704	2020000
37447	2002000
270346	2000000
12322	1970000
35228	1960000
4556	1960000
52580	1930000
9304	1884000
6507	1860000
6509	1831000
46786	1800000
13768	1797000
11260	1740000
2510	1700000
23393	1687000
3292	1680000
11404	1680000
37100	1643000
202276	1620000
3265	1610000
36692	1606100
24203	1600000
20880	1600000
9121	1580000
786	1540000
30722	1540000
327693	1514000
1257	1510200
25192	1508000
2711	1500000
12430	1500000
62041	1500000
24785	1500000
5588	1490000
12083	1490000
39651	1490000
9534	1490000
9824	1490000
29535	1490000
14413	1481000
16637	1480000
668	1470000
42708	1460000
40356	1440000
19151	1430000
23520	1430000
7575	1414000
8717	1410000
27381	1410000
812	1400000
5432	1400000
6661	1400000
262206	1400000
15962	1400000
11888	1400000
7195	1380000
9318	1368000
38091	1340000
23563	1340000
3630	1280000
20504	1260000
15802	1260000
4739	1220000
55818	1207700
137872	1200000
23576	1190000
35320	1180000
12714	1174500
9680	1170000
4800	1161000
50384	1160000
264144	1140000
12479	1140000
34224	1127500
42525	1127000
43531	1127000
6057	1110000
34984	1110000
28368	1107000
3255	1100000
18403	1100000
9269	1094000
11232	1090000
37271	1084000
8529	1083000
47377	1080000
47764	1080000
26615	1080000
8426	1071000
13760	1070000
37662	1060000
132203	1050000
5378	1050000
1741	1030000
2851	1020000
59605	1017000
5413	1004000
15542	1000000
5713	990210
7738	987000
23184	970000
30517	960000
12849	930000
23881	930000
4134	920000
109	915000
12200	910000
13037	910000
7029	910000
40788	910000
22646	910000
38895	900000
31500	884000
4766	880000
30600	880000
52941	880000
9505	877000
3327	872000
396253	863000
3741	861500
8657	860000
9050	860000
7155	860000
197595	850000
6128	850000
3491	849000
702	842700
2828	840000
31027	840000
4648	840000
36089	840000
58073	840000
393565	840000
46450	830000
13445	823000
18081	820000
200981	820000
53180	820000
2116	817000
38880	812000
7545	804000
13489	800000
6768	800000
17072	800000
34867	790000
2852	780000
31655	780000
62887	780000
28580	776000
4713	770000
293	770000
4761	770000
11269	770000
23473	756000
14630	756000
6614	740000
28146	740000
40428	720000
50304	720000
10474	714000
137922	710000
28343	705000
48237	702500
29119	700000
3601	700000
33362	700000
28126	700000
58682	700000
61449	700000
49378	700000
4685	690000
197790	690000
47605	687000
13170	687000
25180	684000
17451	682000
9930	680000
34218	680000
55900	670000
15224	668000
14282	661000
15600	660000
196925	660000
30081	660000
30094	651000
62955	650000
17639	647000
14868	642250
2906	640000
53013	640000
30844	635000
9723	630000
10143	630000
39608	630000
28260	630000
2559	630000
205216	630000
6697	620000
64050	620000
43727	610000
24115	610000
16904	610000
262740	610000
263903	610000
44050	602000
7795	600000
7552	600000
31939	600000
24748	600000
267056	600000
20943	600000
132825	600000
6465	600000
202425	600000
47582	600000
262503	594000
38883	592000
4773	590000
9231	589000
8455	585000
11686	580000
6866	580000
5009	580000
52925	580000
52871	580000
54133	580000
30781	577000
18705	570000
35407	570000
53766	570000
21976	570000
200455	570000
17559	567000
262355	567000
22689	565600
35753	565000
28158	561000
263327	561000
26415	561000
39202	560000
33915	560000
10030	560000
766	560000
27471	560000
62	560000
54183	560000
54312	560000
27715	560000
52840	560000
63221	560000
201641	560000
59027	560000
36062	560000
10026	553220
28338	550000
9116	550000
12353	540000
45158	537000
8781	535000
19009	530000
21245	530000
18106	528000
2110	520000
9354	520000
24940	520000
2611	520000
33132	520000
263297	520000
53162	518000
15830	512000
262287	510020
7473	510000
2860	510000
9595	510000
6908	509000
6412	507000
25358	505000
39326	501000
7992	500000
18121	500000
5603	500000
26801	500000
265937	500000
59930	500000
209222	500000
7418	500000
28598	500000
200020	492000
852	490000
29550	490000
577	490000
13124	490000
25512	490000
38790	490000
8095	490000
61400	490000
136106	484000
3786	480000
5483	480000
4258	480000
23404	480000
33438	480000
27475	480000
703	475200
23889	471000
38622	470000
43205	470000
26162	470000
43332	470000
23148	462000
8632	462000
263073	460000
62904	460000
21574	453000
2687	452000
58507	451000
25885	450000
45780	450000
30990	450000
28716	447000
4788	444200
24033	440000
39832	440000
7679	440000
37153	440000
12731	437500
262659	437000
262848	436000
5769	430000
9500	430000
9924	428800
21385	428400
12956	422000
2152	420700
21502	420000
9070	420000
29695	420000
43646	420000
21321	420000
32184	420000
38819	420000
45204	420000
53158	420000
6848	420000
49685	420000
7415	420000
6471	420000
4651	420000
44053	418200
39912	418000
6407	418000
38858	410000
17709	410000
132132	410000
262773	407000
36924	402000
559	400000
262729	400000
12392	400000
41998	400000
41798	400000
48919	400000
49477	400000
49374	400000
37168	397000
9031	393000
137	391000
12871	390000
6181	390000
51500	390000
8462	385000
35213	385000
5511	380000
9365	380000
35432	378000
9342	374000
262428	370000
46	370000
206819	370000
43561	365000
7670	360000
28171	360000
17941	360000
263665	360000
719	360000
264668	360000
13193	357000
13189	357000
26803	357000
31272	352400
262778	351000
25899	350000
11758	350000
13249	350000
1680	350000
7632	350000
36040	350000
34700	350000
49158	350000
28331	350000
42830	350000
197482	350000
19324	350000
35362	350000
327987	350000
137831	350000
50473	350000
267469	350000
36236	345000
262807	344500
9729	341000
10310	340000
28624	340000
13576	340000
23693	340000
6922	340000
266989	340000
62044	340000
61323	340000
138132	338000
7862	335000
12129	330000
58601	330000
8452	330000
62668	330000
53184	320480
19108	320000
4787	320000
30419	320000
263080	320000
61102	320000
17885	320000
9605	320000
22616	320000
15419	318000
37282	317000
14026	315000
27988	314000
52005	312000
133612	310000
262468	310000
7049	310000
63242	310000
136743	310000
11979	310000
58530	308000
11814	307000
9902	307000
26554	303000
9667	300000
202023	300000
131917	300000
45558	300000
43668	300000
51069	300000
20347	300000
50129	300000
53065	297000
34244	296000
48166	295000
24130	294000
12678	294000
1828	294000
14969	294000
20144	290000
21371	290000
12041	290000
51852	290000
30838	290000
10036	290000
58580	289000
38466	288000
28202	288000
3267	287700
19165	287000
6067	287000
9299	287000
15958	287000
45638	287000
36937	286000
22724	285000
132296	285000
9650	284000
9044	281000
4635	281000
27524	280000
8365	280000
29422	280000
11096	280000
17819	280000
4657	280000
25577	280000
39102	280000
36351	280000
39704	280000
25668	280000
20845	280000
60339	280000
31242	280000
8535	280000
35717	280000
15517	280000
1424	280000
13147	280000
8866	280000
41678	280000
28666	280000
28267	280000
8448	280000
19996	280000
18260	280000
18182	280000
41164	280000
35193	280000
58209	280000
47242	280000
25255	280000
48634	280000
54998	280000
22147	280000
8445	280000
5403	280000
10118	280000
17054	280000
197451	280000
56038	280000
3261	280000
17012	280000
52551	280000
132680	280000
48620	280000
50204	280000
44735	280000
28576	280000
327991	280000
13807	280000
44416	280000
27919	280000
40526	280000
3754	280000
28554	280000
30818	280000
58941	280000
64220	280000
6307	280000
135262	280000
24703	280000
266167	280000
55182	280000
27925	280000
54827	280000
6447	279200
14492	277000
52579	277000
17924	270000
39642	270000
10158	270000
38333	270000
262476	270000
53037	270000
262731	270000
264215	270000
266931	270000
49824	270000
34305	270000
16302	269500
3320	267000
47481	267000
11666	264000
24751	264000
32286	263000
27589	262000
8308	261000
10098	260700
26496	260000
5391	260000
27747	260000
18278	260000
50643	260000
21413	260000
37417	260000
44843	260000
58243	260000
53240	260000
12709	260000
41206	260000
267484	260000
13786	260000
14340	258200
41018	257000
28330	256000
28649	255000
136557	253000
34610	252000
197888	252000
23498	250000
1241	250000
15085	250000
28229	250000
52696	250000
265399	250000
17583	250000
26446	250000
10010	250000
8674	248000
3300	247000
17922	247000
17665	247000
8968	247000
262760	244000
35745	244000
38987	244000
38107	240000
44684	240000
30041	240000
21232	240000
56396	240000
28191	240000
37693	240000
25019	240000
56444	240000
43729	240000
47872	240000
24324	238000
16570	238000
28201	235000
136784	235000
263421	234000
7600	234000
262865	233000
1239	232000
13000	232000
12859	231000
33011	231000
7782	230000
40029	230000
26120	230000
262664	230000
12847	230000
60169	230000
11550	230000
16110	230000
7475	224700
8487	224200
12310	224000
10029	224000
7311	224000
56258	224000
35761	224000
14361	222000
10003	222000
38327	222000
20121	221000
24916	220000
29009	220000
20773	220000
6677	220000
16735	220000
16700	220000
28665	220000
24277	220000
21488	220000
133403	220000
394497	220000
36873	220000
41194	220000
56931	220000
39251	220000
263616	220000
41552	219500
45352	219100
3701	217000
8399	217000
3262	217000
17547	217000
31463	217000
30539	217000
37678	217000
199319	217000
134697	216400
9264	216000
22691	215000
23930	213000
18283	213000
9749	213000
3257	212000
64315	211000
12654	210700
10835	210700
701	210000
2381	210000
237	210000
6695	210000
2529	210000
12306	210000
40511	210000
36944	210000
6473	210000
39605	210000
11403	210000
26163	210000
9008	210000
48918	210000
1406	210000
8530	210000
33083	210000
25148	210000
17534	210000
18268	210000
34056	210000
39545	210000
36012	210000
1422	210000
26677	210000
36280	210000
10302	210000
45031	210000
42000	210000
2614	210000
55569	210000
23786	210000
47708	210000
47264	210000
36222	210000
38651	210000
262403	210000
13825	210000
61374	210000
52752	210000
51409	210000
9993	210000
3128	210000
10578	210000
132215	210000
28125	210000
63270	210000
3252	210000
63516	210000
262485	210000
9834	210000
53078	210000
63290	210000
9029	210000
16851	210000
36734	210000
30028	210000
42981	210000
41508	210000
18747	210000
48956	210000
35434	210000
196729	210000
202103	210000
202196	210000
45269	210000
29107	210000
18255	210000
8819	210000
131937	210000
39507	210000
205139	210000
31898	210000
37697	210000
9957	207000
11142	207000
20459	207000
47422	207000
14537	201024
21777	201000
39899	200040
30950	200000
35805	200000
59384	200000
9997	200000
53152	200000
34058	200000
43656	200000
34120	200000
21808	200000
202409	200000
136907	200000
8540	200000
26077	200000
131160	200000
133496	200000
20394	200000
59783	200000
101	200000
44066	200000
15377	200000
376	200000
3303	199800
49290	197500
1836	197000
3302	197000
9246	197000
199503	197000
38758	197000
27955	196000
35575	195000
57866	194000
262505	192000
7713	191000
13896	191000
21409	190000
19318	190000
41420	190000
22742	190000
18450	190000
39444	190000
262847	190000
52908	190000
7162	190000
1659	190000
327901	190000
134139	190000
131912	190000
61157	190000
9457	190000
45011	190000
396356	190000
7385	190000
4780	189000
37613	189000
12693	187500
15763	186500
47195	186000
133120	185000
13122	183000
13009	182000
3225	182000
58057	182000
59900	180000
13370	180000
59536	180000
18200	180000
54329	180000
7671	180000
19189	180000
52751	180000
37892	180000
262343	180000
224	180000
59460	180000
26133	180000
52468	180000
39551	180000
131934	180000
35640	180000
41275	180000
262532	176128
37358	175000
202004	175000
28166	174000
55329	174000
132770	174000
133930	174000
197727	173000
61189	172000
42456	171100
52937	170500
4818	170000
23783	170000
12387	170000
23114	170000
40220	170000
23089	170000
17882	170000
262444	170000
10002	170000
263055	170000
23778	170000
28370	170000
24572	170000
23704	170000
266448	170000
199408	170000
50050	170000
9297	169000
22363	168000
42	166600
59699	166000
56308	165000
32217	165000
19889	164000
41096	164000
60474	163600
38322	162000
58307	162000
38861	162000
12350	161000
37150	161000
26613	161000
18150	160000
31727	160000
37105	160000
6679	160000
11835	160000
56329	160000
23314	160000
262434	160000
4557	160000
21559	160000
32505	160000
53147	160000
22697	160000
21367	160000
32233	160000
1759	160000
56309	160000
14061	160000
6799	160000
37611	160000
24709	159000
20910	159000
34803	158000
6663	157000
37254	156000
262732	156000
4770	155000
28258	155000
34245	154000
24852	154000
327698	154000
204053	154000
204222	154000
51060	154000
44646	154000
1280	153000
23105	153000
10021	152000
51706	152000
8343	151000
15399	151000
56828	151000
62040	150528
8544	150000
5541	150000
50821	150000
56030	150000
55720	150000
10094	150000
50629	150000
16243	150000
10019	150000
55785	150000
52689	150000
37515	150000
42504	150000
28145	150000
263880	150000
199250	150000
40317	150000
263998	150000
40217	150000
54198	150000
35709	150000
137280	150000
15598	150000
132255	149000
25818	148200
10490	147000
7752	147000
16586	147000
27008	147000
4844	147000
16371	147000
13243	147000
4628	147000
22772	147000
25460	147000
57353	147000
50272	147000
262516	147000
28978	147000
51018	147000
262441	147000
49102	147000
199723	147000
200889	147000
60191	147000
53115	146000
20804	145000
197113	145000
37028	144400
327984	144000
28605	144000
50083	144000
11377	143360
7610	142120
45437	142000
262854	142000
39184	142000
23678	141000
9435	141000
45629	141000
9245	140700
8607	140000
15422	140000
25441	140000
25309	140000
35028	140000
16150	140000
3605	140000
8897	140000
27552	140000
6315	140000
15366	140000
16713	140000
30914	140000
25761	140000
12312	140000
31477	140000
16082	140000
5467	140000
20161	140000
8732	140000
2544	140000
2044	140000
21221	140000
12969	140000
855	140000
34594	140000
8608	140000
13868	140000
35819	140000
36416	140000
8057	140000
48971	140000
8903	140000
17514	140000
1930	140000
32869	140000
8896	140000
11030	140000
50295	140000
34555	140000
18678	140000
15474	140000
9186	140000
49788	140000
17955	140000
59835	140000
34456	140000
394739	140000
7642	140000
8821	140000
55480	140000
47155	140000
10297	140000
15440	140000
21099	140000
62047	140000
5619	140000
35017	140000
50606	140000
10973	140000
13730	140000
1251	140000
23316	140000
19169	140000
14265	140000
51243	140000
18129	140000
43833	140000
46043	140000
393223	140000
3333	140000
18978	140000
17506	140000
60955	140000
12996	140000
20836	140000
22799	140000
28224	140000
28667	140000
11815	140000
8055	140000
28668	140000
15502	140000
7057	140000
37596	140000
26609	140000
12338	140000
62752	140000
61231	140000
32204	140000
393523	140000
62715	140000
36112	140000
263311	140000
53597	140000
54665	140000
26479	140000
57864	140000
28349	140000
44356	140000
26292	140000
199860	140000
12670	140000
197013	140000
10733	140000
13739	140000
11468	140000
6994	140000
31950	140000
54527	140000
11924	140000
262696	140000
11280	140000
17310	140000
24611	140000
6325	140000
63124	140000
20952	140000
28310	140000
20850	140000
14627	140000
46435	140000
33713	140000
263535	140000
17809	140000
4809	140000
41046	140000
23669	140000
59899	140000
9615	140000
10001	140000
202119	140000
24249	140000
58589	140000
25083	140000
44914	140000
37439	140000
134053	140000
20717	140000
20715	140000
200852	140000
38924	140000
9146	140000
22442	140000
12735	140000
54290	140000
29866	140000
11240	140000
18419	140000
6122	140000
13977	140000
47438	140000
262457	140000
265206	140000
35205	140000
56890	140000
62499	140000
27618	140000
41549	140000
32212	140000
48793	140000
27216	140000
263482	140000
17726	140000
202895	140000
15669	140000
264437	140000
56282	140000
61584	140000
51619	140000
200539	140000
198537	140000
41026	140000
11014	140000
200594	140000
198948	140000
197667	140000
24271	140000
198418	140000
28545	140000
47254	140000
58863	140000
55805	140000
34092	140000
60860	140000
43509	140000
198525	140000
52106	140000
51636	140000
206890	140000
41160	140000
204126	140000
48503	140000
50705	140000
51390	140000
5582	140000
50767	140000
43571	140000
133206	140000
202228	140000
37701	140000
37699	140000
62622	140000
43679	140000
135814	140000
21171	140000
395466	140000
13381	140000
58942	140000
58943	140000
63839	140000
63832	140000
64219	140000
64216	140000
64222	140000
395081	140000
58548	140000
395383	140000
394625	140000
24745	140000
198551	140000
15924	140000
37340	140000
3662	140000
203165	140000
39431	140000
206314	140000
2590	140000
35614	140000
53231	140000
6917	140000
61917	140000
28658	140000
3479	140000
134312	140000
39840	140000
39871	140000
45187	140000
198371	140000
394308	140000
15659	140000
131920	140000
34612	140000
8895	140000
4673	140000
56635	140000
57279	140000
35539	140000
55872	140000
201105	140000
7337	140000
61053	140000
264450	140000
56864	140000
31004	140000
18390	140000
17608	140000
17889	140000
39798	140000
198612	140000
54578	140000
62282	140000
25454	140000
267530	140000
37317	140000
15624	140000
393979	140000
33166	140000
264023	140000
36493	140000
32564	140000
7838	140000
135662	140000
34702	140000
137562	140000
262456	140000
48287	140000
31200	140000
132692	140000
27745	140000
60415	140000
267590	140000
37468	140000
24183	139000
131744	139000
58396	139000
262794	137120
27924	137000
34577	136500
6619	136000
53187	135000
327824	132000
61438	131500
266211	131000
264493	131000
30212	130000
22561	130000
13360	130000
264543	130000
290	130000
9946	130000
52531	130000
265130	130000
135739	130000
9694	130000
48452	130000
328278	130000
46276	130000
264270	130000
137912	130000
136119	130000
199995	130000
5564	129000
28130	129000
16211	128500
57169	128000
22438	127000
16839	127000
12470	127000
33763	126000
53171	126000
395561	126000
2857	125000
15576	124000
17356	124000
328146	124000
38623	123300
9293	123000
8763	122000
20960	122000
62455	122000
28359	122000
28131	122000
263544	122000
44654	121700
266341	121000
30972	120000
16245	120000
13536	120000
23700	120000
28309	120000
39090	120000
54540	120000
52962	120000
22085	120000
26827	120000
262699	120000
27364	120000
11708	120000
8387	120000
132323	120000
5518	120000
262676	120000
50153	120000
199585	120000
266409	120000
265496	120000
202120	120000
206548	120000
136838	120000
58713	120000
56318	120000
35237	120000
53156	120000
13329	120000
2682	120000
51048	120000
266444	120000
394073	120000
55943	120000
205881	120000
60893	120000
132528	120000
14593	120000
23540	120000
264150	120000
49624	120000
328437	120000
210278	120000
17717	120000
3238	120000
198792	120000
4851	119000
37157	118000
9416	117000
28250	117000
43607	115000
264005	114000
55581	113300
12676	113000
262548	113000
131745	112200
200043	112000
262594	112000
45931	110700
35916	110000
22652	110000
20771	110000
31115	110000
4581	110000
15054	110000
262983	110000
8680	110000
132934	110000
263321	110000
266468	110000
18274	110000
50073	110000
13767	110000
267624	110000
397095	110000
134220	110000
35612	110000
24535	109000
268331	108500
63859	108000
264460	106400
132453	106000
201054	106000
262365	106000
398131	106000
18059	105000
34934	105000
53196	105000
262715	105000
52930	105000
52940	105000
197588	105000
266131	105000
135060	105000
203658	104000
37700	104000
265061	104000
267201	104000
41202	104000
28134	103200
34087	103000
55666	102000
3462	102000
199434	102000
264052	102000
393891	102000
12455	102000
43142	102000
197133	100500
7784	100000
34106	100000
14793	100000
12360	100000
49835	100000
18077	100000
44788	100000
41572	100000
6739	100000
38657	100000
4058	100000
15497	100000
27887	100000
5056	100000
28591	100000
200052	100000
262765	100000
62523	100000
262150	100000
45356	100000
52694	100000
61871	100000
31257	100000
262293	100000
46455	100000
262409	100000
58708	100000
264359	100000
263516	100000
263982	100000
263427	100000
134033	100000
57249	100000
264582	100000
264517	100000
263347	100000
264367	100000
263625	100000
395332	100000
41691	100000
52766	100000
265359	100000
266156	100000
265019	100000
267075	100000
268221	100000
10947	100000
202414	100000
137557	100000
50698	100000
32798	100000
136518	100000
203942	100000
52007	100000
29588	100000
2526	100000
4652	100000
328170	100000
9795	100000
263779	100000
18676	100000
14860	100000
32415	100000
9136	100000
4694	100000
32440	100000
262595	100000
23059	100000
32703	100000
24955	100000
5078	100000
8757	100000
29073	100000
33588	100000
3856	99470
39792	98000
57119	98000
24186	98000
4589	98000
132476	96600
37273	96000
266498	96000
196879	96000
137367	96000
52662	95200
25542	95000
12703	95000
32299	95000
12926	95000
262744	95000
262761	95000
14380	95000
55862	94000
72	94000
16374	93000
328242	93000
39869	92000
38511	92000
20634	91000
13002	91000
4775	91000
14717	91000
37333	91000
57463	91000
52888	91000
28209	91000
264397	91000
14701	91000
5118	91000
63928	91000
264564	91000
197473	91000
44964	91000
39823	91000
28294	90480
262463	90240
29686	90000
10594	90000
10075	90000
803	90000
24105	90000
6295	90000
20718	90000
51918	90000
15191	90000
59497	90000
262493	90000
199335	90000
263405	90000
263626	90000
14828	90000
64255	90000
264111	90000
6718	90000
264344	90000
264223	90000
59964	90000
41693	90000
25615	90000
265886	90000
210	90000
7539	90000
136521	90000
131627	90000
133380	90000
263271	90000
266453	90000
7381	90000
44061	90000
48422	90000
35619	89500
38220	89000
15699	89000
61573	89000
17828	89000
267521	89000
45896	88000
262725	88000
198517	88000
7131	88000
51795	87500
33182	87000
39279	87000
59842	87000
263394	87000
263237	87000
24338	87000
52666	87000
133840	87000
262537	87000
46723	86000
263542	85500
21859	85000
263336	85000
34006	84770
50316	84700
43545	84400
5430	84000
6130	84000
17660	84000
20969	84000
4927	84000
43708	84000
34108	84000
8902	84000
38583	84000
58451	84000
34790	84000
8246	84000
21430	84000
49455	84000
57356	84000
14633	84000
58779	84000
58980	84000
262318	84000
198736	84000
263265	84000
28226	84000
263329	84000
199846	84000
35306	84000
197400	84000
5416	84000
7656	84000
57513	84000
2847	84000
39067	84000
55359	84000
3549	84000
28124	83000
264575	82048
12779	82000
42511	82000
265278	82000
200781	82000
49888	81900
61512	81300
1342	81200
23913	81000
132449	81000
8637	80480
9038	80300
50472	80200
20080	80000
41690	80000
7568	80000
13354	80000
20712	80000
13272	80000
19750	80000
44099	80000
34347	80000
18400	80000
28284	80000
25447	80000
22177	80000
37645	80000
15280	80000
62943	80000
36866	80000
53211	80000
25472	80000
58689	80000
35007	80000
264562	80000
201081	80000
61588	80000
61751	80000
8369	80000
267289	80000
202709	80000
396125	80000
328417	80000
133898	80000
47478	80000
46375	80000
27984	80000
6846	80000
61201	80000
4857	80000
27901	80000
13649	80000
35176	80000
60171	80000
3910	80000
61012	80000
8647	80000
48539	78848
327962	78848
327756	78848
45411	78000
58495	78000
2915	77000
2153	77000
16186	77000
4150	77000
286	77000
30827	77000
35244	77000
26785	77000
24167	77000
8788	77000
29611	77000
23171	77000
5631	77000
29141	77000
42093	77000
39637	77000
42612	77000
25151	77000
31167	77000
50572	77000
36149	77000
48850	77000
16175	77000
47408	77000
39904	77000
11233	77000
29834	77000
6777	77000
36817	77000
1126	77000
28287	77000
28132	77000
17625	77000
36907	77000
43406	77000
53889	77000
29462	77000
23550	77000
327745	77000
28110	77000
15008	77000
262454	77000
262288	77000
262481	77000
32867	77000
4678	77000
32338	77000
20904	77000
51055	77000
52438	77000
60610	77000
262388	77000
64044	77000
264268	77000
24651	77000
20412	77000
199803	77000
133421	77000
29522	77000
38197	77000
47551	77000
7540	77000
38714	77000
56949	77000
198151	77000
47252	77000
198389	77000
61709	77000
201290	77000
197592	77000
197747	77000
197262	77000
198401	77000
198040	77000
199754	77000
50550	77000
199978	77000
200176	77000
8280	77000
25509	77000
395400	77000
263396	77000
42490	77000
198380	77000
49409	77000
31726	77000
133616	77000
47626	77000
8194	77000
37720	77000
37675	77000
264138	77000
30851	76000
21485	76000
53587	76000
56449	76000
42947	76000
132146	76000
31708	75000
22556	75000
16206	75000
57731	75000
262706	75000
14576	75000
61094	75000
15188	75000
328216	75000
55259	75000
55766	75000
132894	74900
20764	74000
18229	74000
52866	74000
39351	74000
263584	74000
3908	74000
30813	73500
51948	73500
53195	73000
52660	73000
15772	73000
24043	72000
16178	72000
56246	72000
45280	72000
9244	72000
36923	72000
207073	72000
62275	72000
8752	72000
59288	72000
28183	71680
29918	71680
133001	71680
262691	71680
61686	71680
196695	71680
53107	71680
17306	71200
132976	71024
52439	71000
132857	71000
58299	71000
18351	71000
28154	71000
9155	71000
42669	70700
28169	70600
131296	70480
60261	70000
55429	70000
63311	70000
7091	70000
8560	70000
8190	70000
5605	70000
30176	70000
26347	70000
29748	70000
21947	70000
12008	70000
35985	70000
23686	70000
24121	70000
9989	70000
11537	70000
24931	70000
6623	70000
23260	70000
31736	70000
394070	70000
17645	70000
36683	70000
6423	70000
31400	70000
3512	70000
29208	70000
24642	70000
35843	70000
43683	70000
5539	70000
26792	70000
39598	70000
23265	70000
13041	70000
43284	70000
16814	70000
5577	70000
42227	70000
35332	70000
11051	70000
42184	70000
13692	70000
8744	70000
29562	70000
47172	70000
47841	70000
47215	70000
11995	70000
47344	70000
33737	70000
48943	70000
46484	70000
47490	70000
31252	70000
11664	70000
45668	70000
38478	70000
33139	70000
20985	70000
33796	70000
12316	70000
47143	70000
11071	70000
21250	70000
12188	70000
33470	70000
41601	70000
52892	70000
11922	70000
59895	70000
11798	70000
29404	70000
22546	70000
53131	70000
513	70000
46849	70000
22653	70000
14116	70000
45711	70000
8728	70000
13703	70000
44160	70000
53070	70000
29037	70000
49895	70000
46793	70000
16095	70000
19531	70000
40581	70000
51929	70000
6723	70000
23627	70000
13857	70000
21525	70000
24554	70000
19844	70000
10024	70000
41412	70000
25764	70000
6336	70000
12578	70000
600	70000
53175	70000
32613	70000
23816	70000
19782	70000
37235	70000
27947	70000
197377	70000
48500	70000
17246	70000
32365	70000
54154	70000
26167	70000
10653	70000
45634	70000
43852	70000
34270	70000
54652	70000
21412	70000
18199	70000
25780	70000
9584	70000
53306	70000
8823	70000
53100	70000
1120	70000
44858	70000
12033	70000
11242	70000
42239	70000
54376	70000
50673	70000
16724	70000
132267	70000
10102	70000
54327	70000
63060	70000
57187	70000
7849	70000
58656	70000
199339	70000
25273	70000
58010	70000
60717	70000
27026	70000
41281	70000
8245	70000
57068	70000
18049	70000
33604	70000
28277	70000
28153	70000
262777	70000
28306	70000
262903	70000
28571	70000
262780	70000
14571	70000
12536	70000
53080	70000
11475	70000
10996	70000
17685	70000
38043	70000
57029	70000
11081	70000
199364	70000
29485	70000
54929	70000
29933	70000
262333	70000
14103	70000
57193	70000
40700	70000
33606	70000
55923	70000
36444	70000
18516	70000
32421	70000
33515	70000
40413	70000
10993	70000
23274	70000
26288	70000
62915	70000
25653	70000
5664	70000
28366	70000
196844	70000
53143	70000
40676	70000
262704	70000
31877	70000
32479	70000
32100	70000
15267	70000
22921	70000
15108	70000
52251	70000
18094	70000
133534	70000
262620	70000
10886	70000
53221	70000
27833	70000
20207	70000
6368	70000
262724	70000
52558	70000
14463	70000
24730	70000
61951	70000
11414	70000
133579	70000
57963	70000
198203	70000
62469	70000
30466	70000
262989	70000
52846	70000
262377	70000
42775	70000
43317	70000
54002	70000
262402	70000
264531	70000
264492	70000
53224	70000
53122	70000
262675	70000
27768	70000
36445	70000
133420	70000
28163	70000
61950	70000
9022	70000
199256	70000
262667	70000
62183	70000
50148	70000
56301	70000
28066	70000
32710	70000
24278	70000
133873	70000
49063	70000
198477	70000
10481	70000
42845	70000
11976	70000
327893	70000
5690	70000
16832	70000
40028	70000
393965	70000
61244	70000
15433	70000
9999	70000
25068	70000
262256	70000
263587	70000
134363	70000
42567	70000
31769	70000
263668	70000
4043	70000
263789	70000
18616	70000
25003	70000
132167	70000
48642	70000
26271	70000
59	70000
819	70000
32277	70000
263822	70000
6561	70000
61942	70000
263569	70000
29244	70000
263797	70000
25165	70000
25227	70000
201602	70000
133959	70000
198785	70000
7687	70000
11174	70000
8714	70000
42334	70000
16130	70000
43391	70000
58815	70000
263363	70000
28270	70000
28308	70000
11279	70000
53407	70000
262413	70000
35998	70000
17429	70000
29788	70000
19082	70000
15102	70000
55270	70000
21632	70000
25248	70000
52726	70000
51164	70000
52363	70000
20559	70000
133590	70000
18683	70000
54661	70000
19689	70000
135246	70000
52794	70000
134809	70000
52519	70000
8008	70000
394437	70000
328400	70000
264016	70000
52878	70000
58762	70000
45684	70000
202831	70000
203629	70000
52989	70000
197524	70000
45775	70000
264961	70000
201782	70000
327952	70000
52981	70000
61836	70000
62818	70000
198235	70000
199494	70000
51394	70000
133652	70000
32165	70000
27895	70000
10299	70000
197615	70000
43733	70000
32743	70000
264768	70000
58965	70000
27951	70000
46692	70000
57608	70000
262186	70000
27272	70000
263674	70000
35760	70000
50533	70000
40731	70000
200414	70000
199551	70000
51337	70000
134012	70000
35891	70000
60098	70000
29974	70000
262791	70000
35491	70000
60884	70000
57033	70000
394141	70000
27382	70000
36008	70000
55957	70000
11109	70000
206758	70000
52195	70000
265065	70000
199226	70000
7004	70000
57478	70000
60534	70000
27964	70000
39716	70000
41966	70000
59862	70000
202220	70000
7806	70000
395573	70000
395768	70000
52153	70000
262766	70000
50411	70000
41319	70000
395470	70000
265303	70000
17077	70000
395578	70000
50017	70000
42667	70000
135292	70000
263702	70000
49565	70000
23423	70000
395880	70000
134674	70000
1101	70000
11178	70000
23307	70000
59060	70000
197672	70000
51648	70000
13838	70000
202050	70000
395719	70000
133952	70000
394740	70000
57219	70000
201026	70000
394676	70000
34296	70000
14832	70000
58906	70000
29614	70000
6503	70000
61826	70000
45265	70000
12687	70000
12690	70000
25385	70000
44692	70000
202169	70000
131915	70000
202761	70000
131916	70000
265101	70000
196749	70000
205811	70000
61521	70000
328064	70000
196865	70000
135278	70000
27553	70000
53591	70000
53189	70000
135011	70000
265478	70000
198604	70000
38627	70000
23419	70000
24251	70000
262643	70000
7514	70000
28032	70000
206299	70000
36515	70000
50270	70000
28114	70000
63772	70000
328036	70000
6712	70000
22908	70000
41138	70000
17303	70000
38851	70000
52542	70000
53454	70000
6752	70000
265436	70000
198496	70000
56972	70000
42812	70000
327790	70000
393455	70000
41480	70000
265021	70000
46155	70000
40545	70000
62632	70000
53338	70000
35518	70000
394146	70000
62406	70000
25190	70000
266995	70000
19465	70000
27286	70000
137250	70000
40773	70000
54483	70000
13415	70000
61943	70000
204789	70000
266420	70000
204821	70000
199421	70000
32389	70000
200478	70000
15011	70000
49020	70000
267196	70000
44979	70000
20874	70000
266977	70000
267452	70000
263985	70000
134739	70000
263523	70000
205100	70000
43848	70000
31236	70000
196776	70000
5760	70000
31445	70000
23777	70000
51790	70000
132890	70000
394140	70000
27660	70000
63131	70000
263461	70000
64233	70000
63774	70000
267428	70000
38949	70000
41006	70000
197155	70000
265999	70000
134895	70000
202006	70000
51920	70000
1226	70000
262662	70000
25637	70000
47723	70000
37897	70000
11077	70000
262970	70000
131273	70000
197294	70000
265032	70000
18024	70000
131933	70000
54086	70000
57424	70000
200185	70000
55140	70000
265086	70000
136769	70000
40339	70000
196819	70000
29091	70000
11635	70000
132491	70000
263250	70000
29689	70000
198426	70000
27255	70000
134359	70000
49457	70000
61462	70000
138147	70000
41033	70000
47095	70000
59371	70000
397116	70000
202281	70000
267587	70000
131895	70000
196714	70000
197146	70000
209835	70000
44358	70000
50794	70000
137575	70000
52772	70000
209116	70000
15447	69000
57151	68000
51263	68000
37619	68000
262259	68000
264811	68000
62597	68000
37451	68000
202454	68000
327750	67168
262429	67000
55674	66100
25459	66000
7500	66000
48559	66000
200668	66000
138064	66000
58821	66000
64475	65000
263154	65000
135697	65000
264127	65000
204805	65000
264598	64384
37276	64000
202805	64000
58376	64000
53172	63000
132137	62464
17483	62000
53246	62000
263445	62000
132771	62000
8220	62000
13657	61000
2685	61000
25466	61000
6648	61000
12042	61000
11123	61000
53349	61000
21267	61000
11195	61000
262230	61000
57896	61000
13549	61000
47275	61000
18615	61000
57613	61000
61478	61000
31617	61000
7606	61000
197091	60020
6405	60000
26914	60000
7303	60000
18530	60000
42005	60000
9137	60000
35470	60000
59940	60000
62239	60000
262733	60000
53102	60000
24309	60000
134055	60000
25961	60000
133934	60000
19310	60000
64223	60000
59945	60000
48716	60000
55507	60000
262316	60000
136026	60000
31857	60000
48408	60000
131914	60000
38769	60000
197902	60000
396503	60000
63343	60000
15426	60000
28319	60000
268267	60000
20846	60000
11751	60000
32067	60000
3145	60000
201447	60000
394449	60000
46950	60000
56373	60000
50554	60000
63298	60000
30168	60000
35795	60000
12459	60000
264679	60000
9910	60000
132808	60000
57073	60000
33044	60000
48011	60000
52760	60000
23808	60000
197522	60000
53052	60000
23618	60000
58171	60000
9976	60000
8803	60000
20618	60000
56655	60000
24429	60000
207972	60000
268819	60000
262964	60000
266608	60000
24532	60000
45298	60000
328388	60000
37020	60000
39065	60000
3223	60000
134369	60000
7065	60000
16030	60000
13194	60000
33873	60000
55803	60000
28178	60000
133385	60000
37199	60000
64476	60000
134705	60000
23947	60000
49349	59000
133324	59000
55814	59000
25482	58368
265147	58000
56099	58000
29608	57700
12684	57000
40300	57000
53589	57000
33725	57000
37154	57000
199496	57000
9652	57000
33480	56384
262352	56144
14609	56000
35833	56000
262394	56000
21880	56000
35940	56000
45305	56000
36143	55000
33302	55000
53130	55000
132931	55000
133658	55000
263990	55000
39192	55000
198910	55000
31800	54700
51944	54000
21709	54000
52685	54000
52858	54000
202566	53000
23871	53000
4007	52700
51784	52200
21724	52000
19117	52000
26531	52000
54225	52000
35074	52000
327826	52000
262474	52000
201838	52000
57121	52000
263793	52000
262610	52000
50618	52000
208477	51300
43500	51200
61666	51200
11062	51200
264404	51200
6738	51100
264425	51000
394530	51000
328327	51000
13054	50400
28219	50010
21069	50000
30740	50000
16265	50000
21392	50000
20495	50000
10881	50000
8723	50000
15743	50000
48268	50000
18209	50000
39138	50000
9621	50000
14877	50000
12941	50000
23465	50000
61287	50000
23106	50000
262420	50000
63028	50000
56910	50000
4540	50000
61211	50000
264360	50000
33808	50000
262979	50000
327794	50000
17997	50000
133676	50000
263314	50000
202020	50000
196968	50000
59444	50000
52686	50000
56286	50000
29465	50000
262692	50000
206499	50000
53199	50000
200064	50000
328145	50000
264294	50000
199330	50000
60890	50000
135607	50000
204861	50000
267095	50000
22324	50000
18407	50000
23379	50000
266430	50000
20919	50000
39337	50000
393434	50000
37545	50000
2588	50000
266961	50000
266144	50000
266721	50000
48438	50000
19186	50000
209813	50000
3132	50000
268133	50000
29900	50000
25837	50000
266968	50000
23775	50000
210264	50000
264398	50000
265294	50000
397544	50000
265892	50000
51520	50000
17197	50000
328480	50000
131896	50000
264210	50000
266192	50000
209208	50000
2675	50000
57276	50000
16342	50000
9952	50000
267348	50000
41327	50000
56381	50000
263009	50000
205473	50000
35425	50000
262808	50000
10204	49000
266152	49000
137166	48128
2602	48000
58650	48000
205081	48000
57723	47144
7521	47000
33920	47000
61570	47000
262721	47000
39543	47000
17978	47000
262819	47000
39479	47000
41913	46000
58940	46000
53066	46000
59214	46000
39806	46000
51945	45500
52977	45500
42004	45000
48728	45000
264491	45000
268952	45000
264939	45000
45194	44032
134881	44032
61730	44000
49028	44000
264524	44000
6798	44000
263531	43500
26838	43072
20811	43000
2134	43000
60690	43000
15734	43000
28037	43000
262494	43000
52643	43000
37786	43000
199659	42700
262488	42384
52661	42288
21396	42000
18779	42000
198440	42000
57928	42000
264228	42000
49638	42000
327950	42000
38541	42000
43760	42000
263647	42000
266263	42000
37294	42000
58477	42000
262901	42000
58868	42000
8943	41600
58820	41000
7048	41000
262417	41000
12773	41000
18886	40960
33130	40300
13680	40000
4764	40000
39591	40000
29014	40000
55879	40000
58587	40000
262750	40000
62874	40000
53008	40000
263649	40000
7005	40000
25375	40000
133854	40000
28352	40000
37195	40000
52968	40000
263483	40000
328065	40000
263961	40000
38442	40000
263411	40000
265429	40000
24173	40000
45118	40000
396040	40000
60051	40000
54574	40000
39335	40000
267399	40000
40244	40000
263947	40000
263840	40000
36813	40000
35913	40000
6696	40000
14726	40000
37653	40000
267593	40000
265954	40000
267360	40000
328517	40000
263852	40000
204006	40000
208431	40000
26484	40000
266927	40000
266480	40000
15391	40000
37110	40000
46475	40000
199362	40000
19045	40000
14288	40000
45361	40000
32621	40000
7941	40000
19306	40000
138840	40000
264998	40000
52639	40000
41985	40000
20657	40000
137373	40000
22534	40000
328538	40000
37453	40000
327738	40000
39902	40000
396501	40000
133339	40000
9891	40000
35137	40000
397806	40000
43060	40000
35847	40000
207353	40000
8435	40000
265135	40000
14824	40000
4693	40000
198605	40000
198726	40000
23805	40000
131322	40000
328365	40000
48072	39500
9313	39000
24157	39000
44980	38000
23756	38000
262828	37500
28890	37500
33843	37000
15211	37000
33748	37000
9280	37000
9201	37000
55219	37000
24521	36000
45769	36000
262822	36000
23860	36000
136696	36000
137142	36000
266347	36000
267055	36000
5459	35000
42455	35000
44953	35000
5524	35000
53563	35000
49909	35000
55555	35000
5396	35000
263442	35000
262673	35000
263801	35000
17426	35000
264577	35000
50231	35000
131607	35000
262268	35000
61006	35000
52339	35000
45349	35000
49296	35000
267280	35000
265484	35000
268323	35000
264552	34200
327992	34096
29551	34000
6643	34000
43100	34000
56229	34000
263661	34000
203421	34000
59953	34000
51681	34000
11647	34000
36914	34000
263591	34000
206184	33792
61888	33500
51290	33000
59165	33000
33452	33000
20640	32000
34011	32000
29668	32000
48292	32000
12597	32000
262862	32000
52444	32000
13150	32000
18422	32000
57877	32000
42692	32000
8368	32000
262591	32000
47096	32000
31595	31500
21263	31100
198781	31000
266713	31000
45766	31000
48424	30800
17439	30720
262539	30500
34135	30100
45498	30000
262464	30000
9785	30000
134732	30000
61582	30000
263196	30000
133410	30000
47203	30000
264017	30000
264514	30000
59156	30000
394302	30000
6059	30000
29802	30000
202596	30000
10279	30000
196954	30000
42705	30000
10099	30000
48128	30000
135010	30000
264186	30000
207054	30000
12796	30000
205813	30000
209328	30000
328536	30000
45278	30000
2731	30000
45705	30000
27979	30000
31202	30000
29357	30000
50475	30000
57844	30000
14979	30000
53764	30000
32261	30000
44291	30000
197301	30000
28265	30000
18881	30000
40328	30000
58678	30000
393670	30000
134014	30000
58659	30000
33771	30000
263151	30000
17253	30000
267513	30000
136522	30000
205099	30000
9374	30000
4647	30000
137079	30000
53097	29450
31078	29400
44123	29400
56665	29400
53237	29050
131755	29000
262346	29000
263833	29000
52932	29000
134316	29000
131758	29000
30071	28700
52475	28672
3213	28000
35706	28000
41692	28000
33079	28000
24047	28000
25061	28000
39301	28000
8664	28000
32880	28000
34171	28000
25295	28000
42303	28000
55518	28000
20722	28000
197000	28000
29545	28000
47622	28000
29680	28000
20365	28000
45763	28000
133075	28000
199947	28000
393513	28000
27940	28000
28009	28000
263076	28000
327813	28000
7020	28000
38565	28000
4508	28000
55521	28000
30798	28000
28257	28000
262893	28000
37342	28000
45686	28000
203687	28000
264765	28000
14522	28000
206342	28000
262509	28000
263270	28000
328156	28000
263776	28000
61822	28000
265656	28000
23815	28000
53050	28000
203140	27000
137331	27000
55653	27000
264415	26600
265426	26480
51646	26000
28279	26000
263774	26000
38896	26000
9326	26000
58392	26000
63862	26000
135582	26000
61134	25600
43019	25500
198857	25500
38809	25500
53142	25120
21513	25000
9658	25000
49405	25000
42459	25000
8677	25000
53708	25000
23628	25000
32160	25000
132220	25000
52765	25000
201106	25000
49787	25000
48727	25000
24536	25000
52973	25000
138816	25000
263089	24300
264925	24272
250	24000
37996	24000
38280	24000
16253	24000
8301	24000
45287	24000
17671	24000
37479	24000
132847	24000
10022	24000
328351	24000
206478	24000
133838	24000
38147	24000
138100	24000
262684	23500
263478	23400
49463	23100
7908	23000
34119	23000
262730	23000
55685	23000
28773	23000
52539	23000
136873	23000
33544	23000
51569	23000
31250	23000
9830	23000
23951	23000
30880	22400
51254	22400
17666	22000
5505	22000
53139	22000
61928	22000
137410	22000
28656	22000
136093	22000
39505	22000
59279	22000
12491	22000
9381	22000
38527	22000
327907	22000
8612	22000
22873	21700
31235	21700
200794	21700
53165	21600
262336	21504
12902	21000
15657	21000
2128	21000
33419	21000
15766	21000
41391	21000
8784	21000
25593	21000
8513	21000
13135	21000
8553	21000
20915	21000
37986	21000
39636	21000
13826	21000
27822	21000
43013	21000
23661	21000
34304	21000
18559	21000
4677	21000
51906	21000
23074	21000
55644	21000
39287	21000
43858	21000
37519	21000
197617	21000
54119	21000
38753	21000
45348	21000
46156	21000
11179	21000
53169	21000
52352	21000
27879	21000
28590	21000
53218	21000
38289	21000
24195	21000
47027	21000
549	21000
9519	21000
3067	21000
34768	21000
133720	21000
262993	21000
203086	21000
36868	21000
35313	21000
134622	21000
135484	21000
198091	21000
37482	21000
197447	21000
61968	21000
263251	21000
266177	21000
39816	21000
62227	21000
136302	21000
48067	21000
197204	21000
138296	21000
47680	21000
59347	21000
208751	21000
26451	21000
37980	21000
2593	21000
32244	21000
197692	20800
56550	20500
328164	20480
265451	20480
45528	20480
133275	20480
15589	20338
30132	20000
50837	20000
57633	20000
37090	20000
32563	20000
53230	20000
55256	20000
199610	20000
201754	20000
133613	20000
45707	20000
18103	20000
266400	20000
203261	20000
17482	20000
267554	20000
138570	20000
394151	20000
268126	20000
266972	20000
53356	20000
268548	20000
1640	20000
11272	20000
138576	20000
54506	20000
1916	20000
33164	20000
7516	20000
21277	20000
12857	20000
207588	20000
201102	20000
207199	20000
131960	20000
46595	20000
134618	20000
139225	20000
267522	20000
37680	20000
52951	20000
263518	20000
262900	20000
268749	20000
269462	20000
263067	20000
266059	20000
270299	20000
269499	20000
264596	20000
269208	20000
46023	20000
138839	20000
24299	20000
38081	20000
20001	20000
19035	20000
62712	20000
62819	20000
9751	20000
37356	20000
59276	20000
133803	20000
17995	20000
378	20000
36311	20000
64313	20000
210142	20000
33951	20000
60816	20000
32437	20000
267278	20000
55003	20000
57999	20000
56668	20000
265383	20000
265038	20000
19551	20000
137001	20000
16604	20000
263155	20000
19754	20000
16803	20000
11767	20000
267	20000
31042	20000
23486	20000
45754	20000
45804	20000
133296	20000
12883	20000
56528	20000
139734	20000
13681	20000
393573	20000
395471	20000
49192	20000
37783	20000
328395	20000
37682	20000
22941	20000
196755	20000
35699	20000
31452	20000
139970	20000
6515	20000
267815	20000
56264	20000
43533	20000
34718	20000
29785	20000
327849	20000
37529	20000
55002	20000
265974	20000
27688	20000
3242	20000
42064	20000
264570	20000
267032	20000
24008	20000
31169	20000
25374	20000
15960	20000
39029	20000
3737	20000
10103	20000
22591	20000
17378	20000
33445	20000
41088	20000
51088	20000
32097	20000
11383	20000
51395	20000
5662	20000
17707	20000
199524	20000
44513	20000
58715	20000
30259	20000
62240	20000
59112	20000
32425	20000
262868	20000
49690	20000
17113	20000
133315	20000
61805	20000
263049	20000
264331	20000
263124	20000
134293	20000
394994	20000
135193	20000
206125	20000
202766	20000
133680	20000
58430	20000
393420	20000
135098	20000
25853	20000
200738	20000
61873	20000
134715	20000
44030	20000
47043	20000
14642	20000
263258	20000
52201	20000
31430	20000
31122	20000
25091	20000
4721	20000
17939	20000
38195	20000
8660	20000
61174	20000
15738	20000
62856	20000
61186	20000
135126	20000
60602	19800
8545	19000
2595	19000
43890	19000
262374	19000
136373	19000
139967	19000
14551	18700
8565	18100
4434	18100
17920	18000
34624	18000
53088	18000
134021	18000
9129	18000
136377	18000
45288	18000
13237	17500
28657	17500
44431	17500
135526	17500
38310	17408
6851	17000
43323	17000
12143	17000
264518	17000
263283	17000
16191	16700
27865	16700
10135	16500
263589	16384
43942	16000
36731	16000
12502	16000
262952	16000
62838	16000
263308	16000
17069	16000
46886	16000
262902	16000
18840	16000
52967	16000
134707	16000
262770	16000
137352	16000
137121	16000
204196	16000
264996	16000
58460	16000
29838	16000
35655	15900
24204	15500
20621	15500
9104	15400
41090	15400
24028	15400
44295	15400
199660	15400
199150	15400
30999	15200
55832	15192
136632	15192
31126	15140
328160	15100
3561	15000
4777	15000
33125	15000
58404	15000
262792	15000
52965	15000
49605	15000
47727	15000
48504	15000
37656	15000
25943	15000
36965	15000
35695	15000
265972	15000
21140	15000
205344	15000
136841	15000
265158	15000
58482	15000
201214	15000
9153	14900
28065	14900
8554	14700
33845	14700
29286	14700
53116	14700
34683	14700
41153	14700
209218	14610
262557	14600
266346	14500
263739	14338
10704	14336
17754	14336
265141	14336
328032	14336
52300	14336
203885	14336
56507	14336
58408	14168
134375	14096
20799	14000
29452	14000
15290	14000
14280	14000
5409	14000
8195	14000
3224	14000
33811	14000
7829	14000
16467	14000
53459	14000
33082	14000
23712	14000
33072	14000
30129	14000
30134	14000
30128	14000
52243	14000
33558	14000
23711	14000
23709	14000
30962	14000
16842	14000
9710	14000
2863	14000
39104	14000
28001	14000
31383	14000
26228	14000
8222	14000
25152	14000
12634	14000
34997	14000
34021	14000
34781	14000
15782	14000
13284	14000
44514	14000
29083	14000
35156	14000
24973	14000
25976	14000
41960	14000
11190	14000
45037	14000
35584	14000
40015	14000
9583	14000
23752	14000
29846	14000
48484	14000
37652	14000
11796	14000
50032	14000
13722	14000
47836	14000
23829	14000
30295	14000
17961	14000
8587	14000
53424	14000
24753	14000
16523	14000
35719	14000
24951	14000
50244	14000
50763	14000
14232	14000
33835	14000
44902	14000
38437	14000
41289	14000
45816	14000
13157	14000
31662	14000
17088	14000
12775	14000
57315	14000
1304	14000
51896	14000
51483	14000
37312	14000
45932	14000
53727	14000
9123	14000
197422	14000
24029	14000
49604	14000
23949	14000
27665	14000
6660	14000
58560	14000
52462	14000
42204	14000
24518	14000
24550	14000
44608	14000
35799	14000
15072	14000
56990	14000
18206	14000
49300	14000
39783	14000
198423	14000
12290	14000
20555	14000
16168	14000
42400	14000
8789	14000
31328	14000
59410	14000
29263	14000
51406	14000
16174	14000
50737	14000
9328	14000
35834	14000
197653	14000
43190	14000
53698	14000
35180	14000
48972	14000
25093	14000
5602	14000
43252	14000
28757	14000
53494	14000
59620	14000
49360	14000
28239	14000
28141	14000
53140	14000
133023	14000
132837	14000
53869	14000
3324	14000
9165	14000
3220	14000
54643	14000
37628	14000
10133	14000
54523	14000
41847	14000
262500	14000
53861	14000
29881	14000
263499	14000
133389	14000
53178	14000
28615	14000
37775	14000
29583	14000
262933	14000
63034	14000
47228	14000
23673	14000
62537	14000
52431	14000
7772	14000
262737	14000
10617	14000
52323	14000
202042	14000
61924	14000
52877	14000
36898	14000
16162	14000
60899	14000
28216	14000
18046	14000
131584	14000
41059	14000
201791	14000
56182	14000
28327	14000
264470	14000
26563	14000
18393	14000
39072	14000
200700	14000
55427	14000
62502	14000
58627	14000
327939	14000
31459	14000
36909	14000
59933	14000
393874	14000
203851	14000
264590	14000
393350	14000
134295	14000
262645	14000
55699	14000
61397	14000
52911	14000
43558	14000
393662	14000
328023	14000
264723	14000
13006	14000
201990	14000
28323	14000
11399	14000
204019	14000
35585	14000
52079	14000
198416	14000
22518	14000
199410	14000
45561	14000
47627	14000
15190	14000
135543	14000
63529	14000
60458	14000
263070	14000
198391	14000
37324	14000
9893	14000
21774	14000
203741	14000
206894	14000
52009	14000
197418	14000
199413	14000
39107	14000
199338	14000
56783	14000
48742	14000
11046	14000
40752	14000
39560	14000
52101	14000
203548	14000
327751	14000
203230	14000
39729	14000
57221	14000
203223	14000
8550	14000
132734	14000
207101	14000
23169	14000
198591	14000
44974	14000
132004	14000
44503	14000
199451	14000
39566	14000
202971	14000
41882	14000
52909	14000
266630	14000
262195	14000
206373	14000
58894	14000
42180	14000
26198	14000
263675	14000
263728	14000
5401	14000
264815	14000
52680	14000
264923	14000
36640	14000
58927	14000
60430	14000
262518	14000
198891	14000
12630	14000
15035	14000
205296	14000
64234	14000
265806	14000
17537	14000
206442	14000
200480	14000
135869	14000
134856	14000
5500	14000
197645	14000
204536	14000
266866	14000
58146	14000
138174	14000
55679	14000
135843	14000
12565	14000
18350	14000
138009	14000
200278	14000
8393	14000
5406	14000
205442	14000
262453	14000
263378	14000
28292	14000
135301	13500
328423	13312
21101	13200
138211	13200
34486	13000
38235	13000
45839	13000
37002	13000
200428	13000
202867	13000
48685	13000
262296	13000
49088	13000
134009	13000
4765	12900
36217	12700
48920	12700
31543	12700
202322	12600
201877	12400
4608	12200
20832	12200
15594	12000
33077	12000
14390	12000
31715	12000
26788	12000
8038	12000
36943	12000
12835	12000
15692	12000
199283	12000
28207	12000
4666	12000
198184	12000
58910	12000
38506	12000
60134	12000
29104	12000
37576	12000
134325	12000
60670	12000
22080	12000
38200	12000
200438	12000
60917	12000
133660	12000
265699	12000
137246	12000
137851	12000
51023	12000
45937	12000
133971	12000
29424	12000
268503	12000
24132	12000
263869	12000
55247	12000
138995	12000
269060	12000
28244	12000
58500	12000
16685	12000
45184	12000
37053	12000
50467	11500
17473	11400
205388	11400
7717	11100
45725	11000
55652	11000
59185	11000
45706	11000
48846	11000
7628	11000
267088	11000
135232	11000
137295	11000
138359	11000
37347	11000
14259	11000
394330	11000
328051	11000
133648	11000
8486	11000
17374	10700
198093	10700
3599	10500
48712	10500
47850	10500
327922	10500
52869	10240
132923	10240
59816	10240
61895	10240
53112	10240
262743	10240
44141	10200
266470	10192
200983	10100
30447	10060
42476	10000
29215	10000
40528	10000
16876	10000
30123	10000
25572	10000
27916	10000
58406	10000
8491	10000
8859	10000
35223	10000
50683	10000
44314	10000
28165	10000
51514	10000
5017	10000
49792	10000
54042	10000
264130	10000
133881	10000
28073	10000
201508	10000
59954	10000
42228	10000
201333	10000
45650	10000
262755	10000
25590	10000
137080	10000
135419	10000
263480	10000
61929	10000
58750	10000
209261	10000
42300	10000
206640	10000
394914	10000
262889	10000
397524	10000
33791	10000
64115	10000
60945	10000
209400	10000
34569	10000
38524	10000
61064	10000
64300	10000
39923	10000
210323	10000
12365	10000
34762	10000
55352	10000
262772	10000
262387	10000
134326	10000
262612	10000
263495	10000
35280	10000
61056	10000
265188	10000
133372	10000
393490	10000
56583	10000
262470	10000
267242	10000
269075	10000
135760	10000
394581	10000
262898	10000
266298	10000
29129	10000
207310	10000
42156	10000
140362	10000
270436	10000
328633	10000
56472	10000
207274	10000
268546	10000
328598	10000
1410	10000
47116	10000
61602	10000
26388	10000
13951	10000
30622	10000
266853	10000
135223	10000
204526	10000
3214	10000
34655	10000
12586	10000
13618	10000
15808	10000
271	10000
41349	10000
17604	10000
5583	10000
19969	10000
29154	10000
8793	10000
198408	10000
22302	10000
58882	10000
23688	10000
327930	10000
133100	10000
1351	10000
20205	10000
9607	10000
133968	10000
132031	10000
50782	10000
134858	10000
19711	10000
135753	10000
197140	10000
328176	10000
3580	10000
45355	10000
33922	10000
134937	10000
21211	10000
38067	10000
43513	10000
328204	10000
328341	10000
138041	10000
268430	10000
265962	10000
60371	10000
52637	10000
53086	10000
266225	10000
25471	9600
2484	9300
266374	9216
43599	9200
262811	9200
267588	9001
7522	9000
28707	9000
39310	9000
24523	9000
132774	9000
52625	9000
22750	9000
5692	9000
47169	9000
20928	9000
53197	9000
263393	9000
264009	9000
133797	9000
23696	9000
7597	9000
262788	9000
266028	9000
136885	9000
131775	9000
43369	9000
200392	9000
37627	9000
328237	9000
29446	9000
37109	9000
206404	9000
53018	9000
133593	9000
50620	8800
7631	8700
196689	8500
23541	8400
44583	8400
50858	8400
45950	8400
38477	8400
21351	8400
198271	8400
48374	8400
135423	8400
52458	8200
22989	8192
27345	8192
196640	8192
58969	8192
133664	8192
27789	8168
133718	8120
24557	8000
24077	8000
9497	8000
28859	8000
25473	8000
17444	8000
5071	8000
40739	8000
39318	8000
54415	8000
51050	8000
12975	8000
52550	8000
132919	8000
60157	8000
16039	8000
327943	8000
203640	8000
7489	8000
134929	8000
2606	8000
202918	8000
131303	8000
135465	8000
199790	8000
264295	8000
265030	8000
266044	8000
28139	8000
267102	8000
209086	8000
267117	8000
34936	8000
55670	8000
131717	8000
45312	8000
138829	8000
6881	8000
42353	8000
7578	8000
51580	8000
204264	7868
132901	7868
9092	7700
2500	7700
20917	7700
29246	7700
17435	7700
2515	7700
39600	7700
31576	7700
29513	7700
44334	7700
14500	7700
16218	7700
16363	7700
199248	7700
199396	7700
62336	7700
198334	7700
32614	7700
23774	7700
23666	7700
327700	7700
133173	7700
13226	7600
268568	7600
18104	7500
50796	7500
34549	7500
50857	7200
22355	7200
35184	7168
56209	7168
27932	7168
263128	7168
262753	7168
12305	7168
26068	7168
28438	7168
263917	7168
44084	7168
41522	7168
135253	7168
198216	7168
29245	7168
58725	7168
135861	7168
37030	7168
30988	7168
57079	7168
28639	7168
136330	7168
25328	7168
267121	7168
136533	7168
136480	7168
133967	7168
263459	7168
37650	7070
58683	7000
19817	7000
10255	7000
12059	7000
28877	7000
31216	7000
16559	7000
13101	7000
19752	7000
3043	7000
25975	7000
5462	7000
20704	7000
8804	7000
4837	7000
10848	7000
31661	7000
5418	7000
26627	7000
14833	7000
19214	7000
25286	7000
32105	7000
40193	7000
46199	7000
15149	7000
27318	7000
24049	7000
27320	7000
33073	7000
28054	7000
30130	7000
30131	7000
40475	7000
8495	7000
15773	7000
4319	7000
36824	7000
13246	7000
42366	7000
40068	7000
38181	7000
26972	7000
5568	7000
29488	7000
8596	7000
43436	7000
11830	7000
24989	7000
15935	7000
34960	7000
29655	7000
34554	7000
14585	7000
31641	7000
40495	7000
6903	7000
12968	7000
38321	7000
4795	7000
3248	7000
8092	7000
6900	7000
18392	7000
42585	7000
56065	7000
8648	7000
5726	7000
49190	7000
24586	7000
41644	7000
8391	7000
48519	7000
12348	7000
22781	7000
44259	7000
13871	7000
44765	7000
39915	7000
25795	7000
393225	7000
10745	7000
393220	7000
394018	7000
31972	7000
17579	7000
48885	7000
42416	7000
23308	7000
14866	7000
15857	7000
39449	7000
42760	7000
7296	7000
7595	7000
9167	7000
46195	7000
49492	7000
31474	7000
24796	7000
13214	7000
48514	7000
19528	7000
21336	7000
42605	7000
46656	7000
31147	7000
1133	7000
29243	7000
9266	7000
48315	7000
4280	7000
49854	7000
43782	7000
43911	7000
47328	7000
20569	7000
5683	7000
26088	7000
28196	7000
21864	7000
49820	7000
24321	7000
49983	7000
44219	7000
50066	7000
42973	7000
38948	7000
48284	7000
12541	7000
50087	7000
38149	7000
9026	7000
30162	7000
38544	7000
9877	7000
30583	7000
52841	7000
1850	7000
26546	7000
51040	7000
6850	7000
8950	7000
12347	7000
23779	7000
53582	7000
22300	7000
20501	7000
48528	7000
37113	7000
50370	7000
9003	7000
50292	7000
51224	7000
50719	7000
53093	7000
20633	7000
36052	7000
15388	7000
29297	7000
30640	7000
25139	7000
38199	7000
46064	7000
46235	7000
19842	7000
51218	7000
15301	7000
196621	7000
41628	7000
55915	7000
44009	7000
16217	7000
8330	7000
2470	7000
46309	7000
13573	7000
20738	7000
16866	7000
28192	7000
2108	7000
46231	7000
33005	7000
6834	7000
52102	7000
21911	7000
7753	7000
49232	7000
197764	7000
13746	7000
31564	7000
26918	7000
56848	7000
29152	7000
9931	7000
57124	7000
53837	7000
3401	7000
30998	7000
53948	7000
45144	7000
54046	7000
27464	7000
12757	7000
57423	7000
38278	7000
27541	7000
51823	7000
18588	7000
50387	7000
198239	7000
29553	7000
39470	7000
42841	7000
57202	7000
20924	7000
41872	7000
27626	7000
12540	7000
46215	7000
4224	7000
53389	7000
48362	7000
52328	7000
41811	7000
46664	7000
132111	7000
14746	7000
12327	7000
24582	7000
54444	7000
57381	7000
33361	7000
6086	7000
57516	7000
198570	7000
34510	7000
198818	7000
59560	7000
16004	7000
40999	7000
45945	7000
34233	7000
36959	7000
50372	7000
41695	7000
33854	7000
57228	7000
28654	7000
198492	7000
34942	7000
40850	7000
262787	7000
3633	7000
48297	7000
19233	7000
50468	7000
61215	7000
197219	7000
55350	7000
51886	7000
50206	7000
198288	7000
10654	7000
9208	7000
10367	7000
132435	7000
34868	7000
21461	7000
18638	7000
132730	7000
132536	7000
29998	7000
198554	7000
197736	7000
27193	7000
49902	7000
49505	7000
36958	7000
16737	7000
38781	7000
132426	7000
56833	7000
21360	7000
262680	7000
262757	7000
53235	7000
28640	7000
60532	7000
12362	7000
262839	7000
29231	7000
14558	7000
52896	7000
61337	7000
50968	7000
20338	7000
32738	7000
197589	7000
37079	7000
59554	7000
26320	7000
262501	7000
132876	7000
3842	7000
60362	7000
3250	7000
52836	7000
52944	7000
3186	7000
15691	7000
10431	7000
62929	7000
62182	7000
22919	7000
393316	7000
16798	7000
62947	7000
199706	7000
12650	7000
262492	7000
26689	7000
51744	7000
14613	7000
11045	7000
29606	7000
15398	7000
199937	7000
46873	7000
24290	7000
4270	7000
200163	7000
53901	7000
263062	7000
14829	7000
45680	7000
62588	7000
28152	7000
57007	7000
52275	7000
58792	7000
53022	7000
132933	7000
393431	7000
46110	7000
262805	7000
20681	7000
393470	7000
131291	7000
52465	7000
45496	7000
20686	7000
263337	7000
200187	7000
21478	7000
201764	7000
52317	7000
61470	7000
262189	7000
52420	7000
52498	7000
52824	7000
17673	7000
29844	7000
29305	7000
45910	7000
58436	7000
10670	7000
29897	7000
39373	7000
52380	7000
63128	7000
12236	7000
24226	7000
61816	7000
35949	7000
201962	7000
201505	7000
32432	7000
11514	7000
45884	7000
27790	7000
62782	7000
33781	7000
22402	7000
50710	7000
13064	7000
263460	7000
4594	7000
28026	7000
11114	7000
28364	7000
9355	7000
32678	7000
30691	7000
40966	7000
52736	7000
3669	7000
196670	7000
54039	7000
133678	7000
50597	7000
393717	7000
36273	7000
45133	7000
61026	7000
32397	7000
59102	7000
2607	7000
201506	7000
262871	7000
133936	7000
199188	7000
59370	7000
47608	7000
57660	7000
37177	7000
37181	7000
22748	7000
51728	7000
263432	7000
9559	7000
132848	7000
131475	7000
48588	7000
132917	7000
20448	7000
63383	7000
21832	7000
12276	7000
201222	7000
36483	7000
52490	7000
60116	7000
52401	7000
26312	7000
39391	7000
34916	7000
53173	7000
63450	7000
11986	7000
34450	7000
10925	7000
393945	7000
32546	7000
18986	7000
29355	7000
26414	7000
63863	7000
19381	7000
30076	7000
30919	7000
134355	7000
394010	7000
11301	7000
53154	7000
198095	7000
28670	7000
264101	7000
9916	7000
25081	7000
200780	7000
6082	7000
133344	7000
53191	7000
46047	7000
28941	7000
52795	7000
39764	7000
262229	7000
32764	7000
11948	7000
48294	7000
12696	7000
44994	7000
64200	7000
200759	7000
394356	7000
132142	7000
49524	7000
52399	7000
263126	7000
201206	7000
327894	7000
198342	7000
16652	7000
3624	7000
57141	7000
18534	7000
37629	7000
7530	7000
53164	7000
52631	7000
42555	7000
15154	7000
17832	7000
262878	7000
198313	7000
201020	7000
202030	7000
30247	7000
62363	7000
131602	7000
25581	7000
47814	7000
11342	7000
28317	7000
49855	7000
263395	7000
48461	7000
37399	7000
33623	7000
18650	7000
39532	7000
262607	7000
262650	7000
263818	7000
41721	7000
63126	7000
265159	7000
34723	7000
262949	7000
135036	7000
23352	7000
21889	7000
52348	7000
12929	7000
394514	7000
264062	7000
52381	7000
50333	7000
198913	7000
262149	7000
57961	7000
60435	7000
52999	7000
203112	7000
28635	7000
63421	7000
37634	7000
196949	7000
202054	7000
27734	7000
27884	7000
131603	7000
53233	7000
21919	7000
262585	7000
51551	7000
52702	7000
135247	7000
43578	7000
264704	7000
55043	7000
264116	7000
8542	7000
262378	7000
204028	7000
20193	7000
56190	7000
203591	7000
30892	7000
20015	7000
135192	7000
28118	7000
3061	7000
262614	7000
327960	7000
30986	7000
26968	7000
17014	7000
199888	7000
198269	7000
31394	7000
202744	7000
327859	7000
33772	7000
200001	7000
201986	7000
23641	7000
197186	7000
3165	7000
32334	7000
131911	7000
64415	7000
27733	7000
202921	7000
199517	7000
199645	7000
49761	7000
32337	7000
52601	7000
196969	7000
200142	7000
12102	7000
31479	7000
263768	7000
327821	7000
207195	7000
199550	7000
198430	7000
201049	7000
199787	7000
20714	7000
26343	7000
198909	7000
50515	7000
204121	7000
202994	7000
52455	7000
8458	7000
201068	7000
264191	7000
11844	7000
207028	7000
133130	7000
62373	7000
131274	7000
200577	7000
9648	7000
197046	7000
201953	7000
263873	7000
393907	7000
135793	7000
61487	7000
198072	7000
202177	7000
26317	7000
52290	7000
62560	7000
264527	7000
59686	7000
14211	7000
199842	7000
132535	7000
35047	7000
206999	7000
395152	7000
199981	7000
265639	7000
264797	7000
199201	7000
14845	7000
7270	7000
262685	7000
133232	7000
196928	7000
15765	7000
207156	7000
40165	7000
264152	7000
42717	7000
56745	7000
18568	7000
50016	7000
264785	7000
61864	7000
199468	7000
38805	7000
29571	7000
31510	7000
24743	7000
265672	7000
37103	7000
263897	7000
266210	7000
136300	7000
52596	7000
37623	7000
262167	7000
46401	7000
328125	7000
327900	7000
52716	7000
136417	7000
56441	7000
263235	7000
28103	7000
206720	7000
59670	7000
266610	7000
262786	7000
262452	7000
134366	7000
136552	7000
10778	7000
28160	7000
36730	7000
37055	7000
265041	7000
134319	7000
264282	7000
7663	7000
32806	7000
52327	7000
52372	7000
30900	7000
265771	7000
206108	7000
263968	7000
10217	7000
27935	7000
133007	7000
263120	7000
267507	7000
264230	7000
265995	7000
52236	7000
37027	7000
131483	7000
263384	7000
264471	7000
52349	7000
263228	7000
52413	7000
263190	7000
16350	7000
24806	7000
5385	7000
27259	7000
265760	7000
265729	7000
57508	7000
265952	7000
201950	7000
328232	7000
136323	7000
25563	7000
61527	7000
43009	7000
135639	7000
132097	7000
51484	7000
18021	7000
200799	7000
19147	7000
197518	7000
395612	7000
395627	7000
47989	7000
205260	7000
132722	7000
265871	7000
15757	7000
200960	7000
42325	7000
263248	7000
136764	7000
263713	7000
263963	7000
37616	7000
263572	7000
5397	7000
327941	7000
131446	7000
43154	7000
137144	7000
266657	7000
131248	7000
31914	7000
203146	7000
63998	7000
60752	7000
59572	7000
134736	7000
52169	7000
134305	7000
135801	7000
198330	7000
60314	7000
265016	7000
24620	7000
60082	7000
267294	7000
266926	7000
16827	7000
204086	7000
204558	7000
203255	7000
205389	7000
198279	7000
132836	7000
64477	7000
204346	7000
202488	7000
21388	7000
46506	7000
61242	7000
59986	7000
48487	7000
134264	7000
132974	7000
136713	7000
328275	7000
205535	7000
268222	7000
45954	7000
263698	7000
28050	7000
28748	7000
265209	7000
197529	7000
136287	7000
263606	7000
18875	7000
3268	7000
328339	7000
37916	7000
396914	7000
202086	7000
133915	7000
328346	7000
23676	7000
266840	7000
264297	7000
206483	7000
23038	7000
37281	7000
200736	7000
132046	7000
136668	7000
25557	7000
263732	7000
63945	7000
396951	7000
394650	7000
396960	7000
61633	7000
266835	7000
137236	7000
31277	7000
37999	7000
56140	7000
209874	7000
394366	7000
58239	7000
25946	7000
48027	7000
57136	7000
266640	7000
208976	7000
208188	7000
133817	7000
17996	6700
25467	6700
20984	6600
9872	6600
34458	6500
328144	6500
266092	6500
199121	6300
27877	6300
7496	6200
135180	6144
135850	6144
135792	6144
137608	6144
267540	6144
137627	6144
262727	6120
9051	6100
136338	6072
37357	6048
23713	6000
33554	6000
42755	6000
34419	6000
28855	6000
15562	6000
21315	6000
31251	6000
52640	6000
29438	6000
198738	6000
203679	6000
41201	6000
30261	6000
57118	6000
200753	6000
47529	6000
20677	6000
52532	6000
63320	6000
18918	6000
51191	6000
38595	6000
395378	6000
265983	6000
263084	6000
40861	6000
205191	6000
20218	6000
26038	6000
137042	6000
262818	6000
206048	6000
328167	6000
202519	6000
63069	6000
134152	6000
328152	6000
132160	6000
136670	6000
138195	6000
209678	6000
210144	6000
18647	6000
17716	6000
396472	6000
136749	6000
30730	6000
19523	6000
37130	6000
267746	6000
13837	6000
15414	6000
52503	6000
137824	6000
132641	6000
54037	6000
39671	6000
61221	6000
131644	6000
138847	6000
135383	6000
209287	6000
397715	6000
265056	6000
263019	6000
267620	6000
22798	6000
134643	6000
136131	6000
135468	6000
59155	6000
24530	6000
139425	6000
136861	6000
139947	6000
60810	6000
133808	6000
209752	6000
61600	6000
139075	6000
34225	6000
33078	6000
39905	6000
33597	6000
38915	6000
134078	6000
327733	6000
18931	6000
202053	6000
39233	6000
202829	6000
264992	6000
139226	6000
23708	5700
13878	5700
52952	5700
61749	5600
53096	5500
138686	5500
208970	5500
38456	5200
266300	5200
38457	5120
264290	5120
134883	5120
132562	5120
134035	5120
135854	5120
131215	5120
58438	5120
263374	5120
134278	5120
135202	5120
58405	5120
135184	5048
53106	5048
202384	5020
39469	5000
12414	5000
33074	5000
27848	5000
27319	5000
27322	5000
26790	5000
24469	5000
21013	5000
43407	5000
50234	5000
19875	5000
10929	5000
14651	5000
25689	5000
55799	5000
8916	5000
134391	5000
134399	5000
134395	5000
134396	5000
18210	5000
58620	5000
134390	5000
48291	5000
50809	5000
56260	5000
56233	5000
13926	5000
52789	5000
34274	5000
135754	5000
37674	5000
49695	5000
40809	5000
199863	5000
132515	5000
45294	5000
26156	5000
393280	5000
50607	5000
52769	5000
17445	5000
262957	5000
37455	5000
133487	5000
52938	5000
135028	5000
43503	5000
37704	5000
132988	5000
262338	5000
43126	5000
265644	5000
48276	5000
37429	5000
38742	5000
200608	5000
134663	5000
28189	5000
136358	5000
133638	5000
267573	5000
45170	5000
263401	5000
328119	5000
131609	5000
328110	5000
267282	5000
45587	5000
47884	5000
205819	5000
266803	5000
133354	5000
328287	5000
62445	5000
263645	5000
327743	5000
131314	5000
210234	5000
48825	5000
268490	5000
38004	5000
39855	5000
205844	5000
24076	5000
136908	5000
14224	5000
37695	5000
197686	5000
201553	5000
39126	5000
63981	5000
15739	5000
35711	5000
52786	5000
209408	5000
36394	5000
60930	5000
200147	5000
23938	5000
267859	5000
266715	5000
37777	5000
34235	5000
12976	5000
134178	5000
29169	5000
9145	5000
51313	5000
37266	5000
266344	5000
266020	5000
28056	4900
200077	4900
136990	4900
267649	4800
33081	4500
52884	4500
24206	4400
48626	4250
265865	4200
265238	4200
139641	4120
262756	4096
264238	4096
132540	4048
38712	4024
30122	4000
30133	4000
6102	4000
12759	4000
49432	4000
1798	4000
34362	4000
51446	4000
41357	4000
19468	4000
33522	4000
22431	4000
262561	4000
393626	4000
201353	4000
11910	4000
28307	4000
19807	4000
264311	4000
206506	4000
35489	4000
265027	4000
264022	4000
12732	4000
205381	4000
204981	4000
262711	4000
202313	4000
266494	4000
135597	4000
266149	4000
24691	4000
135841	4000
200590	4000
264752	4000
6233	4000
135055	4000
203649	4000
33582	4000
37428	4000
209673	4000
207146	4000
50377	4000
43065	4000
46939	4000
328476	4000
137178	4000
268809	4000
328223	4000
132445	4000
199976	4000
327906	4000
31611	4000
207622	4000
266140	4000
61802	4000
268144	4000
131749	4000
17538	4000
59139	4000
137363	4000
24527	4000
138838	4000
58474	4000
133352	4000
58485	4000
38148	4000
38783	4000
45701	4000
135464	4000
138131	4000
59613	4000
30272	4000
135763	4000
207618	4000
52436	4000
59766	4000
268710	4000
29636	4000
20766	4000
44134	4000
30803	4000
28846	4000
41497	4000
56511	4000
202032	4000
30933	4000
327909	4000
262644	4000
264580	4000
52547	4000
24446	4000
134946	4000
24243	4000
52419	3800
24594	3500
131310	3500
34407	3500
28801	3500
28187	3500
262695	3500
31222	3500
61902	3500
52722	3500
52669	3500
60501	3500
52813	3500
57254	3500
202627	3500
134832	3500
198374	3500
262466	3500
264708	3500
264795	3500
133615	3500
23667	3500
267219	3500
52326	3500
267326	3500
268619	3500
265715	3400
37638	3300
268060	3250
21056	3200
137069	3200
44977	3200
201494	3100
37186	3100
136230	3072
27754	3072
131442	3072
393807	3072
134922	3072
53192	3020
61785	3000
49933	3000
51786	3000
131247	3000
135000	3000
25516	3000
265409	3000
209263	3000
23923	3000
201695	3000
134933	3000
57166	3000
33569	3000
43338	3000
29097	3000
206945	3000
200191	3000
205168	3000
268525	3000
262231	3000
38150	3000
134863	3000
31960	3000
36865	3000
138627	3000
135415	3000
131636	3000
135234	3000
26709	3000
7727	3000
135719	3000
6505	3000
135218	3000
6373	3000
208097	3000
138143	3000
138276	3000
34019	3000
23342	3000
3130	3000
27781	3000
39145	3000
46609	3000
14333	3000
39583	3000
52344	3000
264262	3000
38515	3000
133651	3000
266260	3000
135848	3000
136255	3000
197197	3000
50903	3000
59164	3000
61092	3000
135780	3000
135269	3000
204982	3000
45630	3000
136642	3000
47748	2900
5560	2800
2854	2800
198290	2800
263978	2800
266365	2800
262527	2750
52681	2700
28589	2500
37098	2500
62100	2500
42183	2500
262307	2500
207866	2500
56791	2450
197890	2400
47522	2400
53209	2400
204994	2400
55680	2320
264555	2200
24232	2200
200303	2200
207401	2200
48126	2200
24005	2200
13917	2100
47138	2100
35053	2100
16210	2100
29140	2100
1880	2100
53114	2100
53166	2100
61319	2100
263356	2100
264754	2100
263548	2100
132268	2100
34800	2100
7532	2048
42235	2048
205086	2048
138115	2048
27659	2048
58898	2048
134605	2048
27967	2048
132559	2048
53127	2048
135226	2048
52688	2048
137937	2000
37698	2000
21659	2000
267654	2000
138988	2000
398202	2000
202347	2000
139329	2000
134522	2000
43928	2000
31673	2000
133089	2000
267386	2000
266598	2000
268523	2000
266545	2000
270383	2000
265297	2000
52477	2000
135480	2000
24207	2000
138130	2000
137378	2000
24212	2000
138887	2000
38776	2000
63882	2000
196922	2000
139605	2000
50311	2000
63874	2000
137316	2000
139446	2000
56239	2000
139972	2000
208817	2000
139909	2000
201714	2000
328543	2000
139956	2000
135323	2000
55789	2000
137159	2000
28602	2000
263720	2000
135964	2000
396841	2000
52356	2000
263762	2000
138876	2000
37708	2000
138745	2000
139528	2000
269258	2000
60304	2000
30286	2000
43518	2000
209152	2000
47442	2000
139833	2000
209109	2000
41666	2000
34927	2000
207549	2000
138365	2000
207317	2000
327720	2000
23679	2000
38143	2000
49781	2000
139431	2000
45296	2000
131773	2000
58401	2000
139978	2000
138119	2000
138079	2000
136088	2000
137358	2000
14295	2000
18520	2000
132448	2000
38771	2000
8201	2000
24541	2000
12826	2000
29449	2000
41495	2000
8820	2000
47617	2000
18221	2000
41471	2000
35260	2000
36687	2000
45500	2000
26253	2000
55761	2000
47297	2000
38757	2000
11624	2000
55658	2000
132646	2000
199516	2000
17561	2000
263536	2000
28328	2000
15672	2000
197922	2000
19116	2000
37363	2000
204005	2000
263555	2000
61913	2000
327850	2000
22549	2000
134877	2000
131459	2000
134259	2000
328033	2000
59432	2000
263043	2000
54721	2000
327814	2000
48105	2000
263143	2000
262887	2000
57695	2000
52923	2000
394102	2000
265959	2000
59368	2000
42774	2000
60975	2000
136370	2000
136708	2000
35135	2000
327817	2000
138910	2000
24953	2000
30126	2000
2042	2000
41393	2000
197669	2000
20406	2000
23201	2000
56203	2000
29170	2000
133536	2000
38496	2000
52936	2000
327761	2000
134204	2000
37302	2000
328262	2000
206235	2000
6083	1900
48252	1900
263755	1800
49653	1750
6853	1700
61203	1700
12577	1600
37223	1600
51159	1600
198721	1600
266280	1600
54210	1500
58475	1500
27024	1500
53046	1500
29876	1400
36184	1400
23710	1400
24048	1400
21476	1400
12381	1400
29259	1400
18227	1400
55865	1400
40034	1400
39931	1400
197551	1400
63829	1400
35551	1400
51349	1400
48310	1400
47628	1400
17400	1400
263290	1400
42310	1400
263893	1400
133501	1400
264608	1400
60718	1400
24880	1400
45956	1400
39010	1400
137935	1400
266896	1400
52387	1400
35579	1300
209530	1300
206782	1300
209291	1300
43573	1300
267126	1250
45220	1200
24129	1200
17895	1200
9189	1200
42587	1200
15401	1200
43853	1200
139249	1124
131668	1100
17890	1100
209555	1100
209022	1100
6066	1085
28262	1050
267427	1024
133989	1024
23893	1024
55806	1024
18230	1024
9115	1006
18052	1000
24892	1000
262416	1000
207654	1000
207491	1000
6735	1000
60391	1000
52545	1000
52998	1000
58145	1000
7562	1000
266571	1000
268280	1000
30362	1000
267732	1000
37622	1000
39070	1000
36827	1000
267830	1000
269040	1000
267062	1000
21058	1000
267833	1000
16921	1000
328518	1000
53057	1000
269432	1000
49752	1000
51001	1000
63027	1000
133809	1000
207770	1000
136244	1000
207439	1000
45424	1000
131091	1000
139021	1000
22425	1000
269091	1000
206215	1000
205920	1000
269875	1000
139449	1000
213377	1000
268268	1000
36198	1000
23855	1000
139628	1000
213342	1000
41051	1000
134917	1000
62321	1000
135225	1000
35568	1000
138663	1000
36936	1000
268821	1000
53185	1000
54728	1000
57782	1000
58731	1000
328441	1000
4618	1000
20932	1000
24050	1000
33071	1000
34505	1000
6775	1000
7469	1000
17824	1000
42473	1000
15177	1000
37159	1000
3595	1000
27413	1000
59414	1000
47692	1000
31402	1000
28198	1000
27693	1000
202194	1000
26753	1000
24492	1000
132679	1000
133043	1000
17469	1000
199230	1000
327908	1000
45951	1000
50677	1000
262568	1000
17416	1000
262713	1000
25435	1000
53094	1000
132372	1000
41651	1000
135876	1000
135425	1000
136451	1000
52373	1000
41139	1000
48507	1000
134265	1000
133311	1000
39650	1000
204708	1000
136175	1000
328255	1000
205614	1000
205964	1000
205718	1000
37395	1000
328043	1000
136982	1000
137273	1000
203976	1000
204671	1000
32030	1000
57581	1000
204633	1000
328229	1000
206262	1000
33932	1000
135190	1000
42181	1000
137016	1000
17806	1000
138536	1000
202328	1000
34553	1000
327796	1000
209626	1000
4842	1000
24124	1000
208848	1000
204326	1000
9341	900
21246	900
197038	800
133072	800
266475	800
204909	800
266355	800
266133	800
13049	770
55420	770
52920	750
30889	700
23310	700
11271	700
34746	700
33472	700
15436	700
25752	700
30141	700
41037	700
20507	700
41399	700
1982	700
8481	700
25504	700
29430	700
14970	700
34764	700
13105	700
34144	700
21840	700
44212	700
28929	700
23677	700
20081	700
9290	700
15716	700
31555	700
20483	700
31653	700
33211	700
42937	700
45425	700
24238	700
49867	700
3661	700
4641	700
14166	700
47302	700
17501	700
196967	700
28182	700
36275	700
46373	700
197439	700
2597	700
196763	700
32586	700
26106	700
12431	700
45444	700
48913	700
13591	700
10015	700
57821	700
18149	700
38190	700
35399	700
61044	700
24006	700
47762	700
31319	700
18612	700
36315	700
173	700
27983	700
133444	700
12822	700
11008	700
59752	700
199547	700
8310	700
132645	700
8922	700
56109	700
24347	700
59919	700
17970	700
263928	700
37120	700
56204	700
50623	700
25491	700
48847	700
11947	700
35001	700
49640	700
24634	700
21201	700
393629	700
205610	700
262266	700
131996	700
38217	700
57089	700
37190	700
62230	700
267673	700
202806	700
204662	700
17689	700
264650	700
34527	700
12556	700
138632	700
35090	600
39615	600
38887	600
31680	600
25433	600
6734	600
16347	600
42492	600
12854	600
52186	600
17747	600
328107	600
52051	600
203040	600
266687	600
204185	600
265890	600
268539	600
5377	600
204188	600
37472	600
264602	600
4558	524
5764	500
10678	500
29471	500
36388	500
9327	500
39180	500
19089	500
34578	500
24632	500
45054	500
52828	500
28303	500
133318	500
46045	500
264382	500
137936	500
267801	500
27806	500
32398	500
53061	500
9601	500
264756	420
267083	420
29590	400
48344	400
262716	400
44207	400
59340	400
205927	400
28215	400
263486	400
327822	400
203968	400
28211	400
265356	400
265464	400
267520	400
29006	350
265702	350
37192	315
328522	300
201146	300
61903	300
18719	300
48821	300
208063	300
39196	300
9892	300
8338	300
53216	300
31055	280
62166	250
44024	200
204438	200
13287	200
268713	200
37286	200
36369	200
207454	200
140219	200
51778	200
328585	200
207394	200
209645	200
47902	200
24776	200
24381	200
35821	200
30528	200
5111	200
56662	200
132022	200
58578	200
132882	200
327775	200
132376	200
133309	200
134232	200
36889	200
8661	200
132531	180
2499	140
327981	140
203615	100
140244	100
213386	100
10557	100
135206	100
27744	100
202301	100
213253	100
55784	100
21158	100
209833	100
16242	100
9229	100
56911	100
33983	100
131477	100
38592	100
138023	100
202479	100
206610	100
57757	100
205523	100
266551	100
35145	100
16503	75
15434	70
50088	70
13357	70
393853	70
37224	70
15469	50
37044	50
36997	50
61417	50
213330	50
20291	50
55822	44
39271	40
37209	35
43660	35
132003	28
269163	20
54049	14
37062	10
269104	10
21693	10
263855	9
37133	7
52423	6
137653	2
13594	2
13273	2
270320	1
6762	0
32787	0
2519	0
31133	0
26193	0
8015	0
17222	0
60497	0
21339	0
8470	0
51324	0
21083	0
327692	0
4755	0
6895	0
327976	0
56196	0
15932	0
57724	0
200125	0
41841	0
56575	0
198529	0
44124	0
196883	0
37424	0
6300	0
198035	0
197318	0
38942	0
42935	0
20530	0
198187	0
48694	0
43171	0
50095	0
200602	0
35199	0
200750	0
197181	0
3169	0
199510	0
44784	0
197345	0
22541	0
200089	0
52031	0
55714	0
43495	0
198007	0
48629	0
41833	0
62328	0
197697	0
199774	0
203937	0
203742	0
35787	0
206910	0
51863	0
197809	0
41379	0
42374	0
197099	0
42852	0
60755	0
29070	0
61154	0
202936	0
197295	0
198709	0
198424	0
198906	0
199265	0
197572	0
203505	0
203306	0
59611	0
198214	0
206489	0
10355	0
263097	0
57890	0
203765	0
199005	0
51101	0
62201	0
197375	0
199381	0
60219	0
196979	0
395478	0
56983	0
57665	0
3352	0
198766	0
201531	0
197437	0
201001	0
51960	0
199341	0
51068	0
265692	0
262690	0
206762	0
37087	0
52414	0
3582	0
59776	0
201332	0
264857	0
57945	0
197766	0
203157	0
33494	0
135895	0
49633	0
264853	0
10803	0
133859	0
206736	0
205073	0
21030	0
52664	0
62184	0
3249	0
206406	0
263699	0
264013	0
199473	0
132556	0
36707	0
205384	0
57332	0
198493	0
56324	0
57701	0
202626	0
57101	0
203582	0
136857	0
197837	0
136336	0
41044	0
50916	0
198081	0
37345	0
19091	0
28468	0
41297	0
203667	0
138222	0
31230	0
327753	0
60265	0
209854	0
24064	0
202434	0
328111	0
268801	0
396300	0
47237	0
206460	0
137597	0
136994	0
328401	0
52473	0
27017	0
10361	0
131954	0
49941	0
12833	0
60119	0
52544	0
199138	0
58158	0
32082	0
37550	0
27993	0
395326	0
209451	0
207306	0
43824	0
134331	0
207834	0
269826	0
328055	0
51185	0
265777	0
205897	0
207071	0
18997	0
56523	0
59598	0
204479	0
24257	0
38207	0
206479	0
135031	0
2486	0
33333	0
47950	0
17048	0
210283	0
50321	0
51262	0
63830	0
26930	0
43653	0
