32934	46040000
16509	44900000
714	43960000
8075	35380000
13335	25700000
54113	22970000
20940	17758000
22822	15210000
16276	11270000
46489	8220000
6939	8212000
17676	8130000
33891	6260000
6805	6200000
3209	5690000
7342	5100000
3356	4738000
31334	4680000
2516	4613000
39386	4605000
6461	3648000
2497	3520000
64049	3410000
9498	3350000
49544	3099000
328058	3000000
29990	2900000
19679	2780000
4230	2760000
6667	2709000
8447	2700000
28604	2660000
2119	2610000
20115	2600000
12389	2560000
9002	2553000
63293	2480000
2856	2400000
1136	2400000
2518	2370000
5650	2150000
2635	2130000
15133	2100000
3216	2097000
8966	2076000
37447	2002000
270346	2000000
4181	1963000
2914	1920000
12552	1920000
8473	1900000
1267	1860300
4637	1857000
226	1830000
41095	1822000
55391	1800000
38022	1800000
6730	1780000
21320	1750000
17511	1710000
5607	1710000
57344	1680000
2527	1670000
5578	1650000
36459	1630000
15435	1600000
8359	1588000
9009	1550000
5400	1549000
6830	1540000
16086	1500000
265950	1500000
6774	1495000
7843	1450000
12874	1430000
52320	1420000
61832	1393000
16591	1380000
7195	1370000
56478	1340000
2514	1320000
22356	1319000
12189	1310000
15305	1300000
29314	1290000
5410	1260000
5645	1230000
20485	1230000
25933	1230000
28663	1226000
45899	1220000
36408	1216000
34756	1200000
2907	1200000
328045	1200000
6327	1173000
2686	1173000
15557	1170000
1103	1162000
2818	1160000
11164	1160000
680	1155000
5089	1130000
6079	1110000
2603	1110000
32098	1103000
12713	1100000
15704	1100000
4760	1080000
58453	1070000
15169	1060000
61955	1060000
12989	1050000
1547	1042000
9304	1018000
38634	1000000
24785	1000000
13030	980000
15412	971000
12322	970000
327693	910000
38082	906000
1273	900000
24203	900000
18734	900000
23620	900000
62041	900000
13768	841000
35228	840000
4556	840000
202276	840000
12430	820000
9121	800000
17072	800000
23520	790000
6509	789000
8717	760000
11260	750000
9534	740000
6507	740000
264144	740000
37100	735000
9824	730000
23393	723000
36692	723000
52580	722000
3292	720000
11404	720000
3630	720000
13285	710000
13760	710000
42708	700000
20880	700000
25192	693000
3265	690000
53180	690000
2711	680000
46786	680000
9680	680000
9318	672000
8657	670000
4800	669000
786	660000
12479	660000
30722	660000
30081	660000
19151	640000
25506	640000
5588	630000
1257	630000
668	630000
23881	630000
29535	630000
132203	630000
27381	630000
14413	619000
6057	610000
13445	610000
47541	610000
7575	606000
812	600000
16637	600000
5432	600000
35320	600000
6661	600000
47377	600000
262206	600000
2851	600000
15962	600000
22646	600000
23563	600000
11888	600000
40356	600000
137872	600000
34224	587500
50384	570000
1741	570000
11232	560000
30600	560000
12083	540000
20504	540000
39651	540000
15802	540000
5378	530000
12714	520500
8529	520000
26615	520000
7155	520000
59605	513000
23576	510000
6128	510000
4134	500000
18403	500000
38091	500000
47582	500000
37662	490000
42525	483000
43531	483000
37271	476000
8426	471000
34984	470000
9930	460000
29119	460000
28343	457000
5413	456000
31500	456000
7545	456000
28368	453000
13170	453000
396253	452000
4739	450000
12849	450000
7795	440000
28146	440000
28580	432000
7738	423000
47605	423000
5713	420210
13037	420000
2852	420000
23184	420000
7992	420000
34218	420000
200981	420000
4685	410000
62887	410000
9269	405000
55818	403300
4766	400000
14282	400000
30517	400000
197595	400000
2510	400000
52941	400000
14630	400000
49477	400000
49374	400000
9505	393000
109	391000
12200	390000
7029	390000
18081	390000
40788	390000
137922	390000
702	387300
3327	381000
9050	380000
5009	380000
28126	380000
263327	380000
262287	380000
48237	370000
4761	370000
3741	369100
17639	366000
2116	363000
9231	363000
262503	363000
2828	360000
31027	360000
4648	360000
58073	360000
19009	360000
6768	360000
393565	360000
23404	360000
46450	360000
262740	360000
3491	352000
31655	350000
38880	348000
53162	346000
2906	340000
6614	340000
23473	333000
4713	330000
293	330000
31939	330000
52840	330000
53013	330000
55900	330000
62955	330000
6697	330000
263903	330000
11269	330000
35753	325000
24115	322000
50304	320000
62904	320000
9605	320000
25180	316000
17451	315000
15224	312000
38622	310000
21976	310000
197790	310000
10474	306000
45158	303000
136106	303000
24940	300000
3601	300000
33362	300000
16904	300000
58682	300000
61449	300000
24748	300000
49378	300000
267056	300000
265937	300000
36062	300000
20943	300000
132825	300000
6465	300000
202425	300000
59930	300000
209222	300000
7418	300000
262355	293000
15600	290000
6866	290000
52925	290000
27475	290000
30844	281000
2110	280000
40428	280000
3255	280000
4773	280000
30094	279000
14868	275250
11686	270000
9116	270000
9723	270000
8455	270000
47764	270000
10143	270000
39608	270000
28260	270000
21245	270000
2559	270000
205216	270000
38883	269000
21574	267000
264668	264000
5603	260000
53158	260000
196925	260000
28331	260000
137831	260000
51069	260000
30781	259000
8781	251000
23889	251000
35407	250000
53766	250000
17559	243000
22689	242400
39202	240000
7670	240000
13489	240000
33915	240000
10030	240000
18121	240000
766	240000
62	240000
54183	240000
54312	240000
27715	240000
28158	240000
26801	240000
263297	240000
63221	240000
201641	240000
61102	240000
52871	240000
54133	240000
41998	240000
59027	240000
17885	240000
703	238300
26415	235000
44050	234000
48919	234000
262659	233000
39326	232000
7473	230000
11758	230000
28338	230000
33132	230000
2860	230000
3786	230000
263073	230000
138132	226000
18106	225000
58507	224000
12353	220000
262773	220000
45780	216000
6908	213000
6412	213000
200020	212000
36924	212000
35213	211000
852	210000
23498	210000
29550	210000
577	210000
25885	210000
9595	210000
36089	210000
24033	210000
13124	210000
132132	210000
15085	210000
44053	210000
43205	210000
4258	210000
25512	210000
38790	210000
200455	210000
7679	210000
8095	210000
61400	210000
11979	210000
43332	210000
267469	210000
31898	210000
26162	206000
2687	204000
10310	200000
559	200000
15542	200000
12956	200000
4787	200000
133612	200000
28171	200000
263665	200000
30990	200000
266989	200000
26077	200000
131160	200000
28598	200000
133496	200000
20347	200000
50129	200000
20394	200000
47422	200000
59783	200000
8632	198000
4788	196000
262428	190000
265399	190000
12731	187500
39912	186000
21385	183600
9924	183600
9031	183000
28716	183000
37168	183000
9902	183000
262807	183000
34244	182000
35432	182000
2152	180300
5769	180000
21502	180000
9070	180000
29695	180000
6181	180000
38858	180000
43646	180000
28624	180000
21321	180000
32184	180000
38819	180000
17941	180000
45204	180000
53184	180000
6848	180000
49685	180000
7415	180000
46	180000
52005	180000
41798	180000
6471	180000
267484	180000
7862	177000
262848	172000
28201	171000
18705	170000
43727	170000
17709	170000
9365	170000
10036	170000
266931	170000
6407	166000
8462	165000
9729	162000
19108	160000
30419	160000
12129	160000
5483	160000
34867	160000
262729	160000
263080	160000
8452	160000
7049	160000
37153	160000
11550	160000
23693	160000
14061	160000
262778	159000
13189	158000
38466	156000
16302	156000
27988	156000
9342	156000
23148	153000
13193	153000
26803	153000
58580	152000
5511	150000
25899	150000
7552	150000
13249	150000
22742	150000
17924	150000
9500	150000
27747	150000
7632	150000
36040	150000
58601	150000
34700	150000
49158	150000
13576	150000
262468	150000
42830	150000
197482	150000
12709	150000
31272	150000
19324	150000
6922	150000
35362	150000
327987	150000
45558	150000
264215	150000
21808	150000
49824	150000
263616	150000
50473	150000
6447	148700
43561	145000
17665	144000
11814	143000
37282	143000
64315	143000
15419	142000
22724	141000
16735	140000
262476	140000
52696	140000
30838	140000
136743	140000
396356	140000
267590	140000
9044	138000
14026	135000
53065	133000
58530	132000
26554	131000
28649	131000
2611	130000
18278	130000
262731	130000
43668	130000
206819	130000
199995	130000
3300	129000
8308	129000
28330	129000
14340	128200
24130	126000
12678	126000
262847	126000
52551	126000
12041	125000
132296	125000
136784	125000
27471	124000
28202	124000
3267	123300
19165	123000
6067	123000
22691	123000
3302	123000
9299	123000
15958	123000
32286	123000
8968	123000
52579	123000
37417	123000
45638	123000
37613	123000
14969	123000
28125	122000
8365	120000
29422	120000
11096	120000
17819	120000
27589	120000
38107	120000
25577	120000
21371	120000
39102	120000
36351	120000
39704	120000
25668	120000
20845	120000
60339	120000
31242	120000
8535	120000
35717	120000
15517	120000
1424	120000
13147	120000
8866	120000
21232	120000
41678	120000
28666	120000
5391	120000
28267	120000
1241	120000
9650	120000
8448	120000
19996	120000
18260	120000
18182	120000
56396	120000
16700	120000
41164	120000
35193	120000
28665	120000
30950	120000
36937	120000
58209	120000
47242	120000
24751	120000
21413	120000
25255	120000
10158	120000
48634	120000
54998	120000
38333	120000
22147	120000
8445	120000
5403	120000
28191	120000
10118	120000
17054	120000
51852	120000
262434	120000
262664	120000
53037	120000
197451	120000
56038	120000
132215	120000
9667	120000
3261	120000
58243	120000
17012	120000
132680	120000
48620	120000
63290	120000
50204	120000
394497	120000
44735	120000
719	120000
28576	120000
327991	120000
36873	120000
13807	120000
34058	120000
44416	120000
27919	120000
40526	120000
3754	120000
28554	120000
30818	120000
58941	120000
64220	120000
33438	120000
131917	120000
39899	120000
6307	120000
135262	120000
24703	120000
52468	120000
266167	120000
41194	120000
25019	120000
55182	120000
56444	120000
27925	120000
41206	120000
38327	120000
54827	120000
17583	120000
136907	120000
1759	120000
62668	120000
26446	120000
8540	120000
41275	120000
210278	120000
17717	120000
47481	117000
4657	116000
58307	116000
262760	116000
137	114000
44843	114000
17922	113000
41018	113000
7782	110000
30041	110000
40029	110000
63242	110000
52908	110000
60169	110000
21559	110000
45011	110000
50050	110000
14361	108000
9354	108000
34610	108000
197888	108000
11666	106000
398131	106000
4780	104000
41202	104000
14492	103000
263421	102000
201054	102000
24324	102000
16570	102000
25358	101000
1828	101000
10098	100300
24916	100000
27524	100000
26496	100000
29009	100000
20773	100000
50643	100000
7671	100000
18450	100000
28229	100000
24277	100000
37693	100000
21488	100000
28370	100000
63516	100000
13000	100000
53240	100000
134139	100000
133120	100000
34120	100000
40217	100000
39551	100000
131934	100000
14860	100000
9136	100000
4694	100000
32440	100000
262595	100000
23059	100000
3320	99000
12859	99000
23930	99000
33011	99000
20804	99000
10003	99000
38758	99000
8674	98000
20459	98000
41552	97500
37358	97000
20121	97000
7475	96300
8487	96000
9264	96000
12310	96000
10029	96000
7311	96000
56258	96000
38987	96000
35761	96000
13122	95000
262532	94208
134697	94100
1239	94000
58396	94000
45352	93900
1836	93000
3701	93000
8399	93000
3262	93000
9246	93000
17547	93000
9957	93000
31463	93000
30539	93000
11142	93000
262505	93000
37678	93000
199319	93000
49290	92500
18283	92000
9749	92000
57866	91000
12654	90300
10835	90300
701	90000
2381	90000
21409	90000
19318	90000
12871	90000
237	90000
6695	90000
2529	90000
12306	90000
40511	90000
36944	90000
6473	90000
41420	90000
39605	90000
11403	90000
26163	90000
9008	90000
48918	90000
1406	90000
8530	90000
33083	90000
25148	90000
17534	90000
18268	90000
34056	90000
39545	90000
36012	90000
59536	90000
1422	90000
18200	90000
26677	90000
36280	90000
10302	90000
45031	90000
42000	90000
35575	90000
2614	90000
55569	90000
23786	90000
47708	90000
47264	90000
36222	90000
38651	90000
262444	90000
262403	90000
13825	90000
61374	90000
52752	90000
51409	90000
10002	90000
39444	90000
263055	90000
23778	90000
9993	90000
3128	90000
10578	90000
19889	90000
63270	90000
9997	90000
3252	90000
262732	90000
21777	90000
262485	90000
197727	90000
37892	90000
9834	90000
53078	90000
262343	90000
133403	90000
12847	90000
9029	90000
16851	90000
327901	90000
36734	90000
53152	90000
32505	90000
30028	90000
28605	90000
42981	90000
41508	90000
16110	90000
18747	90000
48956	90000
35434	90000
196729	90000
59460	90000
26133	90000
266448	90000
202103	90000
131912	90000
202196	90000
29107	90000
263998	90000
18255	90000
23105	90000
39251	90000
8819	90000
54198	90000
131937	90000
39507	90000
60893	90000
205139	90000
35709	90000
137280	90000
43729	90000
35640	90000
44061	90000
224	88000
28166	86000
55329	86000
262865	85000
28258	84000
132255	84000
27955	84000
13896	84000
3257	82000
35745	82000
262794	81920
59699	81200
56308	81000
48166	81000
132770	81000
32217	81000
44684	80000
31727	80000
4818	80000
4635	80000
23783	80000
12387	80000
23114	80000
40220	80000
11835	80000
35805	80000
23314	80000
12392	80000
10001	80000
263880	80000
43656	80000
61157	80000
53147	80000
199408	80000
22697	80000
21367	80000
32233	80000
56931	80000
202409	80000
328437	80000
6846	80000
61201	80000
4857	80000
37468	80000
27901	80000
13009	78000
55581	78000
3225	78000
9297	77000
262725	77000
41096	76000
33763	75000
61189	75000
199503	73000
42	72900
18059	72000
38322	72000
24183	72000
22363	72000
132146	72000
28130	71000
52937	71000
56828	71000
1680	70000
54329	70000
50629	70000
19189	70000
52751	70000
52689	70000
15054	70000
7162	70000
1659	70000
42504	70000
290	70000
132934	70000
265130	70000
23704	70000
50073	70000
40317	70000
262594	70000
9457	70000
137557	70000
43607	70000
209116	70000
12350	69000
37150	69000
26613	69000
37254	68000
24709	67000
20910	67000
55666	66500
42456	66300
60474	66300
131745	66200
34245	66000
1280	66000
34803	66000
16839	66000
4770	66000
24852	66000
327698	66000
53115	66000
28359	66000
204053	66000
327984	66000
204222	66000
51060	66000
44646	66000
50083	66000
133930	66000
136119	66000
268331	64800
62040	64512
51706	64000
58376	64000
25818	63400
10490	63000
7752	63000
16586	63000
27008	63000
27924	63000
15399	63000
4844	63000
16371	63000
6663	63000
13243	63000
38583	63000
4628	63000
22772	63000
25460	63000
57169	63000
55720	63000
57353	63000
50272	63000
24535	63000
57463	63000
262516	63000
28978	63000
51018	63000
262441	63000
49102	63000
199723	63000
200889	63000
200539	63000
16374	63000
60191	63000
267521	63000
135060	63000
8752	63000
55359	63000
35619	62300
15576	62000
47195	62000
328146	62000
38623	61800
11377	61440
37028	61100
53187	61000
59842	61000
264005	61000
197113	61000
7610	60900
45931	60300
9245	60300
61512	60300
197091	60020
8607	60000
8763	60000
15422	60000
6619	60000
25441	60000
25309	60000
35028	60000
16150	60000
3605	60000
8897	60000
27552	60000
17356	60000
6315	60000
35916	60000
30212	60000
18150	60000
15366	60000
16713	60000
30914	60000
6677	60000
25761	60000
12312	60000
31477	60000
16082	60000
5467	60000
2857	60000
20161	60000
8732	60000
2544	60000
2044	60000
21221	60000
12969	60000
8343	60000
855	60000
12676	60000
34594	60000
8608	60000
13868	60000
9293	60000
35819	60000
36416	60000
8057	60000
13536	60000
48971	60000
8903	60000
17514	60000
1930	60000
32869	60000
8544	60000
8896	60000
11030	60000
50295	60000
34555	60000
13370	60000
18678	60000
15474	60000
9186	60000
49788	60000
17955	60000
59835	60000
6679	60000
34456	60000
394739	60000
7642	60000
8821	60000
55480	60000
47155	60000
10297	60000
15440	60000
21099	60000
62047	60000
39832	60000
5619	60000
15497	60000
35017	60000
50606	60000
10973	60000
13730	60000
1251	60000
23316	60000
23678	60000
19169	60000
14265	60000
23089	60000
51243	60000
18129	60000
10094	60000
43833	60000
13360	60000
46043	60000
393223	60000
3333	60000
262744	60000
18978	60000
60955	60000
12996	60000
20836	60000
22799	60000
20771	60000
28224	60000
28667	60000
11815	60000
8055	60000
28668	60000
15502	60000
262854	60000
7057	60000
37596	60000
26609	60000
12338	60000
62752	60000
61231	60000
32204	60000
393523	60000
39184	60000
62715	60000
36112	60000
263311	60000
200052	60000
53597	60000
54665	60000
62455	60000
26479	60000
57864	60000
28349	60000
44356	60000
31115	60000
26292	60000
199860	60000
12670	60000
197013	60000
10733	60000
61438	60000
13739	60000
11468	60000
6994	60000
31950	60000
54527	60000
262150	60000
11924	60000
262696	60000
28131	60000
202023	60000
4581	60000
52694	60000
11280	60000
17310	60000
24611	60000
6325	60000
63124	60000
20952	60000
28310	60000
20850	60000
14627	60000
46435	60000
263544	60000
33713	60000
263535	60000
17809	60000
4809	60000
41046	60000
23669	60000
59899	60000
9615	60000
4557	60000
264397	60000
202119	60000
58708	60000
24249	60000
264543	60000
262699	60000
58589	60000
27364	60000
25083	60000
44914	60000
37439	60000
37515	60000
134053	60000
1342	60000
20717	60000
20715	60000
200852	60000
38924	60000
9146	60000
22442	60000
12735	60000
54290	60000
29866	60000
11240	60000
18419	60000
6122	60000
13977	60000
47438	60000
262457	60000
265206	60000
35205	60000
56890	60000
62499	60000
27618	60000
263516	60000
132323	60000
41549	60000
32212	60000
9946	60000
48793	60000
27216	60000
263482	60000
17726	60000
202895	60000
15669	60000
264437	60000
56282	60000
52531	60000
61584	60000
28134	60000
51619	60000
36866	60000
263427	60000
198537	60000
41026	60000
11014	60000
200594	60000
198948	60000
197667	60000
24271	60000
198418	60000
134033	60000
28545	60000
47254	60000
58863	60000
55805	60000
34092	60000
60860	60000
43509	60000
198525	60000
52106	60000
57249	60000
51636	60000
206890	60000
41160	60000
204126	60000
199250	60000
203658	60000
48503	60000
50705	60000
51390	60000
5582	60000
50767	60000
43571	60000
133206	60000
202228	60000
37700	60000
37701	60000
37699	60000
62622	60000
43679	60000
135814	60000
266409	60000
199434	60000
21171	60000
395466	60000
13381	60000
58942	60000
58943	60000
63839	60000
63832	60000
64219	60000
64216	60000
64222	60000
395081	60000
18274	60000
58548	60000
395383	60000
394625	60000
202120	60000
264367	60000
24745	60000
198551	60000
9694	60000
15924	60000
37340	60000
3662	60000
203165	60000
266211	60000
262365	60000
206548	60000
39431	60000
206314	60000
2590	60000
262548	60000
35614	60000
53231	60000
6917	60000
61917	60000
28658	60000
3479	60000
134312	60000
39840	60000
39871	60000
45187	60000
13767	60000
198371	60000
265061	60000
394308	60000
45269	60000
15659	60000
131920	60000
34612	60000
136838	60000
8895	60000
58713	60000
4673	60000
56318	60000
56635	60000
35237	60000
57279	60000
35539	60000
55872	60000
201105	60000
7337	60000
52766	60000
61053	60000
264450	60000
53156	60000
56864	60000
31004	60000
18390	60000
17608	60000
265359	60000
17889	60000
39798	60000
198612	60000
328278	60000
2682	60000
54578	60000
62282	60000
51048	60000
25454	60000
266444	60000
267530	60000
37317	60000
394073	60000
266341	60000
15624	60000
393979	60000
33166	60000
267201	60000
264023	60000
46276	60000
10947	60000
264270	60000
55943	60000
36493	60000
9435	60000
202414	60000
32564	60000
7838	60000
135662	60000
34702	60000
137562	60000
262456	60000
48287	60000
31200	60000
8369	60000
132692	60000
205881	60000
27745	60000
60415	60000
12455	60000
267624	60000
136518	60000
397095	60000
132528	60000
14593	60000
23540	60000
134220	60000
264150	60000
49624	60000
52007	60000
29588	60000
2526	60000
396125	60000
4652	60000
328170	60000
9795	60000
263779	60000
328417	60000
18676	60000
133898	60000
263271	60000
47478	60000
46375	60000
32415	60000
13786	60000
9976	60000
52772	60000
266453	60000
266608	60000
24532	60000
45298	60000
7381	60000
48422	60000
328388	60000
20144	58000
44654	57000
37333	57000
37157	57000
61573	56000
5416	56000
393891	56000
16211	55000
34087	55000
137367	55000
38861	54000
263445	54000
38511	52000
53171	52000
132453	52000
31257	52000
262409	52000
63859	52000
52662	51200
25542	51000
12703	51000
4851	51000
12926	51000
14380	51000
8280	51000
34577	51000
9155	51000
7784	50000
10594	50000
803	50000
49835	50000
7713	50000
32299	50000
17882	50000
39642	50000
28294	50000
15191	50000
262765	50000
262493	50000
199335	50000
45356	50000
9244	50000
14828	50000
264111	50000
207073	50000
266468	50000
264582	50000
263347	50000
136557	50000
264223	50000
59964	50000
41693	50000
25615	50000
265886	50000
48452	50000
262463	50000
210	50000
200478	50000
7539	50000
268221	50000
61751	50000
131627	50000
32798	50000
202709	50000
137575	50000
41327	50000
56381	50000
24429	50000
205473	50000
132476	48700
51918	48000
200043	48000
131744	47000
263237	47000
58057	47000
7600	46000
72	46000
264460	45600
3856	45530
29608	45300
5564	45000
53196	45000
262293	45000
263405	45000
262715	45000
52930	45000
52940	45000
197588	45000
9652	45000
264564	45000
266131	45000
55766	45000
23871	44200
264598	44096
39869	44000
10021	44000
53102	44000
327824	44000
198517	44000
45305	44000
58821	44000
22438	43000
33182	43000
9416	43000
12470	43000
28250	43000
262721	43000
37645	43000
133840	43000
262537	43000
262352	42048
12779	42000
10881	42000
39792	42000
55862	42000
57119	42000
61287	42000
63028	42000
61211	42000
202020	42000
395561	42000
56449	42000
263542	42000
24186	42000
328242	42000
202454	42000
58477	42000
55674	41900
51784	41100
48728	41000
138064	41000
4007	40600
9038	40300
16245	40000
41690	40000
22561	40000
10075	40000
59900	40000
22652	40000
23700	40000
37105	40000
5541	40000
15763	40000
37273	40000
56329	40000
28284	40000
25447	40000
22177	40000
28309	40000
39090	40000
54540	40000
52962	40000
26120	40000
22085	40000
59384	40000
15280	40000
264359	40000
28145	40000
11708	40000
8387	40000
5518	40000
263321	40000
62943	40000
263982	40000
262676	40000
53211	40000
50153	40000
199585	40000
265278	40000
35007	40000
264052	40000
265496	40000
132976	40000
263336	40000
61588	40000
13329	40000
265032	40000
267289	40000
133380	40000
56309	40000
58171	40000
14288	40000
45361	40000
8803	40000
20618	40000
56655	40000
32621	40000
207972	40000
7941	40000
19306	40000
138840	40000
268819	40000
264998	40000
262964	40000
52639	40000
27984	40000
41985	40000
20657	40000
137373	40000
22534	40000
328538	40000
37020	40000
37453	40000
327738	40000
39065	40000
134369	40000
39902	40000
396501	40000
133339	40000
9891	40000
35137	40000
397806	40000
43060	40000
35847	40000
207353	40000
8435	40000
265135	40000
20634	39000
13002	39000
4775	39000
45896	39000
14717	39000
15699	39000
52888	39000
28209	39000
52660	39000
14701	39000
64475	39000
5118	39000
63928	39000
266498	39000
204805	39000
197473	39000
44964	39000
37451	39000
39823	39000
7131	39000
12693	37500
51795	37500
38220	37000
17828	37000
55259	37000
28169	36900
34006	36330
208477	36200
5430	36000
6130	36000
17660	36000
20969	36000
4927	36000
43708	36000
34108	36000
8902	36000
20764	36000
43545	36000
58451	36000
34790	36000
8246	36000
21430	36000
49455	36000
18229	36000
57151	36000
48559	36000
57356	36000
14633	36000
58779	36000
58980	36000
262318	36000
51263	36000
37276	36000
198736	36000
263265	36000
28226	36000
263394	36000
263329	36000
132164	36000
56099	36000
199846	36000
35306	36000
197400	36000
7656	36000
200781	36000
57513	36000
38769	36000
2847	36000
39067	36000
42947	36000
49888	35100
28124	35000
199496	35000
39479	35000
53052	35000
34347	34000
39351	34000
53246	34000
3462	34000
58495	34000
48539	33792
327962	33792
327756	33792
21069	33000
2915	33000
2153	33000
16186	33000
4150	33000
286	33000
30827	33000
35244	33000
26785	33000
24167	33000
8788	33000
29611	33000
8723	33000
23171	33000
5631	33000
13272	33000
29141	33000
42093	33000
39637	33000
45411	33000
42612	33000
12684	33000
25151	33000
31167	33000
50572	33000
36149	33000
48850	33000
16175	33000
47408	33000
39904	33000
11233	33000
29834	33000
6777	33000
49349	33000
36817	33000
1126	33000
52866	33000
28287	33000
53589	33000
39279	33000
58940	33000
21485	33000
28132	33000
17625	33000
36907	33000
43406	33000
53889	33000
29462	33000
37619	33000
23550	33000
262259	33000
327745	33000
28110	33000
15008	33000
262454	33000
262288	33000
262481	33000
32867	33000
4678	33000
32338	33000
20904	33000
51055	33000
52438	33000
60610	33000
327794	33000
262388	33000
64044	33000
133324	33000
264268	33000
57896	33000
24651	33000
20412	33000
199803	33000
133421	33000
29522	33000
38197	33000
47551	33000
7540	33000
38714	33000
56949	33000
198151	33000
47252	33000
198389	33000
61709	33000
201290	33000
197592	33000
197747	33000
197262	33000
198401	33000
198040	33000
199754	33000
50550	33000
199978	33000
200176	33000
264811	33000
200668	33000
24338	33000
52666	33000
25509	33000
395400	33000
263396	33000
42490	33000
198380	33000
15188	33000
49409	33000
31726	33000
133616	33000
62597	33000
47626	33000
8194	33000
49028	33000
37720	33000
37675	33000
264138	33000
46723	33000
198910	33000
6798	33000
137166	32768
132894	32100
44099	32000
10204	32000
21709	32000
56246	32000
53587	32000
58650	32000
36923	32000
39806	32000
62275	32000
59288	32000
37786	32000
264524	32000
37294	32000
30813	31500
51948	31500
57723	31048
21859	31000
31708	31000
22556	31000
16206	31000
57731	31000
45280	31000
262706	31000
14576	31000
263584	31000
18351	31000
61094	31000
202566	31000
202004	31000
328216	31000
28183	30720
29918	30720
45194	30720
134881	30720
132137	30720
133001	30720
262691	30720
61686	30720
196695	30720
61666	30720
53107	30720
11062	30720
264404	30720
42669	30300
6738	30300
17306	30240
60261	30000
55429	30000
63311	30000
13657	30000
30972	30000
24043	30000
7091	30000
8560	30000
8190	30000
5605	30000
30176	30000
26347	30000
29748	30000
21947	30000
6405	30000
29686	30000
2685	30000
12008	30000
35985	30000
25466	30000
23686	30000
24121	30000
9989	30000
11537	30000
24931	30000
6623	30000
23260	30000
31736	30000
394070	30000
17645	30000
13054	30000
36683	30000
6423	30000
31400	30000
3512	30000
29208	30000
24642	30000
35843	30000
43683	30000
5539	30000
7568	30000
26792	30000
39598	30000
23265	30000
13354	30000
13041	30000
43284	30000
16814	30000
5577	30000
42227	30000
35332	30000
11051	30000
42184	30000
13692	30000
8744	30000
29562	30000
47172	30000
47841	30000
47215	30000
11995	30000
47344	30000
33737	30000
24105	30000
48943	30000
46484	30000
6295	30000
47490	30000
31252	30000
21724	30000
11664	30000
45668	30000
33130	30000
38478	30000
33139	30000
19117	30000
20985	30000
33796	30000
12316	30000
47143	30000
19750	30000
11071	30000
21250	30000
12188	30000
33470	30000
41601	30000
52892	30000
44788	30000
11922	30000
59895	30000
11798	30000
29404	30000
35470	30000
50821	30000
22546	30000
53131	30000
38657	30000
513	30000
30851	30000
46849	30000
22653	30000
14116	30000
45711	30000
8728	30000
13703	30000
26531	30000
12042	30000
44160	30000
53070	30000
18209	30000
29037	30000
56030	30000
49895	30000
46793	30000
20718	30000
39138	30000
16095	30000
19531	30000
40581	30000
51929	30000
6723	30000
23627	30000
13857	30000
20811	30000
21525	30000
24554	30000
19844	30000
10024	30000
27887	30000
41412	30000
25764	30000
6336	30000
9621	30000
12578	30000
600	30000
53175	30000
32613	30000
23816	30000
19782	30000
37235	30000
27947	30000
197377	30000
48500	30000
11123	30000
17246	30000
32365	30000
54154	30000
26167	30000
10653	30000
45634	30000
43852	30000
34270	30000
14877	30000
54652	30000
21412	30000
18199	30000
25780	30000
9584	30000
53306	30000
8823	30000
53100	30000
1120	30000
16243	30000
44858	30000
12033	30000
11242	30000
42239	30000
53349	30000
54376	30000
50673	30000
54225	30000
16724	30000
132267	30000
10102	30000
54327	30000
63060	30000
57187	30000
7849	30000
58656	30000
199339	30000
25273	30000
58010	30000
10019	30000
60717	30000
27026	30000
41281	30000
8245	30000
57068	30000
18049	30000
33604	30000
28277	30000
28153	30000
262777	30000
28306	30000
262903	30000
28571	30000
28591	30000
262780	30000
14571	30000
132857	30000
58820	30000
12536	30000
53195	30000
53130	30000
53080	30000
11475	30000
10996	30000
17685	30000
59497	30000
38043	30000
57029	30000
11081	30000
199364	30000
29485	30000
11195	30000
54929	30000
29933	30000
262333	30000
14103	30000
57193	30000
40700	30000
33606	30000
55923	30000
36444	30000
18516	30000
32421	30000
33515	30000
40413	30000
10993	30000
23274	30000
26288	30000
62915	30000
45498	30000
25653	30000
5664	30000
62874	30000
26838	30000
28366	30000
196844	30000
53143	30000
40676	30000
262704	30000
31877	30000
32479	30000
32100	30000
262420	30000
55785	30000
15267	30000
26827	30000
22921	30000
15108	30000
52251	30000
18094	30000
133534	30000
262620	30000
10886	30000
53221	30000
58299	30000
262230	30000
27833	30000
20207	30000
6368	30000
262724	30000
52558	30000
14463	30000
24730	30000
61951	30000
11414	30000
61871	30000
133579	30000
57963	30000
198203	30000
62469	30000
30466	30000
262989	30000
59214	30000
52846	30000
262377	30000
42775	30000
43317	30000
54002	30000
262402	30000
264531	30000
264492	30000
53224	30000
53122	30000
262675	30000
27768	30000
36445	30000
133420	30000
28163	30000
52685	30000
61950	30000
4540	30000
9022	30000
199256	30000
262667	30000
62183	30000
50148	30000
35074	30000
56301	30000
28066	30000
32710	30000
28219	30000
24278	30000
133873	30000
49063	30000
198477	30000
10481	30000
42845	30000
11976	30000
60690	30000
327893	30000
5690	30000
24309	30000
16832	30000
262983	30000
17483	30000
327826	30000
40028	30000
393965	30000
61244	30000
15433	30000
9999	30000
25068	30000
262256	30000
263587	30000
23913	30000
134363	30000
42567	30000
31769	30000
263668	30000
4043	30000
263789	30000
18616	30000
25003	30000
132167	30000
48642	30000
26271	30000
59	30000
819	30000
32277	30000
263822	30000
6561	30000
61942	30000
263569	30000
29244	30000
263797	30000
25165	30000
25227	30000
201602	30000
133959	30000
198785	30000
7687	30000
11174	30000
42511	30000
8714	30000
42334	30000
16130	30000
43391	30000
58815	30000
263363	30000
28270	30000
28308	30000
11279	30000
53407	30000
262413	30000
35998	30000
17429	30000
263626	30000
29788	30000
13549	30000
19082	30000
15102	30000
55270	30000
21632	30000
25248	30000
52726	30000
51164	30000
52363	30000
20559	30000
133590	30000
18683	30000
54661	30000
28154	30000
24572	30000
19689	30000
135246	30000
52794	30000
262474	30000
134809	30000
52519	30000
52968	30000
263990	30000
133934	30000
8008	30000
394437	30000
196968	30000
328400	30000
264016	30000
52878	30000
58762	30000
45684	30000
202831	30000
64255	30000
52989	30000
197524	30000
45775	30000
264961	30000
201782	30000
327952	30000
19310	30000
52981	30000
61836	30000
62818	30000
198235	30000
199494	30000
51394	30000
64223	30000
201838	30000
133652	30000
32165	30000
27895	30000
10299	30000
197615	30000
43733	30000
32743	30000
263154	30000
264768	30000
58965	30000
52686	30000
27951	30000
46692	30000
57608	30000
262186	30000
27272	30000
263674	30000
35760	30000
50533	30000
40731	30000
48716	30000
200414	30000
199551	30000
51337	30000
134012	30000
35891	30000
60098	30000
29974	30000
262791	30000
53172	30000
35491	30000
60884	30000
57033	30000
394141	30000
27382	30000
36008	30000
55957	30000
11109	30000
206758	30000
52195	30000
265065	30000
199226	30000
262316	30000
57121	30000
7004	30000
28037	30000
263483	30000
57478	30000
60534	30000
27964	30000
39716	30000
41966	30000
262494	30000
59862	30000
18615	30000
202220	30000
7806	30000
395573	30000
395768	30000
136026	30000
52153	30000
57613	30000
262766	30000
61478	30000
50411	30000
41319	30000
395470	30000
265303	30000
17077	30000
395578	30000
50017	30000
42667	30000
58689	30000
135292	30000
263702	30000
49565	30000
23423	30000
48408	30000
395880	30000
134674	30000
1101	30000
11178	30000
23307	30000
59060	30000
197672	30000
51648	30000
13838	30000
202050	30000
6718	30000
395719	30000
135739	30000
133952	30000
394740	30000
328145	30000
57219	30000
201026	30000
394676	30000
34296	30000
14832	30000
58906	30000
29614	30000
6503	30000
61826	30000
263961	30000
45265	30000
12687	30000
52643	30000
12690	30000
25385	30000
44692	30000
202169	30000
131915	30000
202761	30000
264344	30000
263793	30000
131916	30000
265101	30000
263411	30000
196749	30000
205811	30000
61521	30000
328064	30000
201081	30000
196865	30000
135278	30000
27553	30000
53591	30000
53189	30000
135011	30000
265478	30000
198604	30000
38627	30000
23419	30000
24251	30000
262643	30000
7514	30000
264294	30000
28032	30000
199330	30000
60890	30000
206299	30000
36515	30000
50270	30000
28114	30000
63772	30000
328036	30000
6712	30000
22908	30000
41138	30000
17303	30000
38851	30000
52542	30000
53454	30000
6752	30000
132449	30000
265436	30000
198496	30000
56972	30000
42812	30000
197902	30000
327790	30000
393455	30000
41480	30000
265021	30000
46155	30000
40545	30000
62632	30000
205081	30000
53338	30000
35518	30000
262610	30000
394146	30000
62406	30000
25190	30000
266995	30000
19465	30000
27286	30000
137250	30000
135607	30000
40773	30000
63343	30000
54483	30000
264127	30000
13415	30000
61943	30000
204789	30000
266420	30000
264493	30000
204821	30000
199421	30000
15426	30000
32389	30000
15011	30000
49020	30000
267196	30000
44979	30000
20874	30000
266977	30000
267452	30000
263985	30000
134739	30000
263523	30000
205100	30000
43848	30000
31236	30000
196776	30000
5760	30000
31445	30000
23777	30000
18407	30000
51790	30000
23379	30000
132890	30000
394140	30000
27660	30000
63131	30000
263461	30000
64233	30000
63774	30000
267428	30000
60051	30000
38949	30000
41006	30000
197155	30000
265999	30000
134895	30000
202006	30000
51920	30000
1226	30000
262662	30000
266430	30000
25637	30000
268267	30000
132771	30000
47723	30000
20846	30000
37897	30000
11077	30000
262970	30000
131273	30000
197294	30000
18024	30000
131933	30000
54086	30000
57424	30000
200185	30000
55140	30000
137912	30000
265086	30000
136769	30000
40339	30000
196819	30000
29091	30000
393434	30000
136521	30000
11635	30000
39335	30000
132491	30000
37545	30000
263250	30000
29689	30000
198426	30000
27255	30000
134359	30000
2588	30000
49457	30000
31617	30000
61462	30000
266961	30000
266144	30000
138147	30000
266721	30000
41033	30000
131296	30000
40244	30000
32067	30000
3145	30000
47095	30000
59371	30000
397116	30000
202281	30000
267587	30000
131895	30000
196714	30000
197146	30000
209835	30000
19186	30000
44358	30000
50794	30000
36813	30000
46950	30000
56373	30000
3132	30000
50554	30000
63298	30000
30168	30000
268133	30000
35795	30000
6696	30000
12459	30000
29900	30000
264679	30000
9910	30000
132808	30000
57073	30000
25837	30000
33044	30000
52760	30000
23808	30000
266968	30000
197522	30000
23618	30000
23775	30000
210264	30000
264398	30000
14726	30000
265294	30000
397544	30000
265892	30000
51520	30000
268952	30000
37653	30000
17197	30000
328480	30000
131896	30000
264210	30000
267593	30000
265954	30000
266192	30000
209208	30000
2675	30000
57276	30000
16342	30000
9952	30000
267348	30000
267360	30000
328517	30000
263852	30000
204006	30000
208431	30000
26484	30000
266927	30000
266480	30000
15391	30000
37110	30000
46475	30000
199362	30000
19045	30000
264939	30000
264552	30000
45766	30000
32261	30000
44291	30000
51945	29100
42004	29000
262819	29000
268323	29000
59156	28000
48072	27100
7500	27000
61570	27000
39543	27000
55653	27000
20960	26000
262822	26000
38896	26000
9326	26000
58392	26000
63862	26000
135582	26000
6648	25000
52439	25000
131755	25000
264491	25000
196879	25000
48011	25000
25482	24576
20640	24000
29668	24000
14609	24000
35833	24000
16178	24000
33480	24000
21880	24000
262862	24000
7048	24000
52444	24000
18422	24000
57877	24000
35940	24000
328327	24000
138816	24000
267055	24000
133838	24000
38147	24000
138100	24000
8943	23200
9313	23000
262429	23000
45769	23000
263649	23000
55219	23000
203687	23000
206478	23000
31250	23000
206184	22528
61888	22500
25459	22000
23860	22000
135697	22000
328351	22000
42692	22000
136093	22000
39505	22000
59279	22000
9830	22000
12491	22000
61134	21504
263442	21500
263531	21500
31800	21300
53142	21024
327992	21024
29551	21000
33843	21000
21513	21000
9658	21000
8677	21000
34934	21000
45763	21000
262761	21000
17978	21000
53708	21000
56229	21000
23628	21000
262417	21000
203421	21000
32160	21000
28773	21000
201106	21000
59953	21000
51681	21000
11647	21000
36914	21000
49787	21000
48727	21000
24536	21000
33452	21000
263591	21000
266152	21000
33544	21000
51569	21000
26451	21000
37980	21000
328164	20480
265451	20480
45528	20480
197133	20100
20080	20000
34106	20000
26914	20000
7303	20000
14793	20000
4764	20000
12360	20000
18530	20000
20712	20000
42005	20000
9137	20000
18077	20000
41572	20000
6739	20000
4058	20000
5056	20000
18400	20000
45437	20000
59940	20000
53066	20000
62239	20000
62523	20000
264425	20000
46455	20000
134732	20000
8680	20000
134055	20000
25961	20000
37195	20000
55256	20000
203629	20000
264575	20000
25472	20000
55507	20000
201754	20000
206499	20000
31857	20000
264517	20000
264562	20000
263625	20000
131914	20000
395332	20000
41691	20000
396503	20000
8637	20000
266156	20000
265019	20000
203261	20000
28319	20000
267075	20000
54574	20000
11751	20000
201447	20000
394449	20000
50698	20000
203942	20000
265484	20000
35913	20000
264017	20000
394302	20000
6059	20000
1640	20000
11272	20000
138576	20000
54506	20000
29802	20000
1916	20000
202596	20000
10279	20000
33164	20000
7516	20000
196954	20000
42705	20000
21277	20000
12857	20000
207588	20000
201102	20000
10099	20000
207199	20000
48128	20000
131960	20000
46595	20000
135010	20000
134618	20000
139225	20000
37680	20000
52951	20000
263518	20000
262900	20000
268749	20000
28656	20000
269462	20000
263067	20000
266059	20000
270299	20000
264186	20000
269499	20000
264596	20000
269208	20000
46023	20000
138839	20000
24299	20000
38081	20000
20001	20000
19035	20000
62712	20000
62819	20000
9751	20000
207054	20000
12796	20000
37356	20000
59276	20000
133803	20000
17995	20000
378	20000
36311	20000
64313	20000
205813	20000
210142	20000
209328	20000
33951	20000
60816	20000
328536	20000
32437	20000
267278	20000
55003	20000
57999	20000
56668	20000
3223	20000
263009	20000
265383	20000
265038	20000
45278	20000
19551	20000
137001	20000
16604	20000
263155	20000
19754	20000
16803	20000
2731	20000
45705	20000
11767	20000
267	20000
31042	20000
23486	20000
27979	20000
45754	20000
45804	20000
133296	20000
31202	20000
56528	20000
139734	20000
29357	20000
50475	20000
57844	20000
13681	20000
14979	20000
53764	20000
393573	20000
395471	20000
49192	20000
37783	20000
328395	20000
37682	20000
22941	20000
196755	20000
35699	20000
31452	20000
139970	20000
6515	20000
267815	20000
59347	20000
56264	20000
43533	20000
34718	20000
208751	20000
29785	20000
327849	20000
37529	20000
55002	20000
265974	20000
27688	20000
3242	20000
42064	20000
264570	20000
267032	20000
24008	20000
31169	20000
25374	20000
262828	19500
52977	19500
33920	19000
9201	19000
52539	19000
203140	19000
139967	19000
199659	18300
21396	18000
18779	18000
2134	18000
57928	18000
61730	18000
264228	18000
49638	18000
263661	18000
263089	18000
327950	18000
133676	18000
38541	18000
43760	18000
52661	18000
263647	18000
266263	18000
137142	18000
266347	18000
264514	18000
198857	17900
15447	17000
134316	17000
13680	16000
24521	16000
23756	16000
7005	16000
53139	16000
262684	16000
55814	16000
202805	16000
264925	15900
53097	15250
5459	15000
34119	15000
42455	15000
5524	15000
53563	15000
42459	15000
49909	15000
5396	15000
198781	15000
262539	15000
262673	15000
263801	15000
17426	15000
262893	15000
262346	15000
263833	15000
264577	15000
50231	15000
13150	15000
56286	15000
131607	15000
262268	15000
61006	15000
52973	15000
263196	15000
52339	15000
136696	15000
45349	15000
49296	15000
267280	15000
47680	15000
268548	15000
265158	15000
58482	15000
60602	14400
6643	14000
262464	14000
9785	14000
132847	14000
131758	14000
28292	14000
31595	13500
14551	13300
48424	13200
327750	13072
23661	13000
12597	13000
40300	13000
51290	13000
33725	13000
37154	13000
30999	13000
262374	13000
136873	13000
34135	12900
31078	12600
44123	12600
10135	12600
53237	12450
30071	12300
16191	12300
27865	12300
263589	12288
52475	12288
47275	12200
3213	12000
35706	12000
41692	12000
33079	12000
24047	12000
25061	12000
44953	12000
39301	12000
8664	12000
32880	12000
34171	12000
25295	12000
42303	12000
48292	12000
55518	12000
20722	12000
23074	12000
197000	12000
50837	12000
38280	12000
29545	12000
197692	12000
198440	12000
2602	12000
47622	12000
12502	12000
29680	12000
21267	12000
20365	12000
38753	12000
133075	12000
199947	12000
32563	12000
62838	12000
393513	12000
27940	12000
28009	12000
5505	12000
262733	12000
17069	12000
263076	12000
327813	12000
38565	12000
4508	12000
45287	12000
55521	12000
30798	12000
61928	12000
28257	12000
37342	12000
45686	12000
263774	12000
18840	12000
264765	12000
59945	12000
14522	12000
206342	12000
262509	12000
134707	12000
37479	12000
328156	12000
45707	12000
263776	12000
61822	12000
137410	12000
265656	12000
23815	12000
17482	12000
267554	12000
138296	12000
58460	12000
269060	12000
28890	11500
55832	11192
7908	11000
7521	11000
36143	11000
51944	11000
33302	11000
262730	11000
7020	11000
132931	11000
133658	11000
17671	11000
21140	11000
39192	11000
137331	11000
45288	11000
136841	11000
394330	11000
263378	10500
43500	10240
18886	10240
17439	10240
59816	10240
61895	10240
265426	10096
4434	10020
30740	10000
16265	10000
21392	10000
20495	10000
15743	10000
48268	10000
39591	10000
49405	10000
51646	10000
55879	10000
12941	10000
58587	10000
17506	10000
52965	10000
23465	10000
262750	10000
23106	10000
262488	10000
262394	10000
53008	10000
25375	10000
133854	10000
56910	10000
55685	10000
28352	10000
264360	10000
33808	10000
262979	10000
52858	10000
17997	10000
265147	10000
263314	10000
52911	10000
199610	10000
59444	10000
29465	10000
262692	10000
133613	10000
53199	10000
200064	10000
38442	10000
263270	10000
265429	10000
24173	10000
266346	10000
45118	10000
204861	10000
267095	10000
266713	10000
266400	10000
22324	10000
396040	10000
20919	10000
39337	10000
267399	10000
48438	10000
263947	10000
263840	10000
209813	10000
133410	10000
138570	10000
394151	10000
268126	10000
47203	10000
53356	10000
64115	10000
60945	10000
50472	10000
209400	10000
34569	10000
267522	10000
38524	10000
61064	10000
12883	10000
64300	10000
39923	10000
210323	10000
12365	10000
29838	10000
7385	10000
34762	10000
55352	10000
262772	10000
262387	10000
134326	10000
262612	10000
14259	10000
263495	10000
35280	10000
61056	10000
265188	10000
133372	10000
393490	10000
56583	10000
262470	10000
267242	10000
269075	10000
135760	10000
394581	10000
262898	10000
266298	10000
29129	10000
207310	10000
42156	10000
140362	10000
270436	10000
328633	10000
56472	10000
207274	10000
268546	10000
328598	10000
1410	10000
47116	10000
61602	10000
26388	10000
13951	10000
30622	10000
266853	10000
49463	9900
30880	9600
51254	9600
22873	9300
31235	9300
200794	9300
24204	9300
262336	9216
53165	9200
15589	9102
12902	9000
15657	9000
2128	9000
33419	9000
250	9000
15766	9000
41391	9000
8784	9000
25593	9000
8513	9000
13135	9000
8553	9000
44980	9000
17666	9000
20915	9000
37986	9000
39636	9000
13826	9000
27822	9000
43013	9000
34304	9000
18559	9000
4677	9000
51906	9000
55644	9000
39287	9000
57633	9000
58404	9000
37090	9000
43858	9000
37519	9000
197617	9000
54119	9000
45348	9000
46156	9000
11179	9000
53169	9000
52352	9000
27879	9000
28590	9000
53218	9000
53088	9000
38289	9000
24195	9000
47027	9000
549	9000
9519	9000
3067	9000
34768	9000
394530	9000
133720	9000
262993	9000
203086	9000
36868	9000
35313	9000
134622	9000
135484	9000
36965	9000
198091	9000
37482	9000
197447	9000
133660	9000
61968	9000
263251	9000
328160	9000
266177	9000
39816	9000
265972	9000
18103	9000
62227	9000
136302	9000
136373	9000
9129	9000
48067	9000
197204	9000
262453	9000
138995	9000
328423	8192
209218	8166
29014	8000
43942	8000
16253	8000
36731	8000
43323	8000
8301	8000
48504	8000
263308	8000
262902	8000
60134	8000
7597	8000
262770	8000
137352	8000
204196	8000
28244	8000
55670	8000
131717	8000
45312	8000
138829	8000
263478	7800
34624	7600
201877	7600
13237	7500
28657	7500
44431	7500
135526	7500
262889	7500
8545	7000
2595	7000
15211	7000
43890	7000
45725	7000
37656	7000
55652	7000
59185	7000
45706	7000
267588	7000
205388	7000
135301	7000
136885	7000
135232	7000
53050	7000
37109	7000
133817	7000
8565	6900
35655	6700
9104	6600
41090	6600
24028	6600
44295	6600
199660	6600
199150	6600
28065	6600
9153	6300
8554	6300
33845	6300
31543	6300
29286	6300
53116	6300
34683	6300
41153	6300
138211	6200
10704	6144
52869	6144
17754	6144
265141	6144
328032	6144
52300	6144
263739	6144
203885	6144
56507	6144
58408	6072
37357	6048
20799	6000
29452	6000
15290	6000
14280	6000
34486	6000
5409	6000
8195	6000
3224	6000
41913	6000
33811	6000
7829	6000
16467	6000
53459	6000
33082	6000
23712	6000
33072	6000
30129	6000
30134	6000
30128	6000
52243	6000
33558	6000
23711	6000
23709	6000
58406	6000
30962	6000
16842	6000
9710	6000
2863	6000
39104	6000
28001	6000
31383	6000
26228	6000
37996	6000
8222	6000
25152	6000
12634	6000
34997	6000
34021	6000
34781	6000
15782	6000
17920	6000
13284	6000
29083	6000
35156	6000
24973	6000
25976	6000
41960	6000
11190	6000
45037	6000
35584	6000
8038	6000
40015	6000
9583	6000
23752	6000
29846	6000
48484	6000
37652	6000
11796	6000
50032	6000
13722	6000
47836	6000
23829	6000
30295	6000
17961	6000
43100	6000
8587	6000
4777	6000
53424	6000
24753	6000
16523	6000
35719	6000
24951	6000
50244	6000
50763	6000
14232	6000
33835	6000
44902	6000
38437	6000
41289	6000
45816	6000
13157	6000
31662	6000
17088	6000
12775	6000
57315	6000
44314	6000
1304	6000
51896	6000
51483	6000
37312	6000
45932	6000
53727	6000
9123	6000
197422	6000
24029	6000
49604	6000
23949	6000
27665	6000
6660	6000
58560	6000
52462	6000
42204	6000
24518	6000
24550	6000
44608	6000
35799	6000
15072	6000
56990	6000
18206	6000
49300	6000
51514	6000
39783	6000
198423	6000
45839	6000
12290	6000
20555	6000
16168	6000
42400	6000
8789	6000
31328	6000
59410	6000
29263	6000
262792	6000
51406	6000
16174	6000
50737	6000
9328	6000
35834	6000
197653	6000
43190	6000
53698	6000
35180	6000
199283	6000
48972	6000
49605	6000
25093	6000
5602	6000
43252	6000
28757	6000
53494	6000
59620	6000
49360	6000
28239	6000
28141	6000
53140	6000
28279	6000
133023	6000
132837	6000
262952	6000
53869	6000
3324	6000
9165	6000
47727	6000
3220	6000
54643	6000
37628	6000
10133	6000
198184	6000
54523	6000
41847	6000
262500	6000
53861	6000
29881	6000
37002	6000
263499	6000
133389	6000
53178	6000
28615	6000
37775	6000
29583	6000
262933	6000
63034	6000
47228	6000
23673	6000
62537	6000
52431	6000
7772	6000
262737	6000
10617	6000
52323	6000
202042	6000
61924	6000
52877	6000
36898	6000
16162	6000
60899	6000
38506	6000
28216	6000
18046	6000
46886	6000
131584	6000
41059	6000
201791	6000
56182	6000
28327	6000
264470	6000
26563	6000
18393	6000
29104	6000
37576	6000
39072	6000
200700	6000
55427	6000
62502	6000
58627	6000
133881	6000
327939	6000
31459	6000
36909	6000
59933	6000
393874	6000
203851	6000
264590	6000
134325	6000
393350	6000
134295	6000
262645	6000
55699	6000
134021	6000
61397	6000
201508	6000
60670	6000
43558	6000
393662	6000
328023	6000
59954	6000
52932	6000
264723	6000
13006	6000
201990	6000
28323	6000
11399	6000
204019	6000
35585	6000
52079	6000
200438	6000
198416	6000
22518	6000
60917	6000
199410	6000
45561	6000
47627	6000
202918	6000
15190	6000
135543	6000
63529	6000
15734	6000
60458	6000
20832	6000
263070	6000
198391	6000
37324	6000
9893	6000
21774	6000
203741	6000
206894	6000
52009	6000
197418	6000
199413	6000
39107	6000
199338	6000
56783	6000
48742	6000
48685	6000
11046	6000
40752	6000
39560	6000
52101	6000
131303	6000
203548	6000
327751	6000
59165	6000
203230	6000
39729	6000
57221	6000
203223	6000
8550	6000
132734	6000
207101	6000
23169	6000
198591	6000
44974	6000
132004	6000
44503	6000
199451	6000
39566	6000
202971	6000
41882	6000
52909	6000
48846	6000
266630	6000
262195	6000
206373	6000
58894	6000
42180	6000
26198	6000
263675	6000
263728	6000
5401	6000
265699	6000
264815	6000
52680	6000
264923	6000
36640	6000
58927	6000
10022	6000
60430	6000
137080	6000
262518	6000
198891	6000
12630	6000
15035	6000
205296	6000
64234	6000
265806	6000
17537	6000
137246	6000
206442	6000
137851	6000
131775	6000
200480	6000
135869	6000
134856	6000
5500	6000
197645	6000
137295	6000
204536	6000
266866	6000
58146	6000
135419	6000
138174	6000
49088	6000
55679	6000
135843	6000
12565	6000
45937	6000
133971	6000
29424	6000
18350	6000
138009	6000
138359	6000
200278	6000
37347	6000
8393	6000
5406	6000
205442	6000
268503	6000
24132	6000
209261	6000
263869	6000
55247	6000
42300	6000
206640	6000
394914	6000
37627	6000
397524	6000
328237	6000
33791	6000
29446	6000
267117	6000
208976	6000
34936	6000
206404	6000
263019	6000
267620	6000
134643	6000
136131	6000
135468	6000
59155	6000
24530	6000
139425	6000
136861	6000
139947	6000
60810	6000
61600	6000
4608	5900
268568	5600
262557	5400
38310	5120
42476	5000
8491	5000
6851	5000
38235	5000
24523	5000
5692	5000
12143	5000
20928	5000
53230	5000
28073	5000
264009	5000
133797	5000
52765	5000
23696	5000
202867	5000
135465	5000
137121	5000
264297	5000
200392	5000
266972	5000
209086	5000
29169	5000
34549	5000
9145	5000
44514	4500
3599	4500
48712	4500
47850	4500
327922	4500
17374	4300
36217	4300
44141	4300
48920	4300
17996	4300
202322	4300
262811	4200
33081	4100
137627	4096
27789	4072
266470	4048
262727	4030
15594	4000
34011	4000
33077	4000
30132	4000
14390	4000
31715	4000
28859	4000
3561	4000
26788	4000
36943	4000
12835	4000
54415	4000
28207	4000
4666	4000
52458	4000
58910	4000
327943	4000
134929	4000
38200	4000
52967	4000
201333	4000
264295	4000
43369	4000
51023	4000
264996	4000
263480	4000
136377	4000
138847	4000
134178	4000
31611	4000
209287	4000
208188	4000
207622	4000
397715	4000
265056	4000
266140	4000
61802	4000
268144	4000
22798	4000
131749	4000
17538	4000
59139	4000
137363	4000
24527	4000
138838	4000
58474	4000
133352	4000
58485	4000
38148	4000
38783	4000
45701	4000
135464	4000
138131	4000
59613	4000
30272	4000
135763	4000
207618	4000
133808	4000
209752	4000
139075	4000
52436	4000
59766	4000
268710	4000
2484	3900
7717	3900
4765	3900
266092	3900
23541	3600
44583	3600
50858	3600
45950	3600
38477	3600
21351	3600
198271	3600
48374	3600
135423	3600
267649	3600
267326	3500
204264	3372
132901	3372
9092	3300
2500	3300
20917	3300
29246	3300
17435	3300
39600	3300
31576	3300
7631	3300
29513	3300
44334	3300
14500	3300
16218	3300
16363	3300
199248	3300
199396	3300
62336	3300
198334	3300
32614	3300
23774	3300
23666	3300
25467	3300
43019	3300
327700	3300
133173	3300
328144	3300
138686	3300
208970	3300
13226	3200
44977	3200
18104	3100
50796	3100
53096	3100
139641	3090
22989	3072
35184	3072
56209	3072
27932	3072
263128	3072
262753	3072
12305	3072
26068	3072
28438	3072
263917	3072
44084	3072
41522	3072
135253	3072
198216	3072
29245	3072
58725	3072
135861	3072
131215	3072
266374	3072
37030	3072
30988	3072
57079	3072
28639	3072
136330	3072
25328	3072
267121	3072
136533	3072
136480	3072
133967	3072
135202	3072
263459	3072
131442	3072
31126	3060
37650	3030
58683	3000
19817	3000
10255	3000
12059	3000
28877	3000
31216	3000
16559	3000
13101	3000
19752	3000
3043	3000
25975	3000
5462	3000
20704	3000
8804	3000
4837	3000
10848	3000
29215	3000
31661	3000
5418	3000
26627	3000
14833	3000
24557	3000
19214	3000
25286	3000
32105	3000
40193	3000
46199	3000
15149	3000
24077	3000
27318	3000
24049	3000
27320	3000
33073	3000
28054	3000
30130	3000
30131	3000
40475	3000
8495	3000
15773	3000
4319	3000
36824	3000
13246	3000
42366	3000
40068	3000
38181	3000
26972	3000
9497	3000
42755	3000
5568	3000
29488	3000
8596	3000
43436	3000
11830	3000
24989	3000
15935	3000
34960	3000
29655	3000
34554	3000
14585	3000
31641	3000
40495	3000
6903	3000
12968	3000
38321	3000
4795	3000
3248	3000
8092	3000
6900	3000
18392	3000
42585	3000
56065	3000
8648	3000
5726	3000
49190	3000
25473	3000
21101	3000
24586	3000
41644	3000
8391	3000
48519	3000
12348	3000
22781	3000
44259	3000
50857	3000
13871	3000
21013	3000
44765	3000
39915	3000
25795	3000
393225	3000
10745	3000
393220	3000
394018	3000
31972	3000
17579	3000
48885	3000
42416	3000
23308	3000
14866	3000
15857	3000
39449	3000
42760	3000
49432	3000
7296	3000
7595	3000
9167	3000
46195	3000
49492	3000
31474	3000
24796	3000
13214	3000
48514	3000
19528	3000
21336	3000
42605	3000
46656	3000
31147	3000
38456	3000
1133	3000
29243	3000
9266	3000
48315	3000
4280	3000
49854	3000
43782	3000
43911	3000
47328	3000
20569	3000
5683	3000
26088	3000
28196	3000
21864	3000
49820	3000
24321	3000
49983	3000
44219	3000
50066	3000
15692	3000
42973	3000
38948	3000
48284	3000
12541	3000
50087	3000
38149	3000
7522	3000
9026	3000
30162	3000
38544	3000
9877	3000
30583	3000
52841	3000
1850	3000
26546	3000
51040	3000
6850	3000
5071	3000
8950	3000
12347	3000
23779	3000
53582	3000
22300	3000
40739	3000
20501	3000
48528	3000
37113	3000
50370	3000
9003	3000
50292	3000
51224	3000
50719	3000
53093	3000
20633	3000
36052	3000
15388	3000
29297	3000
30640	3000
25139	3000
38199	3000
46064	3000
46235	3000
19842	3000
51218	3000
15301	3000
196621	3000
41628	3000
28707	3000
55799	3000
55915	3000
44009	3000
16217	3000
8330	3000
2470	3000
46309	3000
13573	3000
20738	3000
16866	3000
28192	3000
43599	3000
2108	3000
46231	3000
33005	3000
6834	3000
52102	3000
21911	3000
7753	3000
49232	3000
197764	3000
13746	3000
31564	3000
26918	3000
56848	3000
29152	3000
9931	3000
57124	3000
53837	3000
3401	3000
30998	3000
53948	3000
45144	3000
54046	3000
27464	3000
12757	3000
33125	3000
57423	3000
38278	3000
27541	3000
51823	3000
18588	3000
39318	3000
50387	3000
198239	3000
29553	3000
39470	3000
33522	3000
42841	3000
57202	3000
20924	3000
41872	3000
27626	3000
12540	3000
46215	3000
4224	3000
53389	3000
48362	3000
52328	3000
41811	3000
46664	3000
132111	3000
14746	3000
12327	3000
33748	3000
24582	3000
54444	3000
57381	3000
33361	3000
6086	3000
57516	3000
198570	3000
15562	3000
34510	3000
198818	3000
59560	3000
16004	3000
40999	3000
45945	3000
34233	3000
12975	3000
36959	3000
50372	3000
41695	3000
33854	3000
21315	3000
57228	3000
28654	3000
198492	3000
34942	3000
40850	3000
262787	3000
3633	3000
48297	3000
19233	3000
50468	3000
61215	3000
197219	3000
55350	3000
51886	3000
50206	3000
31251	3000
198288	3000
10654	3000
9208	3000
10367	3000
132435	3000
34868	3000
21461	3000
18638	3000
132730	3000
132536	3000
29998	3000
198554	3000
197736	3000
27193	3000
49902	3000
49505	3000
36958	3000
16737	3000
38781	3000
132426	3000
9280	3000
56833	3000
21360	3000
262680	3000
262757	3000
53235	3000
28640	3000
132774	3000
60532	3000
12362	3000
262839	3000
29231	3000
52625	3000
14558	3000
52896	3000
61337	3000
50968	3000
20338	3000
32738	3000
197589	3000
22750	3000
37079	3000
59554	3000
26320	3000
262501	3000
132876	3000
3842	3000
60362	3000
3250	3000
52836	3000
203679	3000
52944	3000
3186	3000
15691	3000
10431	3000
62929	3000
62182	3000
22919	3000
393316	3000
16798	3000
62947	3000
199706	3000
12650	3000
262492	3000
26689	3000
51744	3000
14613	3000
11045	3000
29606	3000
15398	3000
199937	3000
46873	3000
24290	3000
4270	3000
200163	3000
53901	3000
263062	3000
14829	3000
45680	3000
62588	3000
28152	3000
57007	3000
52275	3000
58792	3000
53022	3000
132933	3000
393431	3000
46110	3000
262805	3000
20681	3000
393470	3000
131291	3000
52465	3000
45496	3000
20686	3000
263337	3000
200187	3000
21478	3000
201764	3000
52317	3000
61470	3000
262189	3000
52420	3000
52498	3000
52824	3000
17673	3000
29844	3000
29305	3000
45910	3000
58436	3000
10670	3000
29897	3000
39373	3000
52380	3000
63128	3000
12236	3000
24226	3000
61816	3000
35949	3000
201962	3000
201505	3000
47169	3000
32432	3000
11514	3000
45884	3000
27790	3000
62782	3000
33781	3000
22402	3000
50710	3000
13064	3000
263460	3000
4594	3000
28026	3000
11114	3000
132919	3000
28364	3000
9355	3000
32678	3000
30691	3000
40966	3000
52736	3000
3669	3000
196670	3000
54039	3000
133678	3000
50597	3000
393717	3000
36273	3000
45133	3000
61026	3000
32397	3000
59102	3000
2607	3000
25943	3000
201506	3000
262871	3000
133936	3000
199188	3000
59370	3000
47608	3000
57660	3000
30261	3000
37177	3000
37181	3000
22748	3000
51728	3000
263432	3000
9559	3000
132848	3000
131475	3000
48588	3000
132917	3000
20448	3000
63383	3000
21832	3000
12276	3000
54042	3000
201222	3000
36483	3000
52490	3000
60116	3000
52401	3000
26312	3000
39391	3000
34916	3000
53173	3000
63450	3000
11986	3000
34450	3000
10925	3000
393945	3000
32546	3000
18986	3000
29355	3000
26414	3000
63863	3000
19381	3000
30076	3000
30919	3000
134355	3000
394010	3000
11301	3000
53154	3000
198095	3000
28670	3000
264101	3000
9916	3000
25081	3000
200780	3000
6082	3000
60157	3000
133344	3000
53191	3000
46047	3000
53197	3000
28941	3000
52795	3000
39764	3000
262229	3000
32764	3000
11948	3000
48294	3000
12696	3000
263393	3000
44994	3000
201353	3000
64200	3000
200759	3000
394356	3000
132142	3000
49524	3000
52399	3000
263126	3000
200428	3000
201206	3000
327894	3000
198342	3000
16652	3000
3624	3000
57141	3000
18534	3000
37629	3000
7530	3000
53164	3000
52631	3000
42555	3000
25471	3000
15154	3000
17832	3000
262878	3000
198313	3000
201020	3000
202030	3000
30247	3000
62363	3000
131602	3000
25581	3000
47814	3000
11342	3000
28317	3000
49855	3000
263395	3000
48461	3000
37399	3000
33623	3000
18650	3000
39532	3000
262607	3000
262650	3000
263818	3000
41721	3000
63126	3000
133487	3000
265159	3000
34723	3000
262949	3000
135036	3000
23352	3000
21889	3000
52348	3000
12929	3000
394514	3000
264062	3000
52381	3000
50333	3000
198913	3000
262149	3000
57961	3000
60435	3000
52999	3000
203112	3000
28635	3000
63421	3000
37634	3000
196949	3000
202054	3000
27734	3000
19807	3000
27884	3000
131603	3000
53233	3000
21919	3000
262585	3000
51551	3000
52702	3000
135247	3000
43578	3000
264704	3000
55043	3000
264116	3000
8542	3000
262378	3000
204028	3000
20193	3000
56190	3000
203591	3000
30892	3000
20015	3000
47529	3000
2606	3000
135192	3000
28118	3000
52938	3000
3061	3000
262614	3000
327960	3000
30986	3000
22080	3000
26968	3000
17014	3000
199888	3000
198269	3000
31394	3000
202744	3000
327859	3000
33772	3000
200001	3000
201986	3000
23641	3000
197186	3000
3165	3000
32334	3000
135028	3000
43503	3000
131911	3000
64415	3000
27733	3000
202921	3000
199517	3000
199645	3000
49761	3000
32337	3000
52601	3000
196969	3000
200142	3000
12102	3000
31479	3000
263768	3000
327821	3000
207195	3000
199550	3000
198430	3000
201049	3000
199787	3000
20714	3000
26343	3000
198909	3000
9051	3000
50515	3000
204121	3000
202994	3000
52455	3000
8458	3000
201068	3000
264191	3000
11844	3000
207028	3000
133130	3000
62373	3000
37704	3000
131274	3000
200577	3000
35695	3000
9648	3000
197046	3000
262296	3000
201953	3000
263873	3000
393907	3000
135793	3000
61487	3000
45650	3000
198072	3000
202177	3000
26317	3000
52290	3000
62560	3000
264527	3000
59686	3000
14211	3000
199842	3000
132535	3000
35047	3000
206999	3000
395152	3000
199981	3000
265639	3000
264797	3000
199201	3000
14845	3000
7270	3000
262685	3000
133232	3000
196928	3000
15765	3000
207156	3000
262788	3000
40165	3000
264152	3000
42717	3000
56745	3000
18568	3000
50016	3000
264785	3000
61864	3000
199468	3000
37429	3000
38805	3000
29571	3000
38742	3000
31510	3000
51191	3000
24743	3000
265672	3000
37103	3000
206506	3000
263897	3000
266210	3000
136300	3000
52596	3000
37623	3000
262167	3000
46401	3000
38595	3000
328125	3000
327900	3000
52716	3000
136417	3000
56441	3000
263235	3000
28103	3000
200608	3000
206720	3000
59670	3000
266610	3000
262786	3000
262452	3000
134366	3000
136552	3000
10778	3000
28160	3000
36730	3000
37055	3000
265041	3000
134319	3000
264282	3000
7663	3000
32806	3000
265983	3000
52327	3000
52372	3000
30900	3000
265771	3000
206108	3000
263968	3000
10217	3000
12732	3000
27935	3000
133007	3000
263120	3000
267507	3000
264230	3000
265995	3000
52236	3000
37027	3000
266300	3000
131483	3000
263384	3000
264471	3000
52349	3000
263228	3000
52413	3000
263190	3000
16350	3000
24806	3000
5385	3000
27259	3000
265760	3000
266028	3000
265729	3000
57508	3000
40861	3000
265952	3000
205191	3000
201950	3000
328232	3000
136323	3000
25563	3000
61527	3000
43009	3000
135639	3000
132097	3000
51484	3000
18021	3000
200799	3000
19147	3000
7628	3000
265865	3000
197518	3000
20218	3000
395612	3000
395627	3000
45170	3000
47989	3000
205260	3000
132722	3000
265871	3000
15757	3000
200960	3000
42325	3000
263248	3000
136764	3000
263401	3000
263713	3000
263963	3000
37616	3000
28139	3000
263572	3000
5397	3000
137042	3000
327941	3000
131446	3000
43154	3000
137144	3000
328119	3000
266657	3000
131248	3000
31914	3000
203146	3000
63998	3000
60752	3000
59572	3000
134736	3000
52169	3000
134305	3000
135801	3000
198330	3000
267282	3000
60314	3000
265016	3000
24620	3000
267088	3000
60082	3000
267294	3000
266926	3000
16827	3000
204086	3000
204558	3000
203255	3000
205389	3000
198279	3000
132836	3000
64477	3000
204346	3000
202488	3000
21388	3000
46506	3000
61242	3000
266803	3000
59986	3000
48487	3000
134264	3000
132974	3000
136713	3000
328275	3000
205535	3000
268222	3000
264518	3000
45954	3000
263698	3000
28050	3000
28748	3000
265209	3000
197529	3000
136287	3000
328287	3000
206048	3000
18875	3000
202384	3000
3268	3000
328339	3000
37916	3000
396914	3000
202086	3000
133915	3000
328346	3000
23676	3000
266840	3000
328167	3000
206483	3000
23038	3000
37281	3000
200736	3000
132046	3000
210234	3000
202519	3000
136668	3000
25557	3000
63069	3000
263732	3000
63945	3000
396951	3000
394650	3000
396960	3000
61633	3000
266835	3000
134152	3000
137236	3000
328152	3000
48825	3000
31277	3000
37999	3000
136632	3000
132160	3000
56140	3000
209874	3000
394366	3000
58239	3000
38004	3000
25946	3000
48027	3000
57136	3000
266640	3000
136670	3000
138195	3000
209678	3000
210144	3000
18647	3000
17716	3000
396472	3000
136749	3000
30730	3000
19523	3000
37130	3000
267746	3000
13837	3000
15414	3000
39855	3000
52503	3000
24076	3000
137824	3000
132641	3000
136908	3000
14224	3000
54037	3000
39671	3000
203649	3000
61221	3000
37695	3000
197686	3000
201553	3000
39126	3000
63981	3000
15739	3000
35711	3000
52786	3000
209408	3000
36394	3000
60930	3000
200147	3000
23938	3000
267859	3000
266715	3000
37777	3000
34235	3000
12976	3000
37428	3000
209673	3000
207146	3000
50377	3000
43065	3000
46939	3000
328476	3000
137178	3000
268809	3000
135383	3000
328223	3000
132445	3000
199976	3000
327906	3000
56550	3000
262231	3000
38150	3000
135234	3000
138276	3000
265238	2800
199121	2700
27877	2700
17473	2600
196689	2500
21056	2400
61749	2400
264752	2400
55680	2320
198093	2300
50467	2300
50620	2200
20984	2200
9872	2200
52419	2200
207401	2200
48126	2200
37638	2200
28056	2100
200077	2100
265715	2100
136990	2100
137069	2100
27345	2048
196640	2048
58969	2048
135180	2048
135850	2048
135792	2048
132923	2048
133664	2048
137608	2048
267540	2048
7532	2048
42235	2048
136230	2048
27754	2048
205086	2048
138115	2048
136338	2048
27659	2048
58898	2048
134605	2048
53106	2048
27967	2048
133718	2024
38712	2024
40528	2000
16876	2000
30123	2000
23713	2000
25572	2000
27916	2000
34419	2000
28855	2000
17444	2000
8859	2000
35223	2000
50683	2000
28165	2000
39310	2000
5017	2000
51050	2000
52640	2000
49792	2000
29438	2000
198738	2000
52550	2000
41201	2000
200983	2000
199863	2000
57118	2000
264130	2000
16039	2000
203640	2000
200753	2000
7489	2000
20677	2000
63320	2000
42228	2000
18918	2000
43126	2000
199790	2000
262755	2000
395378	2000
263084	2000
265030	2000
25590	2000
266044	2000
26038	2000
267102	2000
262818	2000
266494	2000
61929	2000
58750	2000
33582	2000
33569	2000
43338	2000
398202	2000
202347	2000
139329	2000
134522	2000
43928	2000
29097	2000
206945	2000
200191	2000
31673	2000
205168	2000
200303	2000
133089	2000
268525	2000
267386	2000
266598	2000
268523	2000
266545	2000
270383	2000
265297	2000
52477	2000
135480	2000
24207	2000
138130	2000
137378	2000
24212	2000
138887	2000
38776	2000
63882	2000
134863	2000
196922	2000
139605	2000
50311	2000
63874	2000
137316	2000
139446	2000
56239	2000
139972	2000
208817	2000
139909	2000
31960	2000
36865	2000
201714	2000
138627	2000
328543	2000
139956	2000
135323	2000
135415	2000
131636	2000
55789	2000
137159	2000
28602	2000
26709	2000
263720	2000
135964	2000
396841	2000
52356	2000
263762	2000
7727	2000
138876	2000
135719	2000
37708	2000
6505	2000
135218	2000
138745	2000
139528	2000
269258	2000
60304	2000
30286	2000
43518	2000
209152	2000
6373	2000
47442	2000
139833	2000
209109	2000
41666	2000
34927	2000
207549	2000
138365	2000
207317	2000
208097	2000
327720	2000
23679	2000
38143	2000
49781	2000
138143	2000
139431	2000
45296	2000
131773	2000
58401	2000
139978	2000
138119	2000
138079	2000
136088	2000
137358	2000
14295	2000
18520	2000
132448	2000
38771	2000
268060	1950
263755	1800
48626	1650
266280	1600
131310	1500
34407	1500
28801	1500
28187	1500
262695	1500
31222	1500
61902	1500
52722	1500
52669	1500
60501	1500
52813	1500
52532	1500
57254	1500
202627	1500
52884	1500
134832	1500
198374	1500
262466	1500
264708	1500
264795	1500
133615	1500
23667	1500
267219	1500
52326	1500
24206	1400
23708	1300
13878	1300
2515	1300
34458	1300
52952	1300
12577	1200
33554	1200
5560	1200
2854	1200
37223	1200
51159	1200
198290	1200
198721	1200
263978	1200
266365	1200
139249	1124
131668	1100
56791	1050
38457	1024
264290	1024
134883	1024
132562	1024
134035	1024
135854	1024
58438	1024
263374	1024
134278	1024
262756	1024
267427	1024
39469	1000
12414	1000
33074	1000
30122	1000
27848	1000
30133	1000
27319	1000
27322	1000
6102	1000
26790	1000
12759	1000
24469	1000
43407	1000
1798	1000
50234	1000
19875	1000
10929	1000
34362	1000
14651	1000
25689	1000
51446	1000
41357	1000
55555	1000
19468	1000
8916	1000
134391	1000
134399	1000
134395	1000
134396	1000
18210	1000
58620	1000
134390	1000
48291	1000
50809	1000
22431	1000
262561	1000
56260	1000
56233	1000
13926	1000
52789	1000
34274	1000
135754	1000
37674	1000
393626	1000
49695	1000
40809	1000
132515	1000
45294	1000
26156	1000
393280	1000
50607	1000
52769	1000
17445	1000
262957	1000
11910	1000
37455	1000
28307	1000
132220	1000
264311	1000
49933	1000
51786	1000
135184	1000
132988	1000
262338	1000
265644	1000
48276	1000
134663	1000
35489	1000
265027	1000
28189	1000
264022	1000
136358	1000
201494	1000
133638	1000
267573	1000
205381	1000
205344	1000
131609	1000
328110	1000
204981	1000
45587	1000
47884	1000
205819	1000
131247	1000
135000	1000
262711	1000
133354	1000
202313	1000
137937	1000
263606	1000
62445	1000
135597	1000
25516	1000
263645	1000
266149	1000
327743	1000
131314	1000
265409	1000
24691	1000
268490	1000
135841	1000
200590	1000
6233	1000
205844	1000
135055	1000
209263	1000
23923	1000
201695	1000
131644	1000
21659	1000
134933	1000
57166	1000
267654	1000
138988	1000
262416	1000
207654	1000
207491	1000
6735	1000
60391	1000
52545	1000
52998	1000
58145	1000
7562	1000
266571	1000
268280	1000
30362	1000
267732	1000
37622	1000
39070	1000
36827	1000
267830	1000
269040	1000
267062	1000
21058	1000
267833	1000
16921	1000
328518	1000
53057	1000
269432	1000
49752	1000
51001	1000
63027	1000
133809	1000
207770	1000
136244	1000
207439	1000
45424	1000
131091	1000
139021	1000
22425	1000
269091	1000
206215	1000
205920	1000
269875	1000
139449	1000
213377	1000
268268	1000
36198	1000
23855	1000
139628	1000
213342	1000
41051	1000
134917	1000
62321	1000
135225	1000
58500	1000
35568	1000
138663	1000
36936	1000
268821	1000
13917	900
47138	900
35053	900
16210	900
29140	900
1880	900
53114	900
53166	900
61319	900
48252	900
264555	900
263356	900
264754	900
58475	900
209291	900
47522	800
49653	750
27024	750
6083	700
24594	700
263548	700
206782	700
29876	600
36184	600
23710	600
24048	600
21476	600
35579	600
12381	600
29259	600
18227	600
55865	600
40034	600
39931	600
197551	600
63829	600
35551	600
52681	600
51349	600
48310	600
47628	600
17400	600
263290	600
42310	600
24232	600
61785	600
263893	600
61203	600
133501	600
264608	600
60718	600
24880	600
45956	600
39010	600
266896	600
52387	600
209530	600
28589	500
37098	500
62100	500
42183	500
266687	500
262307	500
138632	500
6066	465
28262	450
45220	400
24129	400
17895	400
9189	400
204188	400
205927	400
28215	400
37472	400
13049	330
55420	330
30889	300
23310	300
34746	300
18052	300
33472	300
35090	300
39615	300
15436	300
25752	300
30141	300
41037	300
20507	300
41399	300
1982	300
8481	300
25504	300
29430	300
14970	300
34764	300
13105	300
34144	300
21840	300
44212	300
28929	300
23677	300
20081	300
31680	300
9290	300
15716	300
31555	300
20483	300
25433	300
31653	300
33211	300
42937	300
45425	300
24238	300
49867	300
3661	300
4641	300
16347	300
14166	300
42492	300
6853	300
47302	300
17501	300
196967	300
28182	300
36275	300
46373	300
197439	300
12854	300
2597	300
196763	300
32586	300
26106	300
12431	300
45444	300
48913	300
13591	300
10015	300
57821	300
18149	300
38190	300
54210	300
35399	300
52186	300
61044	300
24006	300
47762	300
31319	300
18612	300
36315	300
173	300
27983	300
133444	300
12822	300
11008	300
59752	300
17747	300
199547	300
8310	300
132645	300
8922	300
56109	300
24347	300
59919	300
17970	300
47748	300
263928	300
37120	300
56204	300
50623	300
328107	300
25491	300
48847	300
11947	300
35001	300
49640	300
24634	300
21201	300
203040	300
393629	300
205610	300
262266	300
131996	300
38217	300
57089	300
37190	300
62230	300
267673	300
202806	300
204662	300
17689	300
264650	300
34527	300
12556	300
265890	300
268539	300
5377	300
267801	300
27806	300
32398	300
262527	250
267126	250
62166	250
38887	200
6734	200
197038	200
133072	200
52051	200
24892	200
266475	200
204909	200
204185	200
328522	200
13287	200
201146	200
61903	200
18719	200
48821	200
268713	200
37286	200
36369	200
207454	200
140219	200
51778	200
328585	200
207394	200
209645	200
208063	200
47902	200
264756	180
29006	150
52920	150
265702	150
37192	135
31055	120
132531	120
5764	100
10678	100
11271	100
29471	100
36388	100
9327	100
4558	100
29590	100
39180	100
19089	100
48344	100
34578	100
24632	100
45054	100
262716	100
52828	100
28303	100
133318	100
46045	100
197890	100
44207	100
264382	100
137936	100
44024	100
137935	100
204438	100
59340	100
140244	100
213386	100
10557	100
135206	100
27744	100
202301	100
213253	100
55784	100
2499	60
327981	60
213330	50
15434	30
50088	30
13357	30
61417	30
393853	30
30447	30
37224	30
39271	30
203615	20
269163	20
16503	15
43660	15
132003	12
15469	10
37044	10
36997	10
269104	10
21693	10
37209	7
55822	6
54049	6
37133	3
9115	3
52423	3
37062	2
137653	2
270320	1
6762	0
32787	0
15830	0
2519	0
31133	0
26193	0
8015	0
17222	0
60497	0
21339	0
8470	0
51324	0
21083	0
327692	0
4755	0
6895	0
327976	0
56196	0
15932	0
57724	0
200125	0
41841	0
56575	0
198529	0
44124	0
196883	0
37424	0
6300	0
198035	0
197318	0
38942	0
42935	0
20530	0
198187	0
48694	0
43171	0
50095	0
200602	0
35199	0
200750	0
197181	0
3169	0
199510	0
44784	0
197345	0
22541	0
200089	0
52031	0
55714	0
43495	0
198007	0
48629	0
41833	0
62328	0
197697	0
199774	0
203937	0
203742	0
35787	0
206910	0
51863	0
197809	0
41379	0
42374	0
197099	0
42852	0
60755	0
29070	0
61154	0
202936	0
197295	0
198709	0
198424	0
198906	0
199265	0
197572	0
203505	0
203306	0
59611	0
198214	0
206489	0
10355	0
263097	0
57890	0
203765	0
199005	0
51101	0
62201	0
197375	0
199381	0
328065	0
60219	0
196979	0
395478	0
61582	0
56983	0
57665	0
3352	0
198766	0
201531	0
197437	0
201001	0
51960	0
199341	0
51068	0
265692	0
262690	0
206762	0
37087	0
52414	0
3582	0
59776	0
201332	0
264857	0
57945	0
197766	0
203157	0
33494	0
135895	0
49633	0
264853	0
10803	0
133859	0
206736	0
205073	0
21030	0
52664	0
62184	0
3249	0
206406	0
263699	0
264013	0
199473	0
132556	0
36707	0
205384	0
57332	0
198493	0
56324	0
57701	0
202626	0
57101	0
203582	0
136857	0
197837	0
136336	0
41044	0
50916	0
198081	0
37345	0
19091	0
28468	0
41297	0
37698	0
203667	0
138222	0
31230	0
327753	0
60265	0
209854	0
24064	0
202434	0
328111	0
268801	0
396300	0
47237	0
206460	0
137597	0
136994	0
328401	0
52473	0
27017	0
10361	0
131954	0
49941	0
12833	0
60119	0
52544	0
199138	0
58158	0
32082	0
37550	0
27993	0
395326	0
209451	0
207306	0
43824	0
134331	0
207834	0
269826	0
328055	0
51185	0
265777	0
205897	0
207071	0
18997	0
56523	0
59598	0
204479	0
24257	0
