32934	182590000
714	165580000
16509	160090000
8075	107840000
13335	98380000
54113	70930000
20940	69788000
22822	52440000
16276	45550000
6939	34142000
46489	33320000
17676	31320000
6805	24560000
33891	22710000
7342	20400000
3209	19160000
31334	18720000
39386	16243000
2516	15452000
6461	13815000
9498	12780000
64049	12720000
25506	12550000
2497	12370000
3356	12264000
328058	12000000
19679	11040000
4230	11000000
8447	10800000
2119	10450000
29990	10220000
28604	10150000
15169	9910000
9002	9392000
20115	9160000
12389	8770000
6667	8646000
1136	8600000
2856	8350000
5650	8340000
63293	8220000
8966	8080000
3216	7988000
4181	7922000
49544	7798000
2635	7770000
2518	7550000
12552	7470000
4637	7413000
226	7320000
2914	7300000
8473	7290000
38022	7200000
1267	7161200
55391	6930000
5607	6840000
6830	6780010
41095	6763000
17511	6660000
6730	6454000
15133	6420000
9009	6300000
5400	6073000
5578	6030000
265950	5909000
21320	5703000
12989	5580000
8359	5512000
12874	5390000
20485	5280000
36408	5190000
2514	5090000
5410	5040000
6774	5011000
13285	4970000
25933	4920000
57344	4920000
2527	4910000
5089	4820000
34756	4800000
328045	4800000
6327	4782000
2686	4692000
36459	4630000
29314	4610000
16086	4560000
680	4530000
12189	4512000
2907	4503000
38634	4500000
61832	4492040
56478	4450000
2603	4440000
15435	4400000
2818	4370000
4760	4320000
47541	4270000
58453	4240000
6079	4200000
1547	4108000
15557	4080000
7843	4010000
1103	4008000
52320	4000000
15412	3824000
12713	3800000
22356	3756000
15305	3750000
45899	3720000
13030	3640000
61955	3630000
38082	3604000
1273	3600000
18734	3600000
23620	3600000
11164	3550000
16591	3540000
52580	3420000
5645	3410000
28663	3399000
35228	3360000
4556	3360000
32098	3342000
15704	3340000
12322	3330000
6507	3260000
46786	3230000
6509	3146000
132164	3108000
9304	3092000
13768	3017000
37447	3003000
2510	3000000
11260	2990000
23393	2892000
24203	2890000
3292	2880000
11404	2880000
12430	2880000
202276	2830000
37100	2806000
3265	2760000
36692	2757200
327693	2736000
20880	2720000
62041	2700000
39651	2690000
25192	2663000
786	2640000
9534	2640000
30722	2640000
12083	2620000
1257	2600400
9121	2580000
5588	2560000
14413	2546000
16637	2540000
9824	2540000
29535	2540000
8717	2520000
668	2520000
2711	2510000
24785	2500000
40356	2480000
19151	2440000
42708	2440000
7575	2424000
27381	2420000
812	2400000
5432	2400000
23520	2400000
6661	2400000
262206	2400000
15962	2400000
38091	2400000
11888	2400000
3630	2280000
23563	2280000
9318	2263000
55818	2213200
137872	2200000
4739	2190000
20504	2160000
15802	2160000
3255	2080000
4800	2076000
23576	2040000
12479	2040000
12714	2002000
270346	2000000
139023	2000000
50384	1970000
35320	1960000
28368	1952000
43531	1942000
42525	1932000
7195	1930000
47377	1920000
9269	1917000
34224	1900000
34984	1900000
47764	1890000
8426	1848000
37271	1844000
18403	1840000
15542	1800000
37662	1800000
8529	1796000
26615	1780000
6057	1770000
13760	1750000
5713	1740210
11232	1740000
5413	1724000
9680	1720000
5378	1700000
7738	1692000
59605	1692000
132203	1680000
23184	1670000
30517	1660000
264144	1640000
2851	1640000
13037	1570000
34867	1570000
22646	1570000
109	1569000
12200	1560000
7029	1560000
1741	1560000
40788	1560000
31500	1554000
12849	1530000
4134	1510000
3327	1510000
4766	1500000
13489	1500000
9505	1492000
52941	1490000
3741	1477000
36089	1470000
9050	1460000
197595	1450000
702	1449200
3491	1449000
396253	1444000
2828	1440000
31027	1440000
4648	1440000
23881	1440000
58073	1440000
393565	1440000
8657	1430000
46450	1430000
6128	1430000
30600	1420000
2116	1392000
38880	1392000
18081	1360000
6768	1360000
28580	1351000
38895	1350000
31655	1340000
4713	1320000
293	1320000
200981	1320000
11269	1320000
7155	1310000
23473	1291000
62887	1290000
2852	1280000
43727	1270000
53180	1270000
4761	1256000
14630	1242000
40428	1240000
6614	1240000
7545	1234000
53013	1230000
10474	1224000
50304	1220000
3601	1200000
33362	1200000
58682	1200000
61449	1200000
49378	1200000
17072	1200000
137922	1180000
48237	1177500
17451	1174000
197790	1160000
47605	1152000
4685	1150000
25180	1144000
28146	1140000
55900	1140000
15600	1130000
15224	1128000
196925	1120000
30094	1116000
16904	1110000
10026	1106330
13445	1105000
14868	1101000
2906	1100000
24748	1100000
267056	1100000
132825	1100000
30844	1091000
28126	1090000
9723	1080000
10143	1080000
39608	1080000
28260	1080000
2559	1080000
205216	1080000
6697	1070000
28343	1066000
44050	1062000
18705	1060000
9930	1060000
62955	1060000
27471	1056000
7552	1050000
2611	1040000
14282	1032000
262503	1026000
13170	1022000
31939	1020000
200455	1020000
8455	1015000
25358	1010000
24115	1006000
29119	1000000
35753	1000000
52871	1000000
20943	1000000
6465	1000000
202425	1000000
38883	998000
17639	994000
11686	990000
4773	990000
262740	990000
30781	981000
6866	980000
54133	980000
64050	980000
17559	972000
53766	971000
35407	970000
52840	970000
22689	969600
26415	967000
28158	961000
7795	960000
39202	960000
9116	960000
33915	960000
10030	960000
766	960000
62	960000
54183	960000
54312	960000
27715	960000
34218	960000
63221	960000
201641	960000
59027	960000
36062	960000
28338	950000
52925	950000
263903	940000
12353	930000
19009	930000
21245	930000
8781	919000
9231	914000
262355	912000
45158	912000
18106	905000
53162	904000
59930	900000
47582	900000
33132	890000
21976	890000
6908	885000
2110	880000
9595	880000
263297	880000
9354	871000
7473	870000
23148	864000
6412	862000
1680	860000
2860	860000
18121	860000
26801	860000
262287	850020
39326	848000
200020	843000
852	840000
29550	840000
577	840000
24940	840000
13124	840000
39832	840000
5483	840000
5009	840000
25512	840000
38790	840000
8095	840000
61400	840000
263327	831000
4651	830000
5603	820000
4258	820000
43332	820000
3786	810000
27475	810000
26162	802000
43205	800000
12392	800000
37153	800000
265937	800000
209222	800000
7418	800000
28598	800000
703	795200
8632	792000
24033	790000
136106	787000
12956	783000
45780	783000
28716	782000
25885	780000
15830	773000
262848	771000
58507	769000
2687	762000
263073	760000
30990	760000
23889	751000
12731	750000
7679	750000
62904	750000
9500	740000
9924	735300
21385	734400
4788	734300
44053	732300
5769	730000
2152	721200
21502	720000
9070	720000
29695	720000
43646	720000
21321	720000
32184	720000
38819	720000
45204	720000
6848	720000
23404	720000
49685	720000
7415	720000
206819	720000
6471	720000
6407	713000
39912	712000
38858	710000
17709	710000
36924	706000
37168	702000
262659	692000
262729	690000
41798	690000
137	689000
35432	684000
12871	680000
33438	680000
38622	670000
6181	670000
262773	669000
9031	664000
8462	660000
132132	660000
21574	660000
30081	660000
48919	658000
559	650000
5511	650000
46	650000
62668	650000
9342	644000
9365	640000
262428	640000
35213	629000
13189	625000
43561	620000
53158	620000
13193	612000
26803	612000
31272	603600
25899	600000
7992	600000
13249	600000
7632	600000
36040	600000
28171	600000
34700	600000
49158	600000
263665	600000
719	600000
42830	600000
197482	600000
19324	600000
41998	600000
35362	600000
327987	600000
50473	600000
49477	600000
62044	600000
262778	596000
266989	590000
51500	590000
36236	585000
9729	583000
58601	580000
17941	580000
13576	580000
23693	580000
6922	580000
22616	580000
262807	577500
264668	576000
11758	570000
28624	570000
7862	564000
138132	564000
8452	560000
267469	560000
17885	560000
52005	558000
1828	547000
37282	542000
19108	540000
12129	540000
14026	540000
263080	540000
262468	540000
202023	540000
63242	540000
34305	540000
15419	536000
133612	530000
45558	530000
136743	530000
48166	529000
58530	528000
27988	524000
20144	522000
4635	521000
53184	520480
30419	520000
39642	520000
9667	520000
7049	520000
43668	520000
26554	519000
14969	517000
11814	512000
53065	512000
24130	504000
12678	504000
10310	500000
21371	500000
7670	500000
51852	500000
131917	500000
22724	499000
12041	496000
3267	493200
28202	493000
19165	492000
6067	492000
9299	492000
15958	492000
45638	492000
27524	490000
137831	490000
36937	489000
9650	488000
52551	486000
132296	485000
14492	482000
52579	482000
34244	481000
8365	480000
29422	480000
11096	480000
17819	480000
25577	480000
39102	480000
36351	480000
39704	480000
25668	480000
4787	480000
20845	480000
60339	480000
31242	480000
8535	480000
35717	480000
15517	480000
1424	480000
13147	480000
8866	480000
41678	480000
28666	480000
28267	480000
8448	480000
19996	480000
18260	480000
18182	480000
41164	480000
35193	480000
58209	480000
47242	480000
25255	480000
48634	480000
54998	480000
22147	480000
8445	480000
5403	480000
10118	480000
17054	480000
197451	480000
56038	480000
3261	480000
17012	480000
132680	480000
48620	480000
50204	480000
44735	480000
28576	480000
327991	480000
13807	480000
44416	480000
27919	480000
40526	480000
3754	480000
28554	480000
30838	480000
30818	480000
58941	480000
64220	480000
6307	480000
135262	480000
24703	480000
266167	480000
264215	480000
10036	480000
11979	480000
55182	480000
27925	480000
54827	480000
266931	480000
6447	475600
4657	470000
53037	470000
51069	470000
58580	469000
9044	468000
38466	468000
16302	466500
9902	462000
47481	462000
50643	460000
21413	460000
10158	460000
38333	460000
262476	460000
136557	455000
27589	454000
7600	454000
10098	451200
3320	450000
26496	450000
17924	450000
5391	450000
27747	450000
58243	450000
61102	450000
28331	450000
53240	450000
12709	450000
26446	450000
8308	447000
24751	447000
37417	447000
28330	445000
35745	445000
32286	444000
44843	444000
44684	440000
26120	440000
56444	440000
41206	440000
43729	440000
11666	439000
34610	432000
8968	432000
197888	432000
41018	432000
3300	430000
1241	430000
28229	430000
28649	429000
14340	428600
8674	427000
52696	425000
262865	423000
18278	420000
56396	420000
28191	420000
262731	420000
49824	420000
17583	420000
262760	414000
38987	414000
17922	412000
30041	410000
37693	410000
24324	408000
16570	408000
263421	402000
38107	400000
21232	400000
59384	400000
136784	400000
25019	400000
20347	400000
50129	400000
49374	400000
101	400000
44066	400000
13000	397000
12859	396000
33011	396000
17665	393500
23498	390000
1239	390000
40029	390000
15085	390000
262664	390000
60169	390000
16110	390000
15598	390000
7475	385200
8487	384300
22691	384000
12310	384000
7311	384000
56258	384000
35761	384000
14361	382000
10003	381000
7782	380000
59900	380000
16700	380000
28665	380000
12847	380000
41194	380000
56931	380000
267484	380000
15377	380000
20121	377000
9264	376000
45352	375600
41552	374000
10029	374000
3701	372000
8399	372000
3262	372000
17547	372000
31463	372000
30539	372000
37678	372000
199319	372000
24916	370000
29009	370000
20773	370000
24277	370000
21488	370000
63516	370000
133403	370000
61157	370000
202409	370000
134697	368800
9749	365000
18283	364000
38327	364000
3257	363000
11142	362000
12654	361200
10835	361200
7713	361000
701	360000
2381	360000
237	360000
6695	360000
2529	360000
12306	360000
40511	360000
6677	360000
36944	360000
6473	360000
23930	360000
39605	360000
11403	360000
26163	360000
9008	360000
48918	360000
1406	360000
8530	360000
33083	360000
25148	360000
17534	360000
18268	360000
34056	360000
39545	360000
36012	360000
1422	360000
26677	360000
36280	360000
10302	360000
45031	360000
42000	360000
2614	360000
55569	360000
23786	360000
47708	360000
47264	360000
36222	360000
35805	360000
38651	360000
262403	360000
13825	360000
61374	360000
52752	360000
51409	360000
9993	360000
3128	360000
10578	360000
63270	360000
3252	360000
262485	360000
9834	360000
53078	360000
394497	360000
9029	360000
16851	360000
36734	360000
36873	360000
30028	360000
42981	360000
41508	360000
18747	360000
48956	360000
35434	360000
196729	360000
265399	360000
202103	360000
202196	360000
29107	360000
18255	360000
39251	360000
8819	360000
131937	360000
39507	360000
205139	360000
8540	360000
47872	360000
57866	358000
64315	358000
9957	352000
199503	352000
21777	351000
9997	350000
1659	350000
63290	350000
53152	350000
43656	350000
34120	350000
21808	350000
28125	348000
58057	348000
15763	346500
20459	342000
47195	341000
41420	340000
11550	340000
45269	340000
9457	340000
61323	340000
132215	339000
12693	337500
27955	336000
49290	335000
1836	332000
9246	332000
262505	332000
21409	330000
13370	330000
59536	330000
35575	330000
23089	330000
39444	330000
7162	330000
327901	330000
263616	330000
13896	327000
39899	320120
19318	320000
16735	320000
37105	320000
18450	320000
17882	320000
56329	320000
52751	320000
34058	320000
131912	320000
45011	320000
136907	320000
56309	320000
7385	320000
9605	320000
37697	320000
38758	318000
4780	316000
37613	315000
262847	314000
47422	313000
3302	312000
13009	312000
3225	312000
54329	310000
19189	310000
28201	310000
37892	310000
22697	310000
202004	309000
37358	304000
8544	300000
18200	300000
7671	300000
30950	300000
16243	300000
10002	300000
23778	300000
55785	300000
262343	300000
28145	300000
134139	300000
59460	300000
26133	300000
206548	300000
39551	300000
131934	300000
35640	300000
376	300000
47147	300000
133120	297500
42456	296000
197727	295000
224	295000
28166	294000
55329	294000
52937	294000
133930	294000
61189	294000
13122	293000
19889	291000
4818	290000
23783	290000
23114	290000
28370	290000
52908	290000
23704	290000
52468	290000
50050	290000
13786	290000
10010	290000
262532	289792
22363	288000
132770	288000
42	285500
266448	285000
9297	284000
60474	283100
10021	282000
38861	282000
59699	280800
5541	280000
12387	280000
6679	280000
40220	280000
262444	280000
199408	280000
1759	280000
56308	279000
12350	276000
38322	276000
37150	276000
26613	276000
41096	274000
20910	274000
24709	273000
34803	272000
6663	272000
31727	270000
44788	270000
50821	270000
56030	270000
10019	270000
263055	270000
4557	270000
21367	270000
32217	270000
32233	270000
396356	270000
41275	270000
37254	267000
4770	265000
28258	265000
34245	264000
24852	264000
327698	264000
204053	264000
204222	264000
51060	264000
44646	264000
1280	263000
264493	263000
51706	262000
18150	260000
15399	260000
22742	260000
11835	260000
10094	260000
17506	260000
23314	260000
53147	260000
35709	260000
62040	258048
55720	257000
53115	256000
23105	255000
25818	254200
327984	254000
50083	254000
10490	252000
7752	252000
16586	252000
27008	252000
4844	252000
16371	252000
13243	252000
4628	252000
22772	252000
25460	252000
57353	252000
50272	252000
262516	252000
28978	252000
262732	252000
51018	252000
262441	252000
49102	252000
199723	252000
200889	252000
60191	252000
8343	251000
58307	251000
56828	251000
50629	250000
28349	250000
52689	250000
37515	250000
42504	250000
263880	250000
197113	250000
199250	250000
40317	250000
137280	250000
15576	248000
37028	247700
11377	245760
200539	245000
132255	244000
7610	243630
262854	243000
27924	242000
39184	242000
327824	242000
9245	241200
23678	241000
9435	241000
8607	240000
15422	240000
25441	240000
25309	240000
35028	240000
16150	240000
3605	240000
8897	240000
27552	240000
6315	240000
15366	240000
16713	240000
30914	240000
25761	240000
12312	240000
31477	240000
16082	240000
5467	240000
20161	240000
8732	240000
2544	240000
2044	240000
21221	240000
12969	240000
855	240000
34594	240000
8608	240000
13868	240000
35819	240000
36416	240000
8057	240000
48971	240000
8903	240000
17514	240000
1930	240000
32869	240000
8896	240000
11030	240000
50295	240000
34555	240000
18678	240000
15474	240000
9186	240000
49788	240000
17955	240000
59835	240000
34456	240000
394739	240000
7642	240000
8821	240000
55480	240000
47155	240000
10297	240000
15440	240000
21099	240000
62047	240000
5619	240000
35017	240000
50606	240000
10973	240000
13730	240000
1251	240000
23316	240000
19169	240000
14265	240000
51243	240000
18129	240000
43833	240000
46043	240000
393223	240000
3333	240000
18978	240000
60955	240000
12996	240000
20836	240000
22799	240000
28224	240000
28667	240000
11815	240000
8055	240000
28668	240000
15502	240000
7057	240000
37596	240000
26609	240000
12338	240000
62752	240000
61231	240000
32204	240000
393523	240000
62715	240000
36112	240000
53187	240000
263311	240000
53597	240000
54665	240000
26479	240000
57864	240000
44356	240000
26292	240000
199860	240000
12670	240000
197013	240000
10733	240000
26827	240000
13739	240000
11468	240000
6994	240000
31950	240000
54527	240000
11924	240000
262696	240000
11280	240000
17310	240000
24611	240000
6325	240000
63124	240000
20952	240000
28310	240000
20850	240000
14627	240000
46435	240000
33713	240000
263535	240000
17809	240000
4809	240000
41046	240000
23669	240000
59899	240000
9615	240000
202119	240000
24249	240000
58589	240000
25083	240000
44914	240000
37439	240000
134053	240000
20717	240000
20715	240000
200852	240000
38924	240000
9146	240000
22442	240000
12735	240000
54290	240000
29866	240000
11240	240000
18419	240000
6122	240000
13977	240000
47438	240000
262457	240000
265206	240000
35205	240000
21559	240000
56890	240000
62499	240000
27618	240000
41549	240000
32212	240000
48793	240000
27216	240000
263482	240000
17726	240000
32505	240000
202895	240000
15669	240000
264437	240000
56282	240000
61584	240000
51619	240000
198537	240000
41026	240000
11014	240000
200594	240000
198948	240000
197667	240000
24271	240000
198418	240000
28545	240000
47254	240000
58863	240000
55805	240000
34092	240000
60860	240000
43509	240000
198525	240000
52106	240000
51636	240000
206890	240000
41160	240000
204126	240000
48503	240000
50705	240000
51390	240000
5582	240000
50767	240000
43571	240000
133206	240000
202228	240000
62622	240000
43679	240000
135814	240000
21171	240000
395466	240000
13381	240000
58942	240000
58943	240000
63839	240000
63832	240000
64219	240000
64216	240000
64222	240000
395081	240000
58548	240000
395383	240000
394625	240000
24745	240000
198551	240000
15924	240000
37340	240000
3662	240000
203165	240000
39431	240000
206314	240000
2590	240000
35614	240000
53231	240000
6917	240000
61917	240000
28658	240000
3479	240000
134312	240000
39840	240000
39871	240000
45187	240000
198371	240000
394308	240000
15659	240000
131920	240000
34612	240000
263998	240000
8895	240000
4673	240000
56635	240000
57279	240000
35539	240000
55872	240000
201105	240000
7337	240000
61053	240000
264450	240000
56864	240000
31004	240000
18390	240000
17608	240000
17889	240000
39798	240000
198612	240000
54578	240000
62282	240000
25454	240000
267530	240000
37317	240000
15624	240000
393979	240000
33166	240000
264023	240000
36493	240000
32564	240000
7838	240000
135662	240000
34702	240000
54198	240000
137562	240000
262456	240000
48287	240000
31200	240000
132692	240000
27745	240000
60415	240000
37468	240000
3238	240000
6799	240000
37611	240000
24183	239000
28605	238000
20804	237000
6619	234000
9293	233000
45437	233000
22438	232000
12470	232000
61438	231900
34577	231500
262794	231280
131744	231000
395561	231000
266211	231000
30212	230000
22561	230000
10001	230000
262983	230000
52531	230000
9694	230000
40217	230000
328278	230000
46276	230000
8647	230000
5564	225000
328146	225000
8763	222000
37699	222000
16211	221000
53171	221000
266341	221000
13536	220000
23700	220000
13360	220000
5056	220000
39090	220000
52962	220000
22085	220000
264543	220000
27364	220000
290	220000
8387	220000
5518	220000
9946	220000
24572	220000
262676	220000
50153	220000
199585	220000
37701	220000
48452	220000
35237	220000
13329	220000
2682	220000
264270	220000
55943	220000
137912	220000
205881	220000
132528	220000
14593	220000
23540	220000
16839	219000
20960	219000
58396	218000
44654	216700
17356	216000
28359	216000
136119	216000
57169	214000
62455	213000
9416	212000
28250	212000
45629	211500
30972	210000
16245	210000
2857	210000
34934	210000
28309	210000
54540	210000
262434	210000
262699	210000
11708	210000
265130	210000
265496	210000
135739	210000
136838	210000
51048	210000
31898	210000
33763	206000
38623	205700
4851	204000
28131	204000
263544	204000
43607	204000
43142	204000
14537	201024
197133	201000
37157	201000
34106	200000
22652	200000
41572	200000
6739	200000
62523	200000
266409	200000
202120	200000
50073	200000
58713	200000
395332	200000
56318	200000
41691	200000
53156	200000
266444	200000
394073	200000
50698	200000
397095	200000
264150	200000
49624	200000
328437	200000
26077	200000
131160	200000
133496	200000
20394	200000
59783	200000
3303	200000
198792	200000
32703	200000
5078	200000
29073	200000
33588	200000
264005	198000
28130	197000
24535	195000
262548	195000
200043	192000
264052	192000
45931	191200
55581	190500
12360	190000
31115	190000
4581	190000
8680	190000
132323	190000
263321	190000
267624	190000
134220	190000
3462	187000
12676	186000
203658	186000
265061	186000
63859	184000
262594	184000
268331	183300
199434	183000
264460	182400
132453	181000
35916	180000
14793	180000
18077	180000
4058	180000
28591	180000
53196	180000
262715	180000
52930	180000
264359	180000
52940	180000
263427	180000
197588	180000
266468	180000
18274	180000
264517	180000
263625	180000
13767	180000
266131	180000
266156	180000
265019	180000
267075	180000
202414	180000
60893	180000
203942	180000
52007	180000
29588	180000
2526	180000
4652	180000
328170	180000
9795	180000
262761	179000
31257	178000
131745	177400
262293	175000
393891	171000
196879	171000
7784	170000
49835	170000
27887	170000
45356	170000
61871	170000
15054	170000
46455	170000
132934	170000
263982	170000
264582	170000
263347	170000
32798	170000
267590	170000
35176	170000
52439	169000
137367	169000
3856	168720
55666	168500
39792	168000
57119	168000
262409	168000
37700	168000
24186	168000
267201	168000
28134	166400
37273	166000
266498	166000
55862	164000
328242	164000
12455	164000
34087	163000
264575	162048
18059	162000
16374	162000
35619	161900
32299	161000
10075	160000
20712	160000
24105	160000
20718	160000
15497	160000
57463	160000
20771	160000
200052	160000
262765	160000
58708	160000
263626	160000
263516	160000
64255	160000
134033	160000
57249	160000
264367	160000
52766	160000
265359	160000
268221	160000
10947	160000
136518	160000
263779	160000
18676	160000
14061	160000
13649	160000
3910	160000
10084	160000
52662	159300
51918	159000
14380	159000
264564	159000
132476	158300
20634	156000
13002	156000
4775	156000
14717	156000
52888	156000
28209	156000
14701	156000
5118	156000
63928	156000
197473	156000
44964	156000
39823	156000
263405	155000
38220	154000
17828	154000
72	154000
38511	153000
59842	153000
39869	152000
33182	152000
15699	152000
39279	152000
263394	151000
263336	151000
7131	151000
25542	150000
29686	150000
10594	150000
21859	150000
803	150000
45896	150000
12703	150000
6295	150000
38657	150000
51795	150000
12926	150000
262744	150000
15191	150000
59497	150000
262493	150000
199335	150000
262150	150000
52694	150000
264562	150000
6718	150000
264344	150000
264223	150000
59964	150000
41693	150000
265886	150000
210	150000
136521	150000
131627	150000
137557	150000
46723	150000
133380	150000
263271	150000
7381	150000
48422	150000
24955	150000
135060	149000
262365	148000
38583	147000
34006	145320
43545	144600
5430	144000
6130	144000
17660	144000
20969	144000
4927	144000
43708	144000
34108	144000
8902	144000
58451	144000
34790	144000
8246	144000
21430	144000
49455	144000
57356	144000
14633	144000
58779	144000
58980	144000
262318	144000
198736	144000
263265	144000
28226	144000
263329	144000
199846	144000
35306	144000
197400	144000
7656	144000
57513	144000
2847	144000
39067	144000
8220	144000
28124	143000
198517	143000
264397	142000
1342	142000
42511	142000
24338	142000
52666	142000
133840	142000
262537	142000
263237	141000
263542	141000
200781	141000
132449	141000
8637	140960
28294	140720
49888	140400
262463	140360
20080	140000
7568	140000
31252	140000
19750	140000
18400	140000
14828	140000
25472	140000
264111	140000
265278	140000
25615	140000
7539	140000
328417	140000
133898	140000
47478	140000
32415	140000
34347	139000
262725	139000
13272	138000
44099	138000
37333	138000
3908	138000
61573	136000
48539	135168
327962	135168
327756	135168
37645	135000
55259	135000
20764	134000
45411	134000
15447	134000
5416	134000
12779	133000
58495	133000
327750	132288
2915	132000
2153	132000
16186	132000
4150	132000
286	132000
30827	132000
35244	132000
26785	132000
24167	132000
8788	132000
29611	132000
23171	132000
5631	132000
29141	132000
42093	132000
39637	132000
42612	132000
25151	132000
31167	132000
50572	132000
36149	132000
48850	132000
16175	132000
47408	132000
39904	132000
16178	132000
11233	132000
29834	132000
6777	132000
36817	132000
1126	132000
28287	132000
28132	132000
17625	132000
36907	132000
43406	132000
53889	132000
29462	132000
23550	132000
327745	132000
28110	132000
15008	132000
262454	132000
262288	132000
262481	132000
32867	132000
4678	132000
32338	132000
20904	132000
51055	132000
52438	132000
60610	132000
262388	132000
64044	132000
264268	132000
24651	132000
20412	132000
199803	132000
133421	132000
29522	132000
38197	132000
47551	132000
7540	132000
38714	132000
56949	132000
198151	132000
47252	132000
198389	132000
61709	132000
201290	132000
197592	132000
197747	132000
197262	132000
198401	132000
198040	132000
199754	132000
50550	132000
199978	132000
200176	132000
25509	132000
395400	132000
263396	132000
42490	132000
198380	132000
49409	132000
31726	132000
133616	132000
47626	132000
8194	132000
37720	132000
37675	132000
264138	132000
21485	131000
23913	131000
53587	131000
56449	131000
9038	130300
13354	130000
30851	130000
262706	130000
28277	130000
28284	130000
25447	130000
22177	130000
15280	130000
61094	130000
133590	130000
62943	130000
203629	130000
53211	130000
58689	130000
35007	130000
201081	130000
328216	130000
61588	130000
61751	130000
267289	130000
202709	130000
199995	130000
210278	130000
27984	130000
61012	130000
31708	129000
22556	129000
16206	129000
57731	129000
14576	129000
15188	129000
132894	128400
42947	128000
50316	127050
263584	127000
52866	126000
52660	126000
30813	126000
51948	126000
204805	126000
55359	126000
53195	125000
55766	125000
18229	124000
39351	124000
202805	124000
56246	123000
37619	123000
9244	123000
36923	123000
264811	123000
8280	123000
59288	123000
28183	122880
29918	122880
133001	122880
262691	122880
61686	122880
196695	122880
53107	122880
61512	122400
17306	122160
24043	122000
262429	122000
45280	122000
47275	122000
42669	121200
132976	121024
25459	121000
132857	121000
58299	121000
18351	121000
28154	121000
200668	121000
131296	120720
60261	120000
55429	120000
63311	120000
7091	120000
8560	120000
8190	120000
5605	120000
30176	120000
26347	120000
29748	120000
21947	120000
12008	120000
35985	120000
23686	120000
24121	120000
9989	120000
11537	120000
24931	120000
6623	120000
23260	120000
31736	120000
41690	120000
394070	120000
17645	120000
36683	120000
6423	120000
31400	120000
3512	120000
29208	120000
24642	120000
35843	120000
43683	120000
5539	120000
26792	120000
39598	120000
23265	120000
13041	120000
43284	120000
16814	120000
5577	120000
42227	120000
35332	120000
11051	120000
42184	120000
13692	120000
8744	120000
29562	120000
47172	120000
47841	120000
47215	120000
11995	120000
47344	120000
33737	120000
48943	120000
46484	120000
47490	120000
11664	120000
45668	120000
38478	120000
33139	120000
20985	120000
33796	120000
12316	120000
47143	120000
11071	120000
21250	120000
12188	120000
33470	120000
41601	120000
52892	120000
11922	120000
59895	120000
11798	120000
29404	120000
22546	120000
53131	120000
513	120000
46849	120000
22653	120000
14116	120000
45711	120000
8728	120000
13703	120000
44160	120000
53070	120000
29037	120000
49895	120000
46793	120000
16095	120000
19531	120000
40581	120000
51929	120000
6723	120000
23627	120000
13857	120000
21525	120000
24554	120000
19844	120000
10024	120000
41412	120000
25764	120000
6336	120000
12578	120000
600	120000
53175	120000
32613	120000
23816	120000
19782	120000
37235	120000
27947	120000
197377	120000
48500	120000
17246	120000
32365	120000
54154	120000
26167	120000
10653	120000
45634	120000
43852	120000
34270	120000
54652	120000
21412	120000
18199	120000
25780	120000
9584	120000
53306	120000
8823	120000
53100	120000
1120	120000
44858	120000
12033	120000
11242	120000
42239	120000
54376	120000
50673	120000
16724	120000
132267	120000
10102	120000
54327	120000
63060	120000
57187	120000
7849	120000
58656	120000
199339	120000
25273	120000
58010	120000
60717	120000
27026	120000
41281	120000
8245	120000
57068	120000
18049	120000
33604	120000
28153	120000
262777	120000
28306	120000
262903	120000
28571	120000
262780	120000
14571	120000
12536	120000
53080	120000
11475	120000
10996	120000
17685	120000
38043	120000
57029	120000
11081	120000
199364	120000
29485	120000
54929	120000
29933	120000
262333	120000
14103	120000
57193	120000
40700	120000
33606	120000
55923	120000
51263	120000
36444	120000
18516	120000
32421	120000
33515	120000
40413	120000
10993	120000
23274	120000
26288	120000
62915	120000
25653	120000
5664	120000
28366	120000
196844	120000
53143	120000
40676	120000
262704	120000
31877	120000
32479	120000
32100	120000
15267	120000
22921	120000
15108	120000
52251	120000
18094	120000
133534	120000
262620	120000
10886	120000
53221	120000
27833	120000
20207	120000
6368	120000
262724	120000
52558	120000
14463	120000
24730	120000
61951	120000
11414	120000
133579	120000
57963	120000
198203	120000
62469	120000
30466	120000
262989	120000
52846	120000
262377	120000
42775	120000
43317	120000
54002	120000
262402	120000
264531	120000
264492	120000
53224	120000
53122	120000
262675	120000
27768	120000
36445	120000
133420	120000
28163	120000
61950	120000
9022	120000
199256	120000
262667	120000
62183	120000
50148	120000
56301	120000
28066	120000
32710	120000
24278	120000
133873	120000
49063	120000
198477	120000
10481	120000
42845	120000
11976	120000
327893	120000
5690	120000
16832	120000
40028	120000
393965	120000
61244	120000
15433	120000
9999	120000
25068	120000
262256	120000
263587	120000
134363	120000
42567	120000
31769	120000
263668	120000
4043	120000
263789	120000
18616	120000
25003	120000
132167	120000
48642	120000
26271	120000
59	120000
819	120000
32277	120000
263822	120000
6561	120000
61942	120000
263569	120000
29244	120000
263797	120000
25165	120000
25227	120000
201602	120000
133959	120000
198785	120000
7687	120000
11174	120000
8714	120000
42334	120000
16130	120000
43391	120000
58815	120000
263363	120000
28270	120000
28308	120000
11279	120000
53407	120000
262413	120000
35998	120000
17429	120000
29788	120000
19082	120000
15102	120000
55270	120000
21632	120000
25248	120000
52726	120000
51164	120000
52363	120000
20559	120000
18683	120000
54661	120000
19689	120000
135246	120000
52794	120000
134809	120000
52519	120000
8008	120000
394437	120000
328400	120000
264016	120000
52878	120000
58762	120000
45684	120000
202831	120000
52989	120000
197524	120000
45775	120000
264961	120000
201782	120000
327952	120000
52981	120000
61836	120000
62818	120000
198235	120000
199494	120000
51394	120000
36866	120000
133652	120000
32165	120000
27895	120000
10299	120000
197615	120000
43733	120000
32743	120000
264768	120000
58965	120000
27951	120000
46692	120000
57608	120000
262186	120000
27272	120000
263674	120000
35760	120000
50533	120000
40731	120000
200414	120000
199551	120000
51337	120000
134012	120000
35891	120000
60098	120000
29974	120000
262791	120000
35491	120000
60884	120000
57033	120000
394141	120000
27382	120000
36008	120000
55957	120000
11109	120000
206758	120000
52195	120000
265065	120000
199226	120000
7004	120000
57478	120000
60534	120000
27964	120000
39716	120000
41966	120000
59862	120000
202220	120000
7806	120000
395573	120000
395768	120000
52153	120000
262766	120000
50411	120000
41319	120000
395470	120000
265303	120000
17077	120000
395578	120000
50017	120000
42667	120000
135292	120000
263702	120000
49565	120000
23423	120000
395880	120000
134674	120000
1101	120000
11178	120000
23307	120000
59060	120000
197672	120000
51648	120000
13838	120000
202050	120000
395719	120000
133952	120000
394740	120000
57219	120000
201026	120000
394676	120000
34296	120000
14832	120000
58906	120000
29614	120000
6503	120000
61826	120000
45265	120000
12687	120000
12690	120000
25385	120000
44692	120000
202169	120000
131915	120000
202761	120000
131916	120000
265101	120000
196749	120000
205811	120000
61521	120000
328064	120000
196865	120000
135278	120000
27553	120000
53591	120000
53189	120000
135011	120000
265478	120000
198604	120000
38627	120000
23419	120000
24251	120000
262643	120000
7514	120000
28032	120000
206299	120000
36515	120000
50270	120000
28114	120000
63772	120000
328036	120000
6712	120000
22908	120000
41138	120000
17303	120000
38851	120000
52542	120000
53454	120000
6752	120000
265436	120000
198496	120000
56972	120000
42812	120000
327790	120000
393455	120000
41480	120000
265021	120000
46155	120000
40545	120000
62632	120000
53338	120000
35518	120000
394146	120000
62406	120000
25190	120000
266995	120000
19465	120000
27286	120000
137250	120000
40773	120000
54483	120000
13415	120000
61943	120000
204789	120000
266420	120000
204821	120000
199421	120000
32389	120000
15011	120000
49020	120000
267196	120000
44979	120000
20874	120000
266977	120000
267452	120000
263985	120000
134739	120000
263523	120000
205100	120000
43848	120000
31236	120000
196776	120000
5760	120000
31445	120000
23777	120000
51790	120000
132890	120000
394140	120000
27660	120000
63131	120000
263461	120000
64233	120000
63774	120000
267428	120000
38949	120000
41006	120000
197155	120000
265999	120000
134895	120000
202006	120000
51920	120000
1226	120000
262662	120000
25637	120000
47723	120000
37897	120000
11077	120000
262970	120000
131273	120000
197294	120000
265032	120000
18024	120000
131933	120000
54086	120000
57424	120000
200185	120000
55140	120000
265086	120000
136769	120000
40339	120000
196819	120000
29091	120000
11635	120000
132491	120000
263250	120000
29689	120000
198426	120000
27255	120000
49457	120000
61462	120000
138147	120000
41033	120000
8369	120000
47095	120000
59371	120000
397116	120000
202281	120000
267587	120000
131895	120000
196714	120000
197146	120000
209835	120000
44358	120000
50794	120000
396125	120000
46375	120000
266453	120000
6846	120000
44061	120000
61201	120000
4857	120000
17717	120000
7065	120000
16030	120000
13194	120000
60171	120000
37199	120000
64476	120000
23947	120000
28169	119100
135697	119000
267521	118000
48559	117000
53172	116000
62597	116000
263154	115000
262259	114000
202454	114000
132137	113664
7500	113000
207073	113000
62275	113000
40300	112000
33725	112000
17483	112000
8752	111020
13657	111000
2685	111000
25466	111000
12042	111000
11123	111000
53349	111000
11195	111000
262230	111000
201054	111000
57613	111000
61478	111000
37451	111000
31617	111000
9155	111000
26914	110000
7303	110000
18530	110000
42005	110000
9137	110000
35470	110000
36143	110000
33302	110000
59940	110000
62239	110000
24309	110000
134055	110000
25961	110000
48716	110000
55507	110000
262316	110000
136026	110000
31857	110000
48408	110000
131914	110000
197902	110000
396503	110000
63343	110000
264127	110000
15426	110000
28319	110000
20846	110000
11751	110000
134359	110000
32067	110000
3145	110000
394449	110000
46950	110000
56373	110000
50554	110000
63298	110000
30168	110000
35795	110000
12459	110000
264679	110000
53052	110000
137575	110000
52772	110000
28178	110000
35612	110000
21267	109000
262394	109000
51944	108500
398131	108500
262733	108000
57896	108000
59945	108000
38769	108000
6648	106000
52858	106000
41202	106000
49349	105000
133324	105000
55814	105000
37276	104000
64475	104000
132771	104000
138064	104000
43500	102400
12684	102000
37154	102000
265147	102000
13549	102000
18615	102000
133934	101100
264425	101000
64223	101000
264598	100768
30740	100000
6405	100000
20495	100000
4764	100000
15743	100000
23106	100000
17997	100000
19310	100000
56099	100000
29465	100000
262692	100000
267095	100000
200478	100000
22324	100000
268267	100000
20919	100000
39337	100000
201447	100000
328327	100000
9910	100000
132808	100000
57073	100000
33044	100000
52760	100000
23808	100000
197522	100000
23618	100000
58171	100000
14860	100000
9136	100000
8803	100000
20618	100000
56655	100000
4694	100000
268819	100000
209116	100000
3223	100000
134369	100000
32440	100000
262595	100000
23059	100000
33873	100000
133385	100000
8757	100000
134705	100000
25482	99328
132931	99000
133658	99000
39192	99000
4589	98000
53246	97000
33480	96576
14609	96000
35833	96000
21709	96000
2602	96000
21880	96000
53102	96000
52685	96000
56286	96000
35940	96000
48011	96000
58376	96000
53130	95000
263990	95000
31800	94200
202566	94000
199496	94000
21724	93000
53589	93000
35074	93000
201838	93000
57121	93000
263793	93000
15772	93000
7521	92000
57151	92000
6738	91800
55674	91600
262352	91264
29608	91200
197091	90030
16265	90000
21392	90000
48268	90000
18209	90000
39138	90000
9621	90000
14877	90000
12941	90000
23465	90000
262420	90000
56910	90000
4540	90000
264360	90000
33808	90000
262979	90000
263314	90000
196968	90000
59444	90000
52686	90000
206499	90000
53199	90000
200064	90000
328145	90000
199330	90000
60890	90000
204861	90000
396040	90000
37545	90000
48438	90000
19186	90000
209813	90000
3132	90000
23775	90000
210264	90000
264398	90000
265294	90000
397544	90000
265892	90000
9976	90000
266608	90000
24532	90000
45298	90000
55803	90000
198910	89000
58821	88000
21069	87000
8723	87000
327794	87000
394530	86000
50472	85200
10204	85000
208477	84500
19117	84000
26531	84000
198440	84000
54225	84000
327826	84000
262474	84000
262610	84000
266152	84000
262901	84000
3549	84000
50618	83000
23871	82800
33920	82000
53066	82000
61730	82000
15734	82000
18886	81920
61666	81920
11062	81920
264404	81920
205081	81000
132146	81000
13054	80800
28219	80020
39591	80000
55879	80000
262750	80000
17978	80000
59214	80000
25375	80000
28352	80000
328065	80000
265429	80000
24173	80000
264294	80000
45118	80000
135607	80000
18407	80000
23379	80000
266430	80000
393434	80000
2588	80000
267399	80000
266961	80000
266144	80000
266721	80000
35913	80000
268133	80000
29900	80000
25837	80000
266968	80000
51520	80000
17197	80000
328480	80000
131896	80000
264210	80000
266192	80000
209208	80000
2675	80000
57276	80000
16342	80000
9952	80000
267348	80000
207972	80000
262964	80000
328388	80000
37020	80000
39065	80000
263009	80000
27901	80000
35425	80000
14824	80000
4693	80000
198726	80000
9790	80000
61287	78000
39543	78000
52977	78000
63028	78000
61211	78000
133676	78000
202020	78000
45305	78000
24157	78000
49028	77000
45194	76800
134881	76800
262488	75576
4007	75100
60690	75000
264524	75000
51784	74300
39806	74000
199659	73200
2134	73000
52661	72432
21396	72000
18779	72000
15211	72000
48292	72000
29014	72000
33748	72000
57928	72000
264228	72000
49638	72000
327950	72000
38541	72000
9652	72000
43760	72000
263445	72000
263647	72000
266263	72000
17439	71680
58940	71000
7048	71000
263531	71000
44980	70000
58587	70000
53008	70000
7005	70000
263483	70000
263961	70000
38442	70000
262819	70000
60051	70000
54574	70000
264491	70000
39335	70000
40244	70000
263947	70000
263840	70000
6696	70000
14726	70000
268952	70000
37653	70000
267593	70000
328517	70000
263852	70000
204006	70000
208431	70000
26484	70000
266927	70000
266480	70000
15391	70000
41327	70000
24429	70000
262808	70000
137166	69632
13680	69000
48728	69000
262417	69000
58650	68000
57723	67264
26838	66144
20811	66000
51945	66000
262828	66000
28890	66000
37195	66000
28037	66000
262494	66000
52643	66000
6798	66000
8943	65200
44953	65000
42004	65000
23756	65000
61570	65000
137331	65000
265484	65000
37786	65000
43100	64000
58820	64000
262591	64000
59165	63000
136696	63000
58477	63000
58868	63000
24521	62000
263649	62000
266713	62000
37294	62000
9201	61000
23860	61000
39479	61000
7606	61000
33130	60600
5459	60000
10881	60000
42455	60000
5524	60000
53563	60000
49909	60000
5396	60000
62874	60000
262673	60000
133854	60000
263801	60000
17426	60000
52968	60000
199610	60000
264577	60000
50231	60000
131607	60000
61582	60000
262268	60000
61006	60000
263411	60000
52339	60000
45349	60000
49296	60000
267280	60000
36813	60000
137142	60000
266347	60000
47203	60000
265954	60000
267360	60000
37110	60000
46475	60000
199362	60000
19045	60000
14288	60000
7941	60000
19306	60000
138840	60000
267055	60000
264939	60000
264998	60000
137373	60000
328538	60000
37453	60000
39902	60000
133339	60000
397806	60000
198605	60000
199524	60000
28265	60000
23805	60000
58678	60000
131322	60000
33771	60000
263151	60000
267513	60000
205099	60000
328365	60000
6643	59000
56665	58800
51290	58000
327992	57168
33843	57000
56229	57000
263661	57000
59953	57000
263591	57000
268323	57000
41913	56000
12597	56000
61888	56000
263270	56000
53050	56000
9313	55000
48072	55000
45769	55000
13150	55000
31595	54000
327907	54000
42692	53000
48424	52800
262539	52500
198781	52000
262721	52000
55219	52000
203421	52000
52932	52000
134316	52000
8368	52000
34135	51600
264415	51200
34011	51000
29668	51000
7020	51000
9785	51000
262346	51000
33452	51000
57877	51000
38809	51000
53097	50750
31078	50400
44123	50400
56381	50200
263442	50000
262464	50000
55256	50000
263196	50000
133410	50000
53356	50000
264017	50000
29802	50000
196954	50000
42705	50000
264186	50000
207054	50000
12796	50000
205813	50000
209328	50000
328536	50000
45278	50000
27979	50000
57844	50000
43060	50000
205473	50000
32097	50000
197301	50000
58715	50000
18881	50000
40328	50000
393670	50000
134014	50000
58659	50000
14642	50000
53237	49800
30071	49200
52475	49152
262893	49000
3213	48000
35706	48000
29551	48000
41692	48000
33079	48000
24047	48000
25061	48000
39301	48000
8664	48000
32880	48000
34171	48000
25295	48000
42303	48000
55518	48000
20722	48000
197000	48000
29545	48000
47622	48000
29680	48000
20365	48000
133075	48000
199947	48000
262822	48000
393513	48000
27940	48000
28009	48000
263076	48000
327813	48000
38565	48000
4508	48000
55521	48000
30798	48000
28257	48000
263833	48000
37342	48000
45686	48000
51681	48000
11647	48000
36914	48000
264765	48000
14522	48000
206342	48000
262509	48000
328156	48000
263776	48000
61822	48000
265656	48000
23815	48000
131758	48000
264514	48000
59156	47000
265426	46960
23951	46000
206184	45056
51646	45000
131755	45000
52765	45000
52973	45000
16253	44000
8301	44000
263774	44000
9381	44000
8612	44000
49405	43000
263478	42900
263089	42500
20640	42000
38280	42000
9280	42000
28279	42000
262862	42000
52444	42000
18422	42000
198857	41100
250	41000
12773	41000
55653	40500
22534	40010
9658	40000
45498	40000
53230	40000
55685	40000
45287	40000
134732	40000
17671	40000
133613	40000
132847	40000
266400	40000
138570	40000
394151	40000
268126	40000
266972	40000
394302	40000
6059	40000
202596	40000
10279	40000
10099	40000
45361	40000
32621	40000
48128	40000
135010	40000
267522	40000
52639	40000
41985	40000
20657	40000
327738	40000
2731	40000
45705	40000
31202	40000
396501	40000
29357	40000
50475	40000
14979	40000
53764	40000
9891	40000
35137	40000
35847	40000
207353	40000
8435	40000
265135	40000
15960	40000
10103	40000
41088	40000
51088	40000
51395	40000
5662	40000
44513	40000
30259	40000
61805	40000
263124	40000
135193	40000
206125	40000
393420	40000
135098	40000
200738	40000
134715	40000
17253	40000
47043	40000
136522	40000
263258	40000
52201	40000
31430	40000
62856	40000
4647	40000
63920	40000
134090	40000
61134	39936
43019	39900
49463	39600
53142	39216
7908	39000
21513	39000
8677	39000
55555	39000
262730	39000
53708	39000
61928	39000
32160	39000
201106	39000
48727	39000
24536	39000
37479	39000
205344	39000
136873	39000
38896	39000
9326	39000
58392	39000
63862	39000
30880	38400
51254	38400
264552	38400
5505	38000
137410	38000
264925	37944
42459	37500
22873	37200
31235	37200
200794	37200
53165	37100
17666	37000
203140	37000
138816	37000
262336	36864
12902	36000
15657	36000
2128	36000
33419	36000
30132	36000
15766	36000
41391	36000
8784	36000
25593	36000
8513	36000
13135	36000
8553	36000
20915	36000
37986	36000
39636	36000
13826	36000
27822	36000
43013	36000
34304	36000
18559	36000
4677	36000
51906	36000
55644	36000
39287	36000
43858	36000
37519	36000
197617	36000
54119	36000
45348	36000
46156	36000
11179	36000
53169	36000
52352	36000
27879	36000
28590	36000
53218	36000
38289	36000
24195	36000
47027	36000
549	36000
9519	36000
3067	36000
34768	36000
133720	36000
262993	36000
203086	36000
52911	36000
52539	36000
36868	36000
35313	36000
134622	36000
135484	36000
198091	36000
37482	36000
197447	36000
61968	36000
263251	36000
266177	36000
39816	36000
62227	36000
136302	36000
48067	36000
197204	36000
267554	36000
33544	36000
133838	36000
37090	35000
28773	35000
203687	35000
9830	35000
15589	34608
31250	34500
37996	34000
2595	34000
43890	34000
57633	34000
38753	34000
262684	34000
18103	34000
10022	34000
263283	34000
197692	33600
34119	33000
17920	33000
8545	33000
23074	33000
45763	33000
53088	33000
53139	33000
45707	33000
136377	33000
28656	33000
136093	33000
59279	33000
6851	32000
32563	32000
12143	32000
136373	32000
17482	32000
38527	32000
47096	32000
56550	31500
21263	31100
23661	31000
134021	31000
47680	31000
59347	31000
45766	31000
20621	31000
34624	30900
38310	30720
328164	30720
265451	30720
45528	30720
133275	30720
8565	30600
31126	30240
4434	30180
13237	30000
50837	30000
28657	30000
44431	30000
25943	30000
23628	30000
49787	30000
135526	30000
35695	30000
9129	30000
138296	30000
268548	30000
64115	30000
11272	30000
138576	30000
1916	30000
7516	30000
21277	30000
201102	30000
207199	30000
46595	30000
134618	30000
139225	30000
37680	30000
52951	30000
263518	30000
262900	30000
268749	30000
269462	30000
263067	30000
269499	30000
46023	30000
138839	30000
20001	30000
19035	30000
62712	30000
59276	30000
133803	30000
17995	30000
378	30000
36311	30000
210142	30000
33951	30000
57999	30000
265383	30000
265038	30000
16604	30000
19754	30000
16803	30000
267	30000
23486	30000
45754	30000
45804	30000
133296	30000
12883	30000
393573	30000
395471	30000
37783	30000
328395	30000
37682	30000
196755	30000
35699	30000
139970	30000
267815	30000
56264	30000
43533	30000
32261	30000
44291	30000
39029	30000
3737	30000
22591	30000
17378	30000
33445	30000
11383	30000
17707	30000
62240	30000
59112	30000
32425	30000
262868	30000
49690	30000
17113	30000
133315	30000
263049	30000
264331	30000
134293	30000
394994	30000
202766	30000
133680	30000
58430	30000
25853	30000
61873	30000
44030	30000
9374	30000
201214	30000
61186	30000
135126	30000
137079	30000
9268	30000
45177	30000
396071	30000
43323	29000
132220	29000
21140	29000
262952	28000
46886	28000
200428	28000
52967	28000
264996	28000
45288	28000
24204	27900
35655	27400
136632	27288
3561	27000
33125	27000
43942	27000
36731	27000
263308	27000
262902	27000
265972	27000
137352	27000
137121	27000
204196	27000
328351	27000
51569	27000
206478	27000
9104	26400
41090	26400
24028	26400
44295	26400
199660	26400
199150	26400
60602	26300
44514	26000
4777	26000
58404	26000
262770	26000
132004	26000
38147	26000
135582	26000
9153	25500
262792	25500
28065	25500
209218	25498
8554	25200
33845	25200
29286	25200
53116	25200
34683	25200
41153	25200
328160	25100
49605	25000
47727	25000
48504	25000
37656	25000
262374	25000
262453	25000
136841	25000
4765	24900
262557	24600
263739	24579
10704	24576
17754	24576
265141	24576
328032	24576
52300	24576
203885	24576
56507	24576
266346	24500
263378	24500
21101	24400
55832	24288
58408	24288
14551	24200
134375	24096
20799	24000
29452	24000
15290	24000
14280	24000
5409	24000
8195	24000
3224	24000
33811	24000
7829	24000
16467	24000
53459	24000
33082	24000
23712	24000
33072	24000
30129	24000
30134	24000
30128	24000
52243	24000
33558	24000
23711	24000
23709	24000
30962	24000
16842	24000
9710	24000
2863	24000
39104	24000
28001	24000
31383	24000
26228	24000
8222	24000
25152	24000
12634	24000
34997	24000
34021	24000
34781	24000
15782	24000
13284	24000
29083	24000
35156	24000
24973	24000
25976	24000
41960	24000
11190	24000
45037	24000
35584	24000
40015	24000
9583	24000
23752	24000
29846	24000
48484	24000
37652	24000
11796	24000
50032	24000
13722	24000
47836	24000
15692	24000
23829	24000
30295	24000
17961	24000
8587	24000
53424	24000
24753	24000
16523	24000
35719	24000
24951	24000
50244	24000
50763	24000
14232	24000
33835	24000
44902	24000
38437	24000
41289	24000
45816	24000
13157	24000
31662	24000
17088	24000
12775	24000
57315	24000
1304	24000
51896	24000
51483	24000
37312	24000
45932	24000
53727	24000
9123	24000
197422	24000
24029	24000
49604	24000
23949	24000
27665	24000
6660	24000
58560	24000
52462	24000
42204	24000
24518	24000
24550	24000
44608	24000
35799	24000
15072	24000
56990	24000
18206	24000
49300	24000
39783	24000
198423	24000
12290	24000
20555	24000
16168	24000
42400	24000
8789	24000
31328	24000
59410	24000
29263	24000
51406	24000
16174	24000
50737	24000
9328	24000
35834	24000
197653	24000
43190	24000
53698	24000
35180	24000
48972	24000
25093	24000
5602	24000
43252	24000
28757	24000
53494	24000
59620	24000
49360	24000
28239	24000
28141	24000
53140	24000
133023	24000
132837	24000
53869	24000
3324	24000
9165	24000
3220	24000
54643	24000
37628	24000
10133	24000
54523	24000
41847	24000
262500	24000
53861	24000
29881	24000
263499	24000
133389	24000
53178	24000
28615	24000
37775	24000
29583	24000
262933	24000
63034	24000
47228	24000
23673	24000
62537	24000
52431	24000
7772	24000
262737	24000
10617	24000
52323	24000
202042	24000
61924	24000
52877	24000
36898	24000
16162	24000
60899	24000
28216	24000
18046	24000
131584	24000
41059	24000
201791	24000
56182	24000
28327	24000
264470	24000
26563	24000
18393	24000
39072	24000
200700	24000
55427	24000
62502	24000
58627	24000
327939	24000
31459	24000
36909	24000
59933	24000
393874	24000
203851	24000
264590	24000
393350	24000
134295	24000
262645	24000
55699	24000
61397	24000
43558	24000
393662	24000
328023	24000
264723	24000
13006	24000
22080	24000
201990	24000
28323	24000
11399	24000
204019	24000
35585	24000
52079	24000
198416	24000
22518	24000
199410	24000
45561	24000
47627	24000
15190	24000
135543	24000
63529	24000
60458	24000
263070	24000
198391	24000
37324	24000
9893	24000
21774	24000
203741	24000
206894	24000
52009	24000
197418	24000
199413	24000
36965	24000
39107	24000
199338	24000
56783	24000
48742	24000
11046	24000
40752	24000
39560	24000
52101	24000
203548	24000
327751	24000
203230	24000
39729	24000
57221	24000
203223	24000
8550	24000
132734	24000
207101	24000
23169	24000
198591	24000
44974	24000
44503	24000
199451	24000
39566	24000
202971	24000
41882	24000
52909	24000
266630	24000
262195	24000
206373	24000
58894	24000
42180	24000
26198	24000
263675	24000
263728	24000
5401	24000
264815	24000
52680	24000
264923	24000
36640	24000
58927	24000
60430	24000
262518	24000
198891	24000
12630	24000
15035	24000
205296	24000
64234	24000
265806	24000
17537	24000
206442	24000
200480	24000
135869	24000
134856	24000
5500	24000
197645	24000
204536	24000
266866	24000
58146	24000
138174	24000
55679	24000
135843	24000
12565	24000
18350	24000
138009	24000
200278	24000
8393	24000
5406	24000
205442	24000
139967	24000
138100	24000
58500	24000
16685	24000
36217	23200
138211	23200
34486	23000
38235	23000
45839	23000
52965	23000
202867	23000
50467	23000
135301	23000
48920	22200
31543	22200
16191	22200
27865	22200
20832	22200
15594	22000
33077	22000
14390	22000
26788	22000
36943	22000
199283	22000
28207	22000
58910	22000
37002	22000
48685	22000
262296	22000
137851	22000
202322	22000
264518	22000
51023	22000
49088	22000
29424	22000
268503	22000
39505	22000
12491	22000
8486	22000
25471	21900
10135	21600
263589	21504
328423	21504
31715	21000
12835	21000
7522	21000
12502	21000
4666	21000
62838	21000
17069	21000
134325	21000
60670	21000
18840	21000
60917	21000
134707	21000
58460	21000
138995	21000
32437	21000
208751	21000
26451	21000
37980	21000
2593	21000
32244	21000
135425	21000
266470	20432
17473	20400
17374	20200
30447	20100
30123	20000
8038	20000
35223	20000
50683	20000
49792	20000
198184	20000
38506	20000
29104	20000
37576	20000
38200	20000
200438	20000
201754	20000
265699	20000
25590	20000
203261	20000
267088	20000
137246	20000
137295	20000
45937	20000
133971	20000
24132	20000
263869	20000
55247	20000
1640	20000
54506	20000
33164	20000
12857	20000
207588	20000
131960	20000
266059	20000
270299	20000
264596	20000
269208	20000
24299	20000
38081	20000
62819	20000
9751	20000
37356	20000
64313	20000
60816	20000
267278	20000
55003	20000
56668	20000
19551	20000
137001	20000
263155	20000
11767	20000
31042	20000
56528	20000
139734	20000
13681	20000
49192	20000
22941	20000
31452	20000
6515	20000
210323	20000
34718	20000
29785	20000
29838	20000
327849	20000
37529	20000
55002	20000
265974	20000
27688	20000
3242	20000
42064	20000
264570	20000
267032	20000
24008	20000
31169	20000
25374	20000
135223	20000
34655	20000
31122	20000
25091	20000
4721	20000
41349	20000
17939	20000
17604	20000
5583	20000
22302	20000
58882	20000
38195	20000
8660	20000
61174	20000
1351	20000
9607	20000
15738	20000
135753	20000
197140	20000
33922	20000
21211	20000
265962	20000
52637	20000
23838	20000
10083	20000
4608	19800
205388	19600
198093	19200
60134	19000
55652	19000
48846	19000
138359	19000
37347	19000
7717	18600
132923	18432
201877	18400
30999	18400
200983	18100
40528	18000
16876	18000
25572	18000
27916	18000
58406	18000
8859	18000
3599	18000
44314	18000
28165	18000
51514	18000
5017	18000
45725	18000
59185	18000
264130	18000
203640	18000
59954	18000
42228	18000
201333	18000
48712	18000
47850	18000
327922	18000
133660	18000
45706	18000
262755	18000
267102	18000
135419	18000
61929	18000
58750	18000
209261	18000
42300	18000
206640	18000
58482	18000
45184	18000
133593	18000
44141	17600
50620	17600
263480	17500
262889	17500
29215	17000
39310	17000
54042	17000
28073	17000
45650	17000
137080	17000
263393	16500
52869	16384
8491	16000
17444	16000
196689	16000
132774	16000
22750	16000
52550	16000
47169	16000
16039	16000
133881	16000
7489	16000
201508	16000
262788	16000
265030	16000
7628	16000
266044	16000
135232	16000
394914	16000
37627	16000
397524	16000
33791	16000
28244	16000
6881	16000
134009	16000
2484	15900
262811	15600
266374	15360
133664	15360
53112	15360
43599	15300
267588	15002
42476	15000
28707	15000
24523	15000
52625	15000
20928	15000
60157	15000
53197	15000
133797	15000
23696	15000
266028	15000
131775	15000
43369	15000
200392	15000
29446	15000
209400	15000
34569	15000
206404	15000
265158	15000
269060	15000
38524	15000
53018	15000
133718	14716
23541	14400
44583	14400
50858	14400
45950	14400
38477	14400
52458	14400
21351	14400
198271	14400
48374	14400
135423	14400
22989	14336
27345	14336
196640	14336
58969	14336
7631	14200
39318	14000
51050	14000
5692	14000
264009	14000
2606	14000
202918	14000
131303	14000
135465	14000
199790	14000
136885	14000
209086	14000
328237	14000
267117	14000
34936	14000
28292	14000
204264	13488
132901	13488
27789	13288
9092	13200
2500	13200
20917	13200
29246	13200
17435	13200
2515	13200
39600	13200
31576	13200
29513	13200
44334	13200
14500	13200
16218	13200
16363	13200
199248	13200
199396	13200
62336	13200
198334	13200
32614	13200
23774	13200
23666	13200
327700	13200
133173	13200
13226	13100
24557	13000
24077	13000
9497	13000
28859	13000
25473	13000
18104	13000
5071	13000
40739	13000
54415	13000
12975	13000
50796	13000
132919	13000
327943	13000
134929	13000
7597	13000
34458	13000
264295	13000
28139	13000
264297	13000
37109	13000
37053	13000
50857	12300
35184	12288
56209	12288
27932	12288
263128	12288
262753	12288
12305	12288
26068	12288
28438	12288
263917	12288
44084	12288
41522	12288
135253	12288
198216	12288
29245	12288
58725	12288
135861	12288
37030	12288
30988	12288
57079	12288
28639	12288
136330	12288
25328	12288
267121	12288
136533	12288
136480	12288
133967	12288
263459	12288
268568	12200
37650	12120
20984	12100
9872	12100
58683	12000
19817	12000
10255	12000
12059	12000
28877	12000
31216	12000
16559	12000
13101	12000
19752	12000
3043	12000
25975	12000
5462	12000
20704	12000
8804	12000
4837	12000
10848	12000
31661	12000
5418	12000
26627	12000
14833	12000
19214	12000
25286	12000
32105	12000
40193	12000
46199	12000
15149	12000
27318	12000
24049	12000
27320	12000
33073	12000
28054	12000
30130	12000
30131	12000
40475	12000
33554	12000
8495	12000
15773	12000
4319	12000
36824	12000
13246	12000
42366	12000
40068	12000
38181	12000
26972	12000
5568	12000
29488	12000
8596	12000
43436	12000
11830	12000
24989	12000
15935	12000
34960	12000
29655	12000
34554	12000
14585	12000
31641	12000
40495	12000
6903	12000
12968	12000
38321	12000
4795	12000
3248	12000
8092	12000
6900	12000
18392	12000
42585	12000
56065	12000
8648	12000
5726	12000
49190	12000
24586	12000
41644	12000
8391	12000
48519	12000
12348	12000
22781	12000
44259	12000
13871	12000
44765	12000
39915	12000
25795	12000
393225	12000
10745	12000
393220	12000
394018	12000
31972	12000
17579	12000
48885	12000
42416	12000
23308	12000
14866	12000
15857	12000
39449	12000
42760	12000
7296	12000
7595	12000
9167	12000
46195	12000
49492	12000
31474	12000
24796	12000
13214	12000
48514	12000
19528	12000
21336	12000
42605	12000
46656	12000
31147	12000
1133	12000
29243	12000
9266	12000
48315	12000
4280	12000
49854	12000
43782	12000
43911	12000
47328	12000
20569	12000
5683	12000
26088	12000
28196	12000
21864	12000
49820	12000
24321	12000
49983	12000
44219	12000
50066	12000
42973	12000
38948	12000
48284	12000
12541	12000
50087	12000
38149	12000
9026	12000
30162	12000
38544	12000
9877	12000
30583	12000
52841	12000
1850	12000
26546	12000
51040	12000
6850	12000
8950	12000
12347	12000
23779	12000
53582	12000
22300	12000
20501	12000
48528	12000
37113	12000
50370	12000
9003	12000
50292	12000
51224	12000
50719	12000
53093	12000
20633	12000
36052	12000
15388	12000
29297	12000
30640	12000
25139	12000
38199	12000
46064	12000
46235	12000
19842	12000
51218	12000
15301	12000
196621	12000
41628	12000
55915	12000
44009	12000
16217	12000
8330	12000
2470	12000
46309	12000
13573	12000
20738	12000
16866	12000
28192	12000
2108	12000
46231	12000
33005	12000
6834	12000
52102	12000
21911	12000
7753	12000
49232	12000
197764	12000
13746	12000
31564	12000
26918	12000
56848	12000
29152	12000
9931	12000
57124	12000
53837	12000
3401	12000
30998	12000
53948	12000
45144	12000
54046	12000
27464	12000
12757	12000
57423	12000
38278	12000
27541	12000
51823	12000
18588	12000
50387	12000
198239	12000
29553	12000
39470	12000
42841	12000
57202	12000
20924	12000
41872	12000
27626	12000
12540	12000
46215	12000
4224	12000
53389	12000
48362	12000
52328	12000
41811	12000
46664	12000
132111	12000
14746	12000
12327	12000
24582	12000
54444	12000
57381	12000
33361	12000
6086	12000
57516	12000
198570	12000
34510	12000
198818	12000
59560	12000
16004	12000
40999	12000
45945	12000
34233	12000
36959	12000
50372	12000
41695	12000
33854	12000
57228	12000
28654	12000
198492	12000
34942	12000
40850	12000
262787	12000
3633	12000
48297	12000
19233	12000
50468	12000
61215	12000
197219	12000
55350	12000
51886	12000
50206	12000
198288	12000
10654	12000
9208	12000
10367	12000
132435	12000
34868	12000
21461	12000
18638	12000
132730	12000
132536	12000
29998	12000
198554	12000
197736	12000
27193	12000
49902	12000
49505	12000
36958	12000
16737	12000
38781	12000
132426	12000
56833	12000
21360	12000
262680	12000
262757	12000
53235	12000
28640	12000
60532	12000
12362	12000
262839	12000
29231	12000
14558	12000
52896	12000
61337	12000
50968	12000
20338	12000
32738	12000
197589	12000
37079	12000
59554	12000
26320	12000
262501	12000
132876	12000
3842	12000
60362	12000
3250	12000
52836	12000
52944	12000
3186	12000
15691	12000
10431	12000
62929	12000
62182	12000
22919	12000
393316	12000
16798	12000
62947	12000
199706	12000
12650	12000
262492	12000
26689	12000
51744	12000
14613	12000
11045	12000
29606	12000
15398	12000
199937	12000
46873	12000
24290	12000
4270	12000
200163	12000
53901	12000
263062	12000
14829	12000
45680	12000
62588	12000
28152	12000
57007	12000
52275	12000
58792	12000
53022	12000
132933	12000
393431	12000
46110	12000
262805	12000
20681	12000
393470	12000
131291	12000
52465	12000
45496	12000
20686	12000
263337	12000
200187	12000
21478	12000
201764	12000
52317	12000
61470	12000
262189	12000
52420	12000
52498	12000
52824	12000
17673	12000
29844	12000
29305	12000
45910	12000
58436	12000
10670	12000
29897	12000
39373	12000
52380	12000
63128	12000
12236	12000
24226	12000
61816	12000
35949	12000
201962	12000
201505	12000
32432	12000
11514	12000
45884	12000
27790	12000
62782	12000
33781	12000
22402	12000
50710	12000
13064	12000
263460	12000
4594	12000
28026	12000
11114	12000
28364	12000
9355	12000
32678	12000
30691	12000
40966	12000
52736	12000
3669	12000
196670	12000
54039	12000
133678	12000
50597	12000
393717	12000
36273	12000
45133	12000
61026	12000
32397	12000
59102	12000
2607	12000
201506	12000
262871	12000
133936	12000
199188	12000
59370	12000
47608	12000
57660	12000
37177	12000
37181	12000
22748	12000
51728	12000
263432	12000
9559	12000
132848	12000
131475	12000
48588	12000
132917	12000
20448	12000
63383	12000
21832	12000
12276	12000
201222	12000
36483	12000
52490	12000
60116	12000
52401	12000
26312	12000
39391	12000
34916	12000
53173	12000
63450	12000
11986	12000
34450	12000
10925	12000
393945	12000
32546	12000
18986	12000
29355	12000
26414	12000
63863	12000
19381	12000
30076	12000
30919	12000
134355	12000
394010	12000
11301	12000
53154	12000
198095	12000
28670	12000
264101	12000
9916	12000
25081	12000
200780	12000
6082	12000
133344	12000
53191	12000
46047	12000
28941	12000
52795	12000
39764	12000
262229	12000
32764	12000
11948	12000
48294	12000
12696	12000
44994	12000
64200	12000
200759	12000
394356	12000
132142	12000
49524	12000
52399	12000
263126	12000
201206	12000
327894	12000
198342	12000
16652	12000
3624	12000
57141	12000
18534	12000
37629	12000
7530	12000
53164	12000
52631	12000
42555	12000
15154	12000
17832	12000
262878	12000
198313	12000
201020	12000
202030	12000
30247	12000
62363	12000
131602	12000
25581	12000
47814	12000
11342	12000
28317	12000
49855	12000
263395	12000
48461	12000
37399	12000
33623	12000
18650	12000
39532	12000
262607	12000
262650	12000
263818	12000
41721	12000
63126	12000
265159	12000
34723	12000
262949	12000
135036	12000
23352	12000
21889	12000
52348	12000
12929	12000
394514	12000
264062	12000
52381	12000
50333	12000
198913	12000
262149	12000
57961	12000
60435	12000
52999	12000
203112	12000
28635	12000
63421	12000
37634	12000
196949	12000
202054	12000
27734	12000
27884	12000
131603	12000
53233	12000
21919	12000
262585	12000
51551	12000
52702	12000
135247	12000
43578	12000
264704	12000
55043	12000
264116	12000
8542	12000
262378	12000
204028	12000
20193	12000
56190	12000
203591	12000
30892	12000
20015	12000
135192	12000
28118	12000
3061	12000
262614	12000
52532	12000
327960	12000
30986	12000
26968	12000
17014	12000
199888	12000
198269	12000
31394	12000
202744	12000
327859	12000
33772	12000
200001	12000
201986	12000
23641	12000
197186	12000
3165	12000
32334	12000
131911	12000
64415	12000
27733	12000
202921	12000
199517	12000
199645	12000
49761	12000
32337	12000
52601	12000
196969	12000
200142	12000
12102	12000
31479	12000
263768	12000
327821	12000
207195	12000
199550	12000
198430	12000
201049	12000
199787	12000
20714	12000
26343	12000
198909	12000
50515	12000
204121	12000
202994	12000
52455	12000
8458	12000
201068	12000
264191	12000
11844	12000
207028	12000
133130	12000
62373	12000
131274	12000
200577	12000
9648	12000
197046	12000
201953	12000
263873	12000
393907	12000
61487	12000
198072	12000
202177	12000
26317	12000
52290	12000
62560	12000
264527	12000
59686	12000
14211	12000
199842	12000
132535	12000
35047	12000
206999	12000
395152	12000
199981	12000
265639	12000
264797	12000
199201	12000
14845	12000
7270	12000
262685	12000
133232	12000
196928	12000
15765	12000
207156	12000
40165	12000
264152	12000
42717	12000
56745	12000
18568	12000
50016	12000
264785	12000
61864	12000
199468	12000
38805	12000
29571	12000
31510	12000
24743	12000
265672	12000
37103	12000
263897	12000
266210	12000
136300	12000
52596	12000
37623	12000
262167	12000
46401	12000
328125	12000
327900	12000
52716	12000
136417	12000
56441	12000
263235	12000
28103	12000
206720	12000
59670	12000
266610	12000
262786	12000
262452	12000
134366	12000
136552	12000
10778	12000
28160	12000
36730	12000
37055	12000
265041	12000
134319	12000
264282	12000
7663	12000
32806	12000
52327	12000
52372	12000
30900	12000
265771	12000
206108	12000
263968	12000
10217	12000
27935	12000
133007	12000
263120	12000
267507	12000
264230	12000
265995	12000
52236	12000
37027	12000
131483	12000
263384	12000
264471	12000
52349	12000
263228	12000
52413	12000
263190	12000
16350	12000
24806	12000
5385	12000
27259	12000
265760	12000
265729	12000
57508	12000
265952	12000
201950	12000
328232	12000
136323	12000
25563	12000
61527	12000
43009	12000
135639	12000
132097	12000
51484	12000
18021	12000
200799	12000
19147	12000
197518	12000
395612	12000
395627	12000
47989	12000
205260	12000
132722	12000
265871	12000
15757	12000
200960	12000
42325	12000
263248	12000
136764	12000
263713	12000
263963	12000
37616	12000
263572	12000
5397	12000
327941	12000
131446	12000
43154	12000
137144	12000
266657	12000
131248	12000
31914	12000
203146	12000
63998	12000
60752	12000
59572	12000
134736	12000
52169	12000
134305	12000
135801	12000
198330	12000
60314	12000
265016	12000
24620	12000
60082	12000
267294	12000
266926	12000
16827	12000
204086	12000
204558	12000
203255	12000
205389	12000
198279	12000
132836	12000
64477	12000
204346	12000
202488	12000
21388	12000
46506	12000
61242	12000
59986	12000
48487	12000
134264	12000
132974	12000
136713	12000
328275	12000
205535	12000
268222	12000
45954	12000
263698	12000
28050	12000
28748	12000
265209	12000
197529	12000
136287	12000
263606	12000
18875	12000
3268	12000
328339	12000
37916	12000
396914	12000
202086	12000
133915	12000
328346	12000
23676	12000
266840	12000
23038	12000
37281	12000
200736	12000
132046	12000
136668	12000
25557	12000
263732	12000
63945	12000
396951	12000
394650	12000
396960	12000
61633	12000
266835	12000
137236	12000
31277	12000
37999	12000
56140	12000
209874	12000
394366	12000
58239	12000
25946	12000
48027	12000
57136	12000
266640	12000
55670	12000
131717	12000
45312	12000
138829	12000
33078	12000
42353	12000
39905	12000
33597	12000
51580	12000
18931	12000
328144	11900
22355	11300
135180	11264
135850	11264
135792	11264
137608	11264
13878	11200
25467	11200
9051	11100
23713	11000
42755	11000
34419	11000
28855	11000
21315	11000
31251	11000
52640	11000
29438	11000
198738	11000
203679	11000
41201	11000
57118	11000
200753	11000
20677	11000
63320	11000
135793	11000
18918	11000
51191	11000
395378	11000
265983	11000
263084	11000
40861	11000
205191	11000
20218	11000
26038	11000
137042	11000
262818	11000
206048	11000
328167	11000
206483	11000
202519	11000
63069	11000
328152	11000
132160	11000
136670	11000
209678	11000
210144	11000
18647	11000
17716	11000
396472	11000
136749	11000
30730	11000
19523	11000
267746	11000
15414	11000
14259	11000
394330	11000
51313	11000
7578	11000
264992	11000
328051	11000
133648	11000
53086	11000
9448	11000
60725	11000
132458	11000
199121	10800
27877	10800
53096	10400
266092	10400
132562	10240
58438	10240
134278	10240
267540	10240
59816	10240
137627	10240
61895	10240
262743	10240
23708	10200
52952	10200
39469	10000
33074	10000
27322	10000
26790	10000
24469	10000
19875	10000
10929	10000
14651	10000
25689	10000
8916	10000
15562	10000
48291	10000
52789	10000
135754	10000
49695	10000
30261	10000
199863	10000
132515	10000
45294	10000
393280	10000
17445	10000
47529	10000
132988	10000
262338	10000
265644	10000
48276	10000
38595	10000
134663	10000
28189	10000
133638	10000
267573	10000
131609	10000
328110	10000
47884	10000
205819	10000
62445	10000
263645	10000
327743	10000
134152	10000
268490	10000
138195	10000
37130	10000
13837	10000
52503	10000
137824	10000
132641	10000
54037	10000
39671	10000
61221	10000
131644	10000
208976	10000
60945	10000
34549	10000
397715	10000
22798	10000
133817	10000
61064	10000
64300	10000
39923	10000
209752	10000
139075	10000
12365	10000
34762	10000
55352	10000
262772	10000
262387	10000
134326	10000
262612	10000
263495	10000
35280	10000
61056	10000
265188	10000
133372	10000
393490	10000
56583	10000
262470	10000
267242	10000
269075	10000
135760	10000
394581	10000
262898	10000
266298	10000
29129	10000
207310	10000
42156	10000
140362	10000
270436	10000
328633	10000
56472	10000
207274	10000
268546	10000
328598	10000
1410	10000
47116	10000
61602	10000
26388	10000
13951	10000
30622	10000
266853	10000
34225	10000
38915	10000
134078	10000
266344	10000
202053	10000
39233	10000
204526	10000
3214	10000
12586	10000
13618	10000
15808	10000
271	10000
19969	10000
29154	10000
8793	10000
198408	10000
23688	10000
327930	10000
133100	10000
20205	10000
133968	10000
132031	10000
50782	10000
134858	10000
19711	10000
328176	10000
3580	10000
45355	10000
134937	10000
38067	10000
43513	10000
328204	10000
328341	10000
138041	10000
268430	10000
60371	10000
266225	10000
11661	10000
49004	10000
20473	10000
29479	10000
58666	10000
132330	10000
135328	10000
17766	10000
136972	10000
40449	10000
137199	10000
45637	10000
137900	10000
133187	10000
15164	10000
264308	10000
138686	9900
61749	9600
7496	9300
38457	9216
264290	9216
134883	9216
134035	9216
135854	9216
131215	9216
263374	9216
135202	9216
58405	9216
17996	9200
136338	9096
135184	9072
202384	9030
12414	9000
27848	9000
27319	9000
43407	9000
50234	9000
51446	9000
134391	9000
134399	9000
134395	9000
134396	9000
18210	9000
58620	9000
134390	9000
50809	9000
56260	9000
56233	9000
13926	9000
34274	9000
37674	9000
40809	9000
26156	9000
50607	9000
52769	9000
262957	9000
37455	9000
52938	9000
135028	9000
43503	9000
37704	9000
43126	9000
37429	9000
38742	9000
136358	9000
267282	9000
45587	9000
133354	9000
131314	9000
210234	9000
48825	9000
38004	9000
200590	9000
39855	9000
205844	9000
24076	9000
14224	9000
37695	9000
197686	9000
201553	9000
39126	9000
63981	9000
15739	9000
35711	9000
52786	9000
138847	9000
134178	9000
135383	9000
208188	9000
263019	9000
134643	9000
136131	9000
135468	9000
59155	9000
24530	9000
139425	9000
139947	9000
61600	9000
327733	9000
202829	9000
208970	8800
38456	8400
28056	8400
200077	8400
266300	8400
136990	8400
262727	8240
262756	8192
264238	8192
132540	8096
30122	8000
30133	8000
21013	8000
1798	8000
55799	8000
41357	8000
22431	8000
28307	8000
133487	8000
264311	8000
200608	8000
45170	8000
205381	8000
328119	8000
204981	8000
135000	8000
266803	8000
202313	8000
328287	8000
266149	8000
24691	8000
6233	8000
136908	8000
33582	8000
209408	8000
36394	8000
60930	8000
200147	8000
23938	8000
267859	8000
266715	8000
37777	8000
34235	8000
12976	8000
209287	8000
265056	8000
135763	8000
133808	8000
29636	8000
20766	8000
28846	8000
56511	8000
202032	8000
262644	8000
52547	8000
24206	7600
48626	7500
52884	7500
263401	7500
268619	7500
264752	7200
267649	7200
37357	7072
53106	7048
6102	7000
12759	7000
24594	7000
34362	7000
19468	7000
262561	7000
393626	7000
201353	7000
11910	7000
19807	7000
51786	7000
206506	7000
35489	7000
265027	7000
264022	7000
12732	7000
262711	7000
135597	7000
135841	7000
135055	7000
37428	7000
209673	7000
207146	7000
50377	7000
43065	7000
46939	7000
328476	7000
137178	7000
37266	7000
134946	7000
33081	6900
265238	6600
52419	6400
265865	6300
201494	6200
139641	6180
134922	6144
49432	6000
131310	6000
33522	6000
34407	6000
28801	6000
28187	6000
262695	6000
31222	6000
61902	6000
52722	6000
52669	6000
60501	6000
49933	6000
52813	6000
57254	6000
202627	6000
134832	6000
198374	6000
262466	6000
264708	6000
264795	6000
133615	6000
23667	6000
267219	6000
266494	6000
52326	6000
203649	6000
23923	6000
201695	6000
268809	6000
328223	6000
132445	6000
199976	6000
327906	6000
29169	6000
31611	6000
207622	6000
266140	6000
267620	6000
131749	6000
17538	6000
59139	6000
137363	6000
24527	6000
138838	6000
58474	6000
133352	6000
58485	6000
38148	6000
38783	6000
45701	6000
136861	6000
135464	6000
138131	6000
60810	6000
59613	6000
207618	6000
27781	6000
39145	6000
44134	6000
30803	6000
41497	6000
30933	6000
327909	6000
264262	6000
264580	6000
24446	6000
197197	6000
50903	6000
59164	6000
135780	6000
45630	6000
136642	6000
139226	6000
11845	6000
268060	5850
265715	5700
265409	5500
52681	5400
61785	5400
44977	5200
27754	5120
393807	5120
21056	5100
38712	5024
37098	5000
62100	5000
42183	5000
131247	5000
25516	5000
209263	5000
134933	5000
57166	5000
33569	5000
200191	5000
205168	5000
61802	5000
138627	5000
9145	5000
6505	5000
208097	5000
34019	5000
23342	5000
3130	5000
46609	5000
14333	5000
39583	5000
52344	5000
38515	5000
133651	5000
135848	5000
136255	5000
266020	5000
5560	4800
2854	4800
198290	4800
263978	4800
266365	4800
53209	4800
204994	4800
262527	4750
53192	4530
28589	4500
262307	4500
137069	4500
262231	4500
266260	4500
24232	4400
47522	4400
200303	4400
37638	4400
56791	4200
132268	4100
136230	4096
135226	4096
267654	4000
43338	4000
29097	4000
206945	4000
268525	4000
268144	4000
134863	4000
31960	4000
36865	4000
135415	4000
131636	4000
135234	4000
26709	4000
7727	4000
135719	4000
135218	4000
30272	4000
6373	4000
138143	4000
52436	4000
59766	4000
268710	4000
8820	4000
18221	4000
36687	4000
45500	4000
47297	4000
38757	4000
55658	4000
132646	4000
199516	4000
17561	4000
263536	4000
15672	4000
204005	4000
61913	4000
134877	4000
263043	4000
57695	4000
394102	4000
265959	4000
136370	4000
327817	4000
2042	4000
24243	4000
206235	4000
264555	3850
197890	3800
13917	3600
47138	3600
35053	3600
16210	3600
29140	3600
1880	3600
53114	3600
53166	3600
61319	3600
263356	3600
264754	3600
263548	3500
267326	3500
55680	3480
6083	3400
47748	3400
48252	3300
207401	3300
24005	3300
6853	3200
37186	3100
7532	3072
42235	3072
205086	3072
138115	3072
27659	3072
58898	3072
134605	3072
131442	3072
132559	3072
53127	3072
49653	3000
137937	3000
21659	3000
138988	3000
398202	3000
202347	3000
139329	3000
43928	3000
133089	3000
267386	3000
266598	3000
135480	3000
24207	3000
138130	3000
137378	3000
24212	3000
138887	3000
38776	3000
38150	3000
139605	3000
63874	3000
137316	3000
139446	3000
56239	3000
139972	3000
139909	3000
201714	3000
139956	3000
135323	3000
55789	3000
28602	3000
396841	3000
52356	3000
138876	3000
138745	3000
139528	3000
269258	3000
60304	3000
30286	3000
43518	3000
209152	3000
47442	3000
207549	3000
138365	3000
23679	3000
38143	3000
49781	3000
139431	3000
45296	3000
131773	3000
58401	3000
138119	3000
138079	3000
136088	3000
137358	3000
138276	3000
8201	3000
24541	3000
12826	3000
29449	3000
41495	3000
47617	3000
41471	3000
35260	3000
26253	3000
55761	3000
53046	3000
11624	3000
28328	3000
197922	3000
19116	3000
37363	3000
263555	3000
327850	3000
22549	3000
131459	3000
134259	3000
328033	3000
59432	3000
54721	3000
327814	3000
48105	3000
263143	3000
262887	3000
52923	3000
59368	3000
42774	3000
60975	3000
136708	3000
35135	3000
138910	3000
61092	3000
134204	3000
135269	3000
204982	3000
267263	3000
27024	2750
54210	2700
61203	2700
58475	2700
137935	2700
267126	2500
206782	2500
207866	2500
29876	2400
36184	2400
23710	2400
24048	2400
21476	2400
12381	2400
29259	2400
18227	2400
55865	2400
40034	2400
39931	2400
197551	2400
63829	2400
35551	2400
51349	2400
48310	2400
47628	2400
17400	2400
263290	2400
42310	2400
263893	2400
133501	2400
264608	2400
60718	2400
24880	2400
45956	2400
39010	2400
266896	2400
52387	2400
209530	2400
209291	2400
266280	2400
42587	2400
43853	2400
35579	2300
45220	2200
17895	2200
9189	2200
48126	2200
17890	2200
209022	2200
12577	2100
24129	2100
37223	2100
51159	2100
198721	2100
34800	2100
27967	2048
52688	2048
9115	2010
24892	2000
37698	2000
134522	2000
31673	2000
268523	2000
266545	2000
270383	2000
265297	2000
52477	2000
63882	2000
196922	2000
50311	2000
208817	2000
328543	2000
137159	2000
263720	2000
135964	2000
263762	2000
37708	2000
139833	2000
209109	2000
41666	2000
34927	2000
207317	2000
207654	2000
327720	2000
139978	2000
14295	2000
18520	2000
132448	2000
38771	2000
54728	2000
57782	2000
58731	2000
4618	2000
24953	2000
30126	2000
6775	2000
41393	2000
42473	2000
3595	2000
27413	2000
59414	2000
197669	2000
20406	2000
23201	2000
56203	2000
24492	2000
29170	2000
133536	2000
38496	2000
52936	2000
50677	2000
262713	2000
327761	2000
135876	2000
37302	2000
52373	2000
205964	2000
328262	2000
204671	2000
33932	2000
42181	2000
17806	2000
138536	2000
209626	2000
208848	2000
204326	2000
61218	2000
139702	2000
45926	2000
18117	2000
6066	1860
18052	1800
197038	1800
28262	1800
263755	1800
266475	1600
204909	1600
262416	1500
53185	1500
24220	1500
133072	1400
52920	1350
9341	1350
13049	1320
55420	1320
11271	1300
43573	1300
30889	1200
23310	1200
34746	1200
33472	1200
15436	1200
25752	1200
30141	1200
41037	1200
20507	1200
41399	1200
1982	1200
8481	1200
25504	1200
29430	1200
14970	1200
34764	1200
13105	1200
34144	1200
21840	1200
44212	1200
28929	1200
23677	1200
20081	1200
9290	1200
15716	1200
31555	1200
20483	1200
31653	1200
33211	1200
42937	1200
45425	1200
24238	1200
49867	1200
3661	1200
4641	1200
14166	1200
47302	1200
17501	1200
196967	1200
28182	1200
36275	1200
46373	1200
197439	1200
2597	1200
196763	1200
32586	1200
26106	1200
12431	1200
45444	1200
48913	1200
13591	1200
10015	1200
57821	1200
18149	1200
38190	1200
35399	1200
61044	1200
24006	1200
47762	1200
31319	1200
18612	1200
36315	1200
173	1200
27983	1200
133444	1200
12822	1200
11008	1200
59752	1200
199547	1200
8310	1200
132645	1200
8922	1200
56109	1200
24347	1200
59919	1200
17970	1200
263928	1200
37120	1200
56204	1200
50623	1200
25491	1200
48847	1200
11947	1200
35001	1200
49640	1200
24634	1200
21201	1200
393629	1200
205610	1200
262266	1200
131996	1200
38217	1200
57089	1200
37190	1200
62230	1200
267673	1200
202806	1200
204662	1200
17689	1200
264650	1200
34527	1200
12556	1200
264602	1200
266133	1200
15401	1200
139249	1124
35090	1100
39615	1100
38887	1100
31680	1100
25433	1100
6734	1100
42492	1100
12854	1100
52186	1100
17747	1100
328107	1100
52051	1100
203040	1100
204185	1100
265890	1100
5377	1100
138632	1100
131668	1100
266355	1100
209555	1100
134563	1100
267427	1024
133989	1024
23893	1024
55806	1024
18230	1024
10678	1000
36388	1000
9327	1000
19089	1000
16347	1000
34578	1000
133318	1000
46045	1000
264382	1000
268539	1000
207491	1000
6735	1000
60391	1000
52545	1000
52998	1000
58145	1000
7562	1000
266571	1000
268280	1000
30362	1000
267732	1000
37622	1000
39070	1000
36827	1000
267830	1000
269040	1000
267062	1000
21058	1000
267833	1000
16921	1000
328518	1000
53057	1000
269432	1000
49752	1000
51001	1000
63027	1000
133809	1000
207770	1000
136244	1000
207439	1000
45424	1000
131091	1000
139021	1000
22425	1000
269091	1000
206215	1000
205920	1000
269875	1000
139449	1000
213377	1000
268268	1000
36198	1000
23855	1000
139628	1000
213342	1000
41051	1000
134917	1000
62321	1000
135225	1000
35568	1000
138663	1000
36936	1000
268821	1000
328441	1000
20932	1000
24050	1000
33071	1000
34505	1000
7469	1000
17824	1000
15177	1000
37159	1000
47692	1000
31402	1000
28198	1000
27693	1000
202194	1000
53061	1000
26753	1000
132679	1000
133043	1000
17469	1000
199230	1000
327908	1000
45951	1000
262568	1000
17416	1000
25435	1000
53094	1000
132372	1000
41651	1000
136451	1000
41139	1000
48507	1000
134265	1000
133311	1000
39650	1000
204708	1000
136175	1000
328255	1000
205614	1000
205718	1000
37395	1000
328043	1000
136982	1000
137273	1000
203976	1000
32030	1000
57581	1000
204633	1000
328229	1000
206262	1000
135190	1000
137016	1000
202328	1000
34553	1000
327796	1000
4842	1000
24124	1000
138056	1000
51972	1000
209385	1000
209100	1000
4558	936
5764	900
29471	900
29590	900
39180	900
24632	900
45054	900
52828	900
28303	900
137936	900
267801	900
27806	900
21246	900
48344	800
44207	800
266687	800
32398	800
204188	800
37472	800
327822	800
267520	800
264756	720
262716	700
59340	700
267083	700
29006	600
265702	600
8338	600
263486	600
203968	600
28211	600
265356	600
37192	540
328522	500
62166	500
201146	500
208063	500
39196	500
9892	500
53216	500
9601	500
31055	480
44024	400
205927	400
61903	400
28215	400
18719	400
48821	400
24381	400
30528	400
5111	400
327775	400
133309	400
134232	400
36889	400
265464	400
204438	300
268713	300
36369	300
207454	300
328585	300
207394	300
209645	300
24776	300
35821	300
56662	300
132022	300
58578	300
132882	300
132376	300
205523	300
266551	300
2499	240
327981	240
132531	240
203615	200
13287	200
37286	200
140219	200
51778	200
47902	200
21158	200
16242	200
131477	200
8661	200
206610	200
57757	200
16503	150
15434	120
50088	120
13357	120
393853	120
37224	120
15469	100
37044	100
36997	100
140244	100
213386	100
10557	100
135206	100
27744	100
202301	100
213253	100
55784	100
209833	100
9229	100
20291	100
56911	100
33983	100
38592	100
138023	100
202479	100
35145	100
327781	100
61417	90
37209	70
43660	60
39271	60
55822	54
213330	50
132003	48
54049	24
37062	20
269163	20
263855	15
37133	12
52423	10
269104	10
21693	10
137653	3
13594	3
13273	3
270320	1
6762	0
32787	0
2519	0
31133	0
26193	0
8015	0
17222	0
60497	0
21339	0
8470	0
51324	0
21083	0
327692	0
4755	0
6895	0
327976	0
56196	0
15932	0
57724	0
200125	0
41841	0
56575	0
198529	0
44124	0
196883	0
37424	0
6300	0
198035	0
197318	0
38942	0
42935	0
20530	0
198187	0
48694	0
43171	0
50095	0
200602	0
35199	0
200750	0
197181	0
3169	0
199510	0
44784	0
197345	0
22541	0
200089	0
52031	0
55714	0
43495	0
198007	0
48629	0
41833	0
62328	0
197697	0
199774	0
203937	0
203742	0
35787	0
206910	0
51863	0
197809	0
41379	0
42374	0
197099	0
42852	0
60755	0
29070	0
61154	0
202936	0
197295	0
198709	0
198424	0
198906	0
199265	0
197572	0
203505	0
203306	0
59611	0
198214	0
206489	0
10355	0
263097	0
57890	0
203765	0
199005	0
51101	0
62201	0
197375	0
199381	0
60219	0
196979	0
395478	0
56983	0
57665	0
3352	0
198766	0
201531	0
197437	0
201001	0
51960	0
199341	0
51068	0
265692	0
262690	0
206762	0
37087	0
52414	0
3582	0
59776	0
201332	0
264857	0
57945	0
197766	0
203157	0
33494	0
135895	0
49633	0
264853	0
10803	0
133859	0
206736	0
205073	0
21030	0
52664	0
62184	0
3249	0
206406	0
263699	0
264013	0
199473	0
132556	0
36707	0
205384	0
57332	0
198493	0
56324	0
57701	0
202626	0
57101	0
203582	0
136857	0
197837	0
136336	0
41044	0
50916	0
198081	0
37345	0
19091	0
28468	0
41297	0
203667	0
138222	0
31230	0
327753	0
60265	0
209854	0
24064	0
202434	0
328111	0
268801	0
396300	0
47237	0
206460	0
137597	0
136994	0
328401	0
52473	0
27017	0
10361	0
131954	0
49941	0
12833	0
60119	0
52544	0
199138	0
58158	0
32082	0
37550	0
27993	0
395326	0
209451	0
207306	0
43824	0
134331	0
207834	0
269826	0
328055	0
51185	0
265777	0
205897	0
207071	0
18997	0
56523	0
59598	0
204479	0
24257	0
38207	0
206479	0
135031	0
2486	0
33333	0
47950	0
17048	0
210283	0
50321	0
51262	0
63830	0
26930	0
43653	0
197071	0
