32934	199760000
714	180840000
16509	177700000
8075	122850000
13335	108010000
54113	80610000
20940	77399000
22822	58680000
16276	48820000
6939	36776000
46489	36140000
17676	34050000
6805	26860000
33891	24940000
7342	22100000
3209	20890000
31334	20280000
39386	18038000
2516	17123000
6461	15058000
3356	14704000
64049	13990000
9498	13970000
2497	13760000
328058	13000000
25506	12750000
19679	12020000
4230	11870000
8447	11700000
29990	11620000
2119	11320000
28604	11260000
9002	10343000
20115	10080000
15169	9950000
12389	9770000
6667	9669000
49544	9551000
1136	9400000
2856	9150000
63293	9090000
5650	9070000
8966	8802000
3216	8697000
2635	8580000
4181	8574000
2518	8510000
8473	7950000
2914	7940000
226	7930000
4637	7929000
38022	7800000
1267	7781300
12552	7620000
41095	7413000
5607	7410000
15133	7230000
17511	7230000
6730	7084000
6830	7000010
55391	6930000
9009	6820000
5578	6610000
5400	6606000
265950	6409000
21320	6353000
8359	6208000
12874	5940000
20485	5710000
2527	5620000
12989	5590000
6774	5550000
2514	5530000
36408	5495000
57344	5480000
5410	5460000
25933	5444000
36459	5280000
34756	5200000
328045	5200000
6327	5143000
2686	5083000
16086	5060000
29314	5040000
5089	5030000
15435	5000000
13285	4970000
12189	4932000
680	4915000
2907	4903000
56478	4900000
2818	4840000
2603	4810000
38634	4800000
4760	4680000
52320	4600000
58453	4590000
6079	4570000
7843	4550000
15557	4500000
61832	4492040
1547	4456000
1103	4448000
22356	4369000
47541	4270000
45899	4230000
12713	4200000
15305	4190000
16591	4170000
15412	4151000
11164	4010000
37447	4004000
270346	4000000
28663	3991000
13030	3980000
61955	3960000
5645	3920000
38082	3906000
1273	3900000
18734	3900000
23620	3900000
32098	3793000
15704	3740000
9304	3724000
52580	3720000
12322	3690000
35228	3640000
4556	3640000
11260	3500000
46786	3410000
6507	3410000
6509	3409000
13768	3310000
3292	3220000
24203	3190000
23393	3133000
11404	3120000
132164	3120000
37100	3111000
327693	3046000
2510	3000000
62041	3000000
24785	3000000
36692	2998200
3265	2990000
9121	2980000
20880	2960000
9534	2920000
25192	2894000
12430	2880000
786	2860000
30722	2860000
9824	2830000
202276	2830000
39651	2821000
1257	2810400
812	2810000
12083	2800000
5588	2770000
8717	2750000
29535	2750000
42708	2740000
23520	2730000
668	2730000
2711	2710000
40356	2680000
14413	2679000
19151	2660000
16637	2640000
27381	2630000
7575	2626000
5432	2600000
6661	2600000
262206	2600000
15962	2600000
11888	2600000
38091	2540000
9318	2537000
3630	2520000
137872	2400000
28368	2352000
20504	2340000
15802	2340000
55818	2324300
4739	2310000
4800	2299000
23563	2280000
12479	2260000
35320	2220000
23576	2210000
18403	2200000
12714	2175500
34224	2162500
50384	2160000
5378	2150000
47377	2120000
43531	2103000
3255	2100000
42525	2093000
34984	2060000
9269	2052000
8529	2036000
6057	2030000
9680	2030000
26615	2020000
13760	2020000
37271	2006000
8426	2005000
139023	2000000
264144	1960000
5713	1950210
11232	1950000
37662	1940000
7195	1930000
59605	1913000
47764	1890000
132203	1890000
5413	1876000
13037	1850000
2851	1840000
7738	1833000
30600	1820000
23184	1810000
1741	1810000
15542	1800000
30517	1790000
205216	1790000
22646	1770000
7155	1750000
12849	1740000
13445	1735000
8657	1720000
31500	1706000
12200	1690000
7029	1690000
40788	1690000
109	1689000
4134	1680000
4766	1650000
23881	1650000
3327	1637000
702	1631300
31027	1630000
52941	1630000
9505	1623000
53180	1620000
3741	1600000
9050	1600000
6128	1600000
197595	1590000
4648	1580000
46450	1580000
3491	1573000
34867	1570000
2828	1560000
58073	1560000
393565	1560000
13489	1550000
17072	1520000
2116	1513000
38880	1508000
18081	1500000
28580	1481000
6768	1480000
36089	1470000
62887	1470000
396253	1464000
31655	1460000
200981	1460000
262503	1447000
4713	1430000
293	1430000
11269	1430000
14630	1422000
2852	1420000
48237	1417500
7545	1416000
23473	1402000
4761	1398000
6614	1380000
28146	1360000
47605	1353000
38895	1350000
50304	1330000
10474	1326000
40428	1320000
28126	1310000
9930	1300000
3601	1300000
33362	1300000
58682	1300000
49378	1300000
28343	1298000
4685	1280000
197790	1280000
17451	1277000
43727	1270000
55900	1260000
25180	1256000
14282	1252000
53013	1250000
13170	1243000
15224	1232000
15600	1230000
196925	1220000
28260	1220000
2906	1210000
16904	1210000
61449	1210000
21245	1210000
30094	1209000
30844	1206000
29119	1200000
24748	1200000
132825	1200000
47582	1200000
14868	1192750
62955	1180000
6697	1180000
137922	1180000
9723	1170000
10143	1170000
39608	1170000
2559	1170000
17639	1168000
8220	1164000
7795	1160000
34218	1160000
31939	1150000
30081	1140000
44050	1122000
24115	1114000
262740	1110000
10026	1106330
8455	1105000
39326	1102000
38883	1101000
18705	1100000
4773	1100000
267056	1100000
20943	1100000
6465	1100000
202425	1100000
35753	1095000
11686	1090000
6866	1090000
262355	1082000
52840	1080000
200455	1080000
52871	1080000
9231	1075000
38622	1070000
263903	1070000
30781	1067000
53766	1061000
35407	1060000
52925	1060000
54133	1060000
36062	1060000
27471	1056000
17559	1053000
28158	1051000
22689	1050400
7552	1050000
9116	1050000
26415	1044000
39202	1040000
2611	1040000
33915	1040000
10030	1040000
766	1040000
62	1040000
54183	1040000
54312	1040000
19009	1040000
27715	1040000
63221	1040000
201641	1040000
59027	1040000
263327	1021000
262287	1020020
28338	1020000
21976	1020000
53162	1016000
25358	1010000
61400	1010000
8781	1009000
2110	1000000
12353	1000000
5009	1000000
101	1000000
18106	980000
64050	980000
33132	970000
263073	970000
263297	960000
6908	956000
7473	950000
2860	950000
9595	950000
24940	940000
18121	940000
5603	940000
3786	940000
26801	940000
27475	940000
58507	939000
6412	933000
23404	930000
200020	914000
45158	912000
852	910000
29550	910000
577	910000
13124	910000
25512	910000
38790	910000
8095	910000
9354	907000
59930	900000
209222	900000
7418	900000
28598	900000
4258	890000
62904	890000
43332	890000
136106	888000
23148	884000
5483	880000
703	878300
26162	872000
43205	870000
1680	860000
24033	860000
8632	858000
45780	855000
25885	850000
12956	843000
28716	843000
23889	842000
39832	840000
2687	833000
53158	830000
7679	830000
30990	830000
4651	830000
262659	823000
262848	816000
12731	812500
265937	810000
44053	802300
36924	801000
7992	800000
12392	800000
37153	800000
49477	800000
9924	796300
21385	795600
9500	790000
21574	783000
2152	781200
21502	780000
9070	780000
29695	780000
43646	780000
21321	780000
32184	780000
38819	780000
45204	780000
6848	780000
49685	780000
7415	780000
6471	780000
4788	776300
39912	774000
15830	773000
6407	773000
38858	770000
37168	763000
17709	760000
48919	758000
262773	753000
5769	750000
41798	750000
35432	744000
132132	740000
262729	740000
206819	731000
6181	730000
6922	730000
9031	725000
8462	720000
28171	720000
33438	720000
35213	719000
12871	710000
262428	710000
46	710000
5511	700000
9365	700000
41998	700000
9605	700000
9342	696000
264668	696000
137	690000
43561	688000
263665	680000
13189	677000
138132	675000
11758	670000
52005	668000
13193	663000
26803	663000
49158	660000
23693	660000
62668	660000
262807	658500
31272	653600
559	650000
25899	650000
13249	650000
7632	650000
34700	650000
17941	650000
42830	650000
197482	650000
19324	650000
35362	650000
327987	650000
266989	650000
50473	650000
262778	649000
7862	649000
28624	640000
36040	640000
719	640000
17885	640000
9729	637000
58601	630000
13576	630000
8452	620000
137831	620000
7670	610000
12129	610000
133612	610000
10310	600000
19108	600000
263080	600000
11979	600000
51069	600000
49374	600000
62044	600000
27988	594000
37282	593000
53184	590480
262468	590000
51500	590000
15419	586000
14026	585000
36236	585000
9902	583000
42000	580000
7049	580000
45558	580000
22616	580000
11814	573000
58530	572000
63242	570000
28331	570000
136743	570000
14969	568000
1828	567000
26554	563000
34244	561000
4787	560000
30419	560000
9667	560000
61102	560000
131917	560000
43668	560000
267469	560000
53065	553000
327991	550000
30838	550000
10036	550000
22724	549000
52551	546050
24130	546000
12678	546000
19165	542000
21371	540000
51852	540000
202023	540000
266931	540000
34305	540000
48166	539000
12041	538000
28202	535000
3267	534300
6067	533000
15958	533000
58580	533000
39642	530000
132296	530000
264215	530000
36937	529000
6447	528500
38466	528000
9650	528000
52579	523000
20144	522000
4635	521000
9044	520000
8365	520000
29422	520000
11096	520000
17819	520000
25577	520000
39102	520000
36351	520000
39704	520000
20845	520000
60339	520000
31242	520000
8535	520000
15517	520000
1424	520000
13147	520000
8866	520000
41678	520000
28666	520000
28267	520000
8448	520000
19996	520000
18260	520000
41164	520000
35193	520000
58209	520000
47242	520000
25255	520000
48634	520000
54998	520000
22147	520000
8445	520000
5403	520000
10118	520000
17054	520000
197451	520000
56038	520000
3261	520000
17012	520000
132680	520000
48620	520000
50204	520000
44735	520000
28576	520000
13807	520000
27919	520000
40526	520000
3754	520000
28554	520000
30818	520000
58941	520000
64220	520000
6307	520000
135262	520000
266167	520000
55182	520000
27925	520000
54827	520000
16302	518500
14492	512000
27524	510000
25668	510000
17924	510000
27747	510000
262476	510000
53037	510000
24703	510000
49824	510000
4657	504000
47481	503000
3320	501000
18182	500000
21413	500000
10158	500000
38333	500000
12709	500000
20347	500000
50129	500000
27589	494000
9299	492000
45638	492000
23498	490000
8308	490000
5391	490000
50643	490000
15085	490000
58243	490000
265399	490000
26446	490000
28330	488000
37417	488000
24751	487000
32286	485000
44843	482000
10098	481300
11666	481000
26496	480000
35717	480000
53240	480000
44416	480000
56444	480000
41206	480000
28649	479000
3300	476000
52696	475000
8968	473000
41018	473000
14340	470200
1241	470000
18278	470000
262664	470000
262731	470000
34610	468000
197888	468000
30041	460000
56396	460000
28229	460000
15502	460000
28191	460000
17583	460000
43729	460000
8674	459000
262760	456000
7600	456000
136557	455000
17922	453000
11550	450000
38987	446000
35745	445000
136784	445000
24324	442000
16570	442000
38107	440000
44684	440000
21232	440000
26120	440000
37693	440000
25019	440000
263421	436000
13000	431000
7782	430000
40029	430000
60169	430000
263616	430000
267484	430000
12859	429000
33011	429000
64315	429000
17665	428500
22691	425000
41552	424000
262865	423000
1239	421000
16735	420000
16700	420000
28665	420000
63290	420000
16110	420000
41194	420000
31898	420000
134697	418800
14361	418000
8487	416300
12310	416000
7311	416000
56258	416000
35761	416000
37678	414000
10003	414000
47422	413000
24916	410000
29009	410000
20773	410000
20121	410000
24277	410000
21488	410000
12847	410000
9264	408000
45352	406900
10029	406000
38327	404000
3701	403000
8399	403000
3262	403000
17547	403000
31463	403000
199319	403000
59384	400000
63516	400000
133403	400000
36873	400000
56931	400000
21808	400000
8540	400000
59783	400000
44066	400000
28125	398000
9749	396000
18283	395000
30539	393000
11142	393000
23930	392000
12654	391300
10835	391300
701	390000
2381	390000
237	390000
6695	390000
2529	390000
12306	390000
40511	390000
36944	390000
39605	390000
11403	390000
26163	390000
9008	390000
48918	390000
1406	390000
8530	390000
33083	390000
25148	390000
18268	390000
34056	390000
39545	390000
36012	390000
26677	390000
36280	390000
10302	390000
2614	390000
55569	390000
23786	390000
47708	390000
47264	390000
36222	390000
35805	390000
38651	390000
262403	390000
13825	390000
61374	390000
52752	390000
51409	390000
9993	390000
3128	390000
10578	390000
63270	390000
3252	390000
262485	390000
9834	390000
53078	390000
394497	390000
9029	390000
16851	390000
36734	390000
30028	390000
42981	390000
41508	390000
18747	390000
48956	390000
35434	390000
196729	390000
202103	390000
202196	390000
29107	390000
18255	390000
39251	390000
8819	390000
131937	390000
39507	390000
205139	390000
15598	390000
57866	388000
7475	385200
3257	384000
1836	383000
9957	383000
20459	383000
21777	381000
6677	380000
59900	380000
1422	380000
30950	380000
9997	380000
53152	380000
34120	380000
15377	380000
132215	379000
199503	373000
7713	371000
21409	370000
41420	370000
327901	370000
43656	370000
61157	370000
45011	370000
202409	370000
262847	367000
37613	366000
49290	365000
27955	364000
9246	363000
262505	363000
38758	361000
39899	360120
6473	360000
17534	360000
59536	360000
45031	360000
35575	360000
18450	360000
39444	360000
34058	360000
52468	360000
45269	360000
9457	360000
136907	360000
47872	360000
4780	356000
13896	355000
3302	353000
19318	350000
23089	350000
1659	350000
131912	350000
58057	348000
133120	347500
15763	346500
13122	344000
47195	341000
18200	340000
7671	340000
52751	340000
37892	340000
134139	340000
39551	340000
131934	340000
396356	340000
210278	340000
61323	340000
13009	338000
3225	338000
12693	337500
224	337000
37358	336000
22742	330000
13370	330000
54329	330000
17882	330000
19189	330000
10002	330000
23778	330000
28370	330000
7162	330000
262343	330000
59460	330000
26133	330000
50050	330000
35640	330000
7385	330000
28166	326000
55329	326000
197727	325000
16839	321000
19889	321000
262532	320512
4818	320000
23783	320000
37105	320000
23114	320000
56329	320000
262444	320000
263055	320000
266448	320000
1759	320000
56309	320000
13786	320000
37697	320000
56308	319000
61189	319000
132770	318000
52937	316000
133930	316000
9297	315000
22363	312000
59699	310800
8544	310000
12387	310000
40220	310000
28201	310000
262434	310000
4557	310000
23704	310000
22697	310000
41275	310000
42	309600
202004	309000
42456	306100
41096	306000
60474	305200
6663	302000
31727	300000
38322	300000
6679	300000
11835	300000
16243	300000
23314	300000
55785	300000
28145	300000
206548	300000
199408	300000
21367	300000
32217	300000
32233	300000
137280	300000
26077	300000
131160	300000
133496	300000
20394	300000
32440	300000
376	300000
47147	300000
12350	299000
37150	299000
26613	299000
20910	296000
34803	294000
24709	294000
5541	290000
50629	290000
37254	290000
28258	290000
52908	290000
21559	290000
53147	290000
35709	290000
10010	290000
4770	287000
34245	286000
24852	286000
58307	286000
327698	286000
204053	286000
204222	286000
51060	286000
44646	286000
132255	284000
10021	282000
56828	282000
38861	282000
15399	281000
18150	280000
44788	280000
15440	280000
10094	280000
54665	280000
26479	280000
52689	280000
42504	280000
263880	280000
32505	280000
40317	280000
267590	280000
37468	280000
62040	279552
55720	278000
53115	278000
28605	278000
327984	276000
50083	276000
25818	275300
11014	275000
10490	273000
7752	273000
16586	273000
27008	273000
4844	273000
16371	273000
13243	273000
4628	273000
22772	273000
25460	273000
57353	273000
50272	273000
262516	273000
28978	273000
262441	273000
49102	273000
199723	273000
200889	273000
60191	273000
51018	272000
8343	271000
266211	271000
50821	270000
56030	270000
10019	270000
20804	270000
28349	270000
37515	270000
9146	270000
197113	270000
199250	270000
35614	270000
263998	270000
40217	270000
54198	270000
37028	267700
200539	266000
23105	265000
7610	263930
1280	263000
27924	263000
24183	263000
262854	263000
263482	263000
264493	263000
39184	262000
51706	262000
262794	262000
9245	261200
23678	261000
12996	261000
55805	261000
9435	261000
8607	260000
15422	260000
25441	260000
25309	260000
35028	260000
3605	260000
8897	260000
27552	260000
6315	260000
15366	260000
16713	260000
30914	260000
25761	260000
12312	260000
31477	260000
16082	260000
5467	260000
20161	260000
8732	260000
2544	260000
2044	260000
21221	260000
12969	260000
855	260000
34594	260000
8608	260000
13868	260000
35819	260000
36416	260000
8057	260000
48971	260000
8903	260000
17514	260000
1930	260000
32869	260000
8896	260000
11030	260000
50295	260000
34555	260000
18678	260000
15474	260000
9186	260000
49788	260000
17955	260000
59835	260000
34456	260000
394739	260000
7642	260000
8821	260000
55480	260000
47155	260000
10297	260000
21099	260000
62047	260000
5619	260000
35017	260000
50606	260000
10973	260000
13730	260000
1251	260000
23316	260000
19169	260000
14265	260000
51243	260000
18129	260000
43833	260000
46043	260000
393223	260000
3333	260000
18978	260000
17506	260000
60955	260000
20836	260000
22799	260000
28224	260000
28667	260000
11815	260000
8055	260000
28668	260000
7057	260000
37596	260000
26609	260000
12338	260000
62752	260000
61231	260000
32204	260000
393523	260000
62715	260000
36112	260000
53187	260000
263311	260000
53597	260000
57864	260000
44356	260000
26292	260000
199860	260000
12670	260000
197013	260000
10733	260000
13739	260000
11468	260000
6994	260000
31950	260000
54527	260000
11924	260000
262696	260000
11280	260000
17310	260000
24611	260000
6325	260000
63124	260000
20952	260000
28310	260000
20850	260000
14627	260000
46435	260000
33713	260000
263535	260000
4809	260000
41046	260000
23669	260000
59899	260000
9615	260000
10001	260000
202119	260000
24249	260000
58589	260000
25083	260000
44914	260000
37439	260000
134053	260000
20717	260000
20715	260000
200852	260000
38924	260000
22442	260000
12735	260000
54290	260000
29866	260000
11240	260000
18419	260000
6122	260000
13977	260000
47438	260000
262457	260000
35205	260000
56890	260000
62499	260000
27618	260000
41549	260000
32212	260000
48793	260000
27216	260000
17726	260000
202895	260000
15669	260000
264437	260000
56282	260000
61584	260000
51619	260000
198537	260000
41026	260000
200594	260000
198948	260000
197667	260000
24271	260000
198418	260000
28545	260000
47254	260000
58863	260000
34092	260000
60860	260000
43509	260000
198525	260000
52106	260000
51636	260000
206890	260000
41160	260000
204126	260000
48503	260000
50705	260000
51390	260000
5582	260000
50767	260000
43571	260000
133206	260000
202228	260000
62622	260000
43679	260000
135814	260000
21171	260000
395466	260000
13381	260000
58942	260000
58943	260000
63839	260000
63832	260000
64219	260000
64216	260000
64222	260000
395081	260000
58548	260000
395383	260000
394625	260000
24745	260000
198551	260000
15924	260000
3662	260000
203165	260000
39431	260000
206314	260000
2590	260000
53231	260000
6917	260000
61917	260000
28658	260000
3479	260000
134312	260000
39840	260000
39871	260000
45187	260000
198371	260000
394308	260000
15659	260000
34612	260000
4673	260000
56635	260000
57279	260000
35539	260000
55872	260000
201105	260000
7337	260000
61053	260000
264450	260000
56864	260000
31004	260000
18390	260000
17608	260000
17889	260000
39798	260000
198612	260000
54578	260000
62282	260000
25454	260000
267530	260000
15624	260000
393979	260000
33166	260000
264023	260000
36493	260000
32564	260000
7838	260000
135662	260000
34702	260000
137562	260000
262456	260000
48287	260000
31200	260000
132692	260000
27745	260000
60415	260000
32261	260000
58396	255000
6619	254000
9293	253000
22438	252000
262732	252000
61438	251900
34577	251500
52531	250000
9694	250000
328278	250000
37317	250000
46276	250000
15576	248000
328146	246000
11377	245760
131744	243000
8763	242000
327824	242000
37699	242000
53171	241000
266341	241000
16150	240000
22561	240000
13536	240000
13360	240000
26827	240000
17809	240000
264543	240000
27364	240000
265206	240000
290	240000
9946	240000
265130	240000
37701	240000
37340	240000
131920	240000
8895	240000
48452	240000
13329	240000
2682	240000
55943	240000
205881	240000
132528	240000
14593	240000
23540	240000
328437	240000
55002	240000
17717	240000
3238	240000
6799	240000
37611	240000
16211	238000
28359	238000
136119	238000
5564	237000
28130	237000
17356	236000
44654	235700
33763	235000
57169	235000
9416	233000
45437	233000
62455	233000
12470	232000
395561	231000
30212	230000
2857	230000
23700	230000
40581	230000
262983	230000
262699	230000
5518	230000
24572	230000
50153	230000
199585	230000
136838	230000
51048	230000
137912	230000
8647	230000
43607	229000
38623	226700
199995	225000
263544	224000
28250	223000
37157	223000
55581	222500
4851	221000
16245	220000
5056	220000
20960	220000
53080	220000
28309	220000
39090	220000
52962	220000
22085	220000
4581	220000
11708	220000
8387	220000
262676	220000
266409	220000
265496	220000
135739	220000
202120	220000
50073	220000
58713	220000
56318	220000
35237	220000
53156	220000
266444	220000
394073	220000
264270	220000
397095	220000
264150	220000
49624	220000
264005	218000
267201	218000
24535	216000
262548	215000
262594	214000
45629	211500
45931	211300
201054	211000
30972	210000
22652	210000
34934	210000
54540	210000
31115	210000
15054	210000
262293	210000
8680	210000
132323	210000
18274	210000
60893	210000
267624	210000
134220	210000
200043	208000
12676	206000
203658	206000
268331	205800
131745	205400
52940	205000
28131	204000
63859	204000
43142	204000
199434	203000
264052	202000
14537	201024
197133	201000
132453	201000
328170	201000
35916	200000
34106	200000
41572	200000
6739	200000
20771	200000
62523	200000
45356	200000
53196	200000
263321	200000
263427	200000
266468	200000
263347	200000
59776	200000
13767	200000
395332	200000
41691	200000
50698	200000
52007	200000
29588	200000
2526	200000
4652	200000
9795	200000
262595	200000
23059	200000
3303	200000
198792	200000
32703	200000
5078	200000
29073	200000
33588	200000
39572	200000
55666	199500
52662	199400
31257	198000
264460	197600
262715	195000
52930	195000
197588	195000
266131	195000
34087	194000
393891	193000
137367	192000
7784	190000
12360	190000
49835	190000
28591	190000
262150	190000
264359	190000
132934	190000
264582	190000
264367	190000
32798	190000
263009	190000
262409	188000
37700	188000
3462	187000
28134	186400
18059	186000
28209	186000
265061	186000
3856	184120
12455	184000
16374	183000
39792	182000
32299	182000
57119	182000
24186	182000
202414	182000
61573	181500
132476	181200
57463	181000
14793	180000
18077	180000
4058	180000
15497	180000
27887	180000
200052	180000
262765	180000
52694	180000
61871	180000
58708	180000
263516	180000
263982	180000
134033	180000
57249	180000
264517	180000
263625	180000
52766	180000
265359	180000
266156	180000
265019	180000
267075	180000
268221	180000
10947	180000
136518	180000
203942	180000
263779	180000
18676	180000
7381	180000
44061	180000
48422	180000
37273	179000
262761	179000
14380	179000
266498	179000
135060	179000
55862	178000
262365	178000
35619	178000
51918	175000
328242	175000
38511	174000
264564	174000
59842	173000
39869	172000
262537	172000
72	171000
196879	171000
28294	170720
25542	170000
10594	170000
10075	170000
24105	170000
12703	170000
20718	170000
12926	170000
262744	170000
52439	170000
52888	170000
15191	170000
262493	170000
199335	170000
263405	170000
46455	170000
263626	170000
64255	170000
264111	170000
264223	170000
59964	170000
41693	170000
265886	170000
210	170000
131627	170000
35176	170000
20634	169000
4775	169000
14717	169000
14701	169000
5118	169000
63928	169000
197473	169000
44964	169000
39823	169000
38583	168000
133840	167000
38220	166000
262318	166000
17828	166000
15699	165000
198517	165000
263237	164000
7131	164000
45896	163000
33182	163000
36149	163000
39279	163000
263394	163000
51795	162500
264575	162048
9280	162000
264397	162000
1342	162000
398131	161500
263336	161000
46723	161000
262463	160360
29686	160000
21859	160000
20712	160000
6295	160000
38657	160000
37333	160000
59497	160000
14828	160000
6718	160000
264344	160000
25615	160000
7539	160000
136521	160000
137557	160000
133380	160000
328417	160000
133898	160000
47478	160000
32415	160000
9136	160000
14061	160000
266453	160000
27984	160000
6846	160000
61201	160000
4857	160000
27901	160000
13649	160000
3910	160000
10084	160000
267521	158000
41202	158000
34006	157430
263329	157000
43545	156600
5430	156000
6130	156000
17660	156000
20969	156000
13002	156000
4927	156000
43708	156000
34108	156000
8902	156000
58451	156000
34790	156000
21430	156000
49455	156000
57356	156000
58779	156000
58980	156000
37645	156000
198736	156000
263265	156000
199846	156000
35306	156000
197400	156000
5416	156000
7656	156000
263542	156000
57513	156000
2847	156000
39067	156000
8246	155000
28124	154000
265278	154000
56246	153000
24338	153000
200781	153000
49888	152100
50572	152000
43406	152000
32867	152000
42511	152000
61709	152000
52666	152000
56449	151000
132449	151000
132146	151000
9038	150600
7568	150000
803	150000
34347	150000
28277	150000
28284	150000
25447	150000
22177	150000
15280	150000
62943	150000
53211	150000
35007	150000
264562	150000
61588	150000
61751	150000
267289	150000
202709	150000
263271	150000
14860	150000
24955	150000
13272	149000
44099	148000
55259	148000
55359	147000
48539	146432
327962	146432
327756	146432
20764	146000
28226	146000
45411	145000
14633	145000
28153	145000
262725	145000
58495	145000
37276	144000
2915	143000
2153	143000
16186	143000
4150	143000
286	143000
30827	143000
35244	143000
12779	143000
26785	143000
24167	143000
8788	143000
29611	143000
23171	143000
5631	143000
29141	143000
39637	143000
42612	143000
25151	143000
31167	143000
48850	143000
16175	143000
47408	143000
39904	143000
11233	143000
6777	143000
36817	143000
1126	143000
28132	143000
17625	143000
36907	143000
53889	143000
29462	143000
23550	143000
327745	143000
28110	143000
15008	143000
262454	143000
262288	143000
262481	143000
4678	143000
32338	143000
20904	143000
51055	143000
60610	143000
262388	143000
64044	143000
24651	143000
20412	143000
199803	143000
9244	143000
133421	143000
29522	143000
38197	143000
47551	143000
7540	143000
38714	143000
56949	143000
198151	143000
47252	143000
198389	143000
201290	143000
197592	143000
197747	143000
197262	143000
198401	143000
198040	143000
199754	143000
50550	143000
199978	143000
200176	143000
8280	143000
25509	143000
263396	143000
42490	143000
198380	143000
49409	143000
31726	143000
133616	143000
47626	143000
8194	143000
37720	143000
37675	143000
264138	143000
61512	142500
28287	142000
21485	142000
51263	142000
52438	142000
132976	141024
8752	141020
23913	141000
53587	141000
42947	141000
8637	140960
55429	140000
20080	140000
13354	140000
16814	140000
31252	140000
19750	140000
30851	140000
18400	140000
262706	140000
262903	140000
262675	140000
15433	140000
61094	140000
133590	140000
36866	140000
10299	140000
58965	140000
40731	140000
25472	140000
17077	140000
58689	140000
263702	140000
44692	140000
201081	140000
15188	140000
328216	140000
46155	140000
15011	140000
265032	140000
265086	140000
8369	140000
396125	140000
55766	140000
46375	140000
209116	140000
132894	139100
31708	139000
22556	139000
16206	139000
57731	139000
52660	139000
14576	139000
204805	139000
3908	138000
52866	137000
263584	137000
30813	136500
51948	136500
18229	136000
39351	136000
15447	136000
53195	135000
263154	135000
37619	134000
36923	134000
264811	134000
59288	134000
202454	134000
327750	133312
28183	133120
29918	133120
61686	133120
196695	133120
53107	133120
42093	133000
45280	133000
264268	133000
207073	133000
28169	132400
17306	132160
24043	132000
16178	132000
29834	132000
18351	132000
327950	132000
200668	132000
395400	132000
42669	131300
132857	131000
58299	131000
28154	131000
9155	131000
131296	130720
60261	130000
63311	130000
7091	130000
8560	130000
8190	130000
5605	130000
30176	130000
26347	130000
29748	130000
21947	130000
12008	130000
35985	130000
23686	130000
24121	130000
9989	130000
11537	130000
24931	130000
6623	130000
23260	130000
31736	130000
17645	130000
36683	130000
6423	130000
31400	130000
3512	130000
29208	130000
24642	130000
35843	130000
43683	130000
5539	130000
26792	130000
39598	130000
23265	130000
13041	130000
43284	130000
5577	130000
42227	130000
35332	130000
11051	130000
42184	130000
13692	130000
8744	130000
29562	130000
47172	130000
47841	130000
47215	130000
11995	130000
47344	130000
33737	130000
48943	130000
46484	130000
47490	130000
11664	130000
45668	130000
38478	130000
33139	130000
20985	130000
33796	130000
12316	130000
47143	130000
11071	130000
21250	130000
12188	130000
33470	130000
41601	130000
52892	130000
11922	130000
59895	130000
11798	130000
29404	130000
22546	130000
53131	130000
513	130000
46849	130000
22653	130000
14116	130000
45711	130000
8728	130000
44160	130000
53070	130000
29037	130000
46793	130000
16095	130000
19531	130000
51929	130000
6723	130000
23627	130000
13857	130000
21525	130000
24554	130000
19844	130000
10024	130000
41412	130000
25764	130000
6336	130000
12578	130000
600	130000
53175	130000
32613	130000
23816	130000
19782	130000
27947	130000
197377	130000
48500	130000
17246	130000
32365	130000
54154	130000
26167	130000
10653	130000
45634	130000
43852	130000
34270	130000
54652	130000
21412	130000
18199	130000
25780	130000
9584	130000
53306	130000
8823	130000
53100	130000
1120	130000
44858	130000
12033	130000
11242	130000
42239	130000
54376	130000
50673	130000
16724	130000
132267	130000
10102	130000
54327	130000
63060	130000
57187	130000
7849	130000
58656	130000
199339	130000
25273	130000
58010	130000
60717	130000
27026	130000
41281	130000
8245	130000
57068	130000
18049	130000
33604	130000
262777	130000
28306	130000
28571	130000
262780	130000
14571	130000
12536	130000
11475	130000
10996	130000
17685	130000
38043	130000
57029	130000
11081	130000
199364	130000
29485	130000
54929	130000
29933	130000
262333	130000
14103	130000
57193	130000
40700	130000
33606	130000
55923	130000
36444	130000
18516	130000
32421	130000
33515	130000
40413	130000
10993	130000
23274	130000
26288	130000
62915	130000
25653	130000
5664	130000
28366	130000
196844	130000
40676	130000
262704	130000
31877	130000
32100	130000
15267	130000
22921	130000
15108	130000
52251	130000
18094	130000
133534	130000
262620	130000
10886	130000
53221	130000
27833	130000
20207	130000
6368	130000
262724	130000
52558	130000
14463	130000
24730	130000
61951	130000
11414	130000
133579	130000
57963	130000
198203	130000
62469	130000
30466	130000
262989	130000
52846	130000
262377	130000
42775	130000
43317	130000
54002	130000
262402	130000
264531	130000
264492	130000
53224	130000
53122	130000
27768	130000
36445	130000
133420	130000
28163	130000
61950	130000
9022	130000
199256	130000
262667	130000
62183	130000
50148	130000
56301	130000
28066	130000
32710	130000
24278	130000
133873	130000
49063	130000
198477	130000
10481	130000
42845	130000
11976	130000
327893	130000
5690	130000
16832	130000
40028	130000
393965	130000
61244	130000
9999	130000
25068	130000
262256	130000
134363	130000
42567	130000
31769	130000
263668	130000
4043	130000
263789	130000
18616	130000
25003	130000
132167	130000
48642	130000
26271	130000
59	130000
819	130000
32277	130000
263822	130000
61942	130000
263569	130000
29244	130000
263797	130000
25165	130000
25227	130000
201602	130000
133959	130000
198785	130000
7687	130000
11174	130000
8714	130000
42334	130000
16130	130000
43391	130000
58815	130000
263363	130000
28270	130000
28308	130000
11279	130000
53407	130000
262413	130000
35998	130000
17429	130000
29788	130000
19082	130000
15102	130000
55270	130000
21632	130000
25248	130000
52726	130000
51164	130000
52363	130000
20559	130000
18683	130000
54661	130000
19689	130000
135246	130000
52794	130000
134809	130000
52519	130000
8008	130000
394437	130000
196968	130000
328400	130000
264016	130000
52878	130000
58762	130000
45684	130000
202831	130000
203629	130000
52989	130000
197524	130000
45775	130000
264961	130000
201782	130000
327952	130000
52981	130000
62818	130000
198235	130000
199494	130000
51394	130000
133652	130000
32165	130000
27895	130000
197615	130000
43733	130000
264768	130000
27951	130000
46692	130000
57608	130000
262186	130000
27272	130000
263674	130000
35760	130000
50533	130000
200414	130000
199551	130000
51337	130000
134012	130000
35891	130000
60098	130000
29974	130000
262791	130000
35491	130000
60884	130000
57033	130000
394141	130000
27382	130000
36008	130000
55957	130000
11109	130000
206758	130000
52195	130000
199226	130000
7004	130000
57478	130000
60534	130000
27964	130000
39716	130000
41966	130000
59862	130000
202220	130000
7806	130000
395768	130000
52153	130000
262766	130000
50411	130000
41319	130000
395470	130000
265303	130000
395578	130000
50017	130000
42667	130000
135292	130000
49565	130000
23423	130000
395880	130000
134674	130000
1101	130000
11178	130000
23307	130000
59060	130000
197672	130000
51648	130000
13838	130000
202050	130000
395719	130000
133952	130000
394740	130000
57219	130000
201026	130000
394676	130000
34296	130000
14832	130000
58906	130000
29614	130000
6503	130000
61826	130000
45265	130000
12687	130000
12690	130000
25385	130000
202169	130000
131915	130000
202761	130000
131916	130000
265101	130000
196749	130000
205811	130000
61521	130000
328064	130000
196865	130000
135278	130000
27553	130000
53591	130000
53189	130000
135011	130000
265478	130000
198604	130000
38627	130000
23419	130000
24251	130000
262643	130000
7514	130000
28032	130000
206299	130000
36515	130000
50270	130000
28114	130000
63772	130000
328036	130000
6712	130000
22908	130000
41138	130000
17303	130000
38851	130000
52542	130000
53454	130000
6752	130000
265436	130000
198496	130000
56972	130000
42812	130000
327790	130000
393455	130000
41480	130000
265021	130000
40545	130000
62632	130000
53338	130000
35518	130000
394146	130000
62406	130000
25190	130000
266995	130000
19465	130000
27286	130000
137250	130000
40773	130000
54483	130000
13415	130000
204789	130000
266420	130000
204821	130000
199421	130000
32389	130000
49020	130000
267196	130000
44979	130000
20874	130000
266977	130000
267452	130000
263985	130000
134739	130000
263523	130000
205100	130000
43848	130000
31236	130000
196776	130000
5760	130000
31445	130000
23777	130000
51790	130000
132890	130000
394140	130000
27660	130000
63131	130000
263461	130000
64233	130000
63774	130000
267428	130000
38949	130000
41006	130000
197155	130000
265999	130000
134895	130000
202006	130000
51920	130000
1226	130000
262662	130000
25637	130000
47723	130000
37897	130000
11077	130000
262970	130000
131273	130000
197294	130000
18024	130000
131933	130000
54086	130000
57424	130000
200185	130000
55140	130000
136769	130000
40339	130000
196819	130000
29091	130000
11635	130000
132491	130000
263250	130000
29689	130000
198426	130000
27255	130000
49457	130000
61462	130000
138147	130000
41033	130000
47095	130000
59371	130000
397116	130000
202281	130000
267587	130000
131895	130000
196714	130000
197146	130000
209835	130000
44358	130000
50794	130000
56373	130000
137575	130000
52772	130000
61012	130000
49895	129000
48559	129000
62597	128000
58376	128000
50316	127050
53172	126000
202805	126000
262259	125000
37451	124000
132137	123904
262429	123000
62275	123000
133001	122890
262691	122880
7500	122000
263432	122000
17483	122000
53246	122000
47275	122000
263445	122000
13657	121000
2685	121000
25459	121000
25466	121000
12042	121000
11123	121000
53349	121000
11195	121000
262230	121000
57613	121000
61478	121000
31617	121000
264598	120768
197091	120040
41690	120000
394070	120000
35470	120000
13703	120000
37235	120000
53143	120000
32479	120000
24309	120000
263587	120000
6561	120000
61836	120000
32743	120000
48716	120000
265065	120000
262316	120000
395573	120000
136026	120000
48408	120000
38769	120000
197902	120000
63343	120000
264127	120000
61943	120000
15426	120000
200478	120000
20846	120000
134359	120000
32067	120000
3145	120000
46950	120000
50554	120000
63298	120000
30168	120000
35795	120000
12459	120000
264679	120000
53052	120000
138064	120000
41327	120000
9976	120000
8803	120000
20618	120000
56655	120000
268819	120000
266608	120000
24532	120000
45298	120000
134369	120000
7065	120000
16030	120000
13194	120000
60171	120000
37199	120000
64476	120000
23947	120000
57896	119000
135697	119000
64475	117000
49349	116000
53102	116000
133324	116000
6648	114000
12684	113000
40300	113000
33725	113000
201838	113000
29608	112300
13549	112000
56099	112000
18615	112000
45305	112000
262352	111764
133934	111100
64223	111000
6405	110000
26914	110000
7303	110000
18530	110000
42005	110000
9137	110000
36143	110000
33302	110000
59940	110000
62239	110000
134055	110000
25961	110000
19310	110000
55507	110000
31857	110000
131914	110000
396503	110000
28319	110000
11751	110000
394449	110000
9910	110000
132808	110000
57073	110000
33044	110000
52760	110000
23808	110000
197522	110000
23618	110000
207972	110000
58821	110000
328388	110000
3223	110000
28178	110000
35612	110000
264556	110000
21267	109000
262394	109000
199496	109000
55814	109000
51944	108500
262733	108000
59945	108000
48011	108000
25482	107520
21709	107000
52685	106000
52858	106000
53130	105000
263990	105000
202566	105000
33480	104576
51784	104300
14609	104000
35833	104000
53589	104000
57151	104000
21880	104000
132771	104000
35940	104000
23871	103800
21724	103000
35074	103000
37154	103000
57121	103000
263793	103000
43500	102400
265147	102000
11062	101920
6738	101900
264425	101000
31800	100300
30740	100000
20495	100000
4764	100000
15743	100000
18209	100000
39138	100000
9621	100000
14877	100000
23106	100000
262420	100000
4540	100000
17997	100000
29465	100000
262692	100000
328145	100000
199330	100000
60890	100000
267095	100000
22324	100000
268267	100000
20919	100000
39337	100000
37545	100000
201447	100000
328327	100000
19186	100000
3132	100000
23775	100000
210264	100000
264398	100000
265294	100000
397544	100000
265892	100000
198910	100000
58171	100000
4694	100000
262964	100000
37020	100000
39065	100000
205473	100000
33873	100000
133385	100000
8757	100000
134705	100000
398415	100000
13999	100000
132931	99000
133658	99000
39192	99000
21069	98000
8723	98000
61287	98000
63028	98000
61211	98000
327794	98000
202020	98000
56286	98000
4589	98000
45194	97040
10204	96000
2602	96000
4007	95100
19117	94000
26531	94000
54225	94000
327826	94000
262474	94000
205081	94000
262610	94000
262721	93000
9652	93000
15772	93000
61666	92160
264404	92160
7521	92000
55674	91900
23860	91000
266152	91000
13054	90800
57723	90264
50472	90200
137166	90112
28219	90020
16265	90000
21392	90000
48268	90000
12941	90000
23465	90000
59214	90000
56910	90000
264360	90000
33808	90000
262979	90000
263314	90000
59444	90000
52686	90000
206499	90000
53199	90000
200064	90000
264294	90000
135607	90000
204861	90000
18407	90000
23379	90000
396040	90000
60051	90000
266430	90000
393434	90000
2588	90000
266961	90000
266144	90000
266721	90000
48438	90000
209813	90000
268133	90000
29900	90000
25837	90000
266968	90000
14726	90000
51520	90000
17197	90000
328480	90000
131896	90000
266192	90000
209208	90000
2675	90000
57276	90000
16342	90000
9952	90000
267348	90000
328517	90000
55803	90000
48728	89000
39543	89000
394530	89000
33920	88000
61730	88000
133676	88000
58650	88000
39806	88000
49028	88000
264524	88000
134881	87040
51945	87000
17978	87000
42004	86000
60690	85000
262819	85000
52977	84500
208477	84500
198440	84000
15734	84000
58477	84000
262901	84000
3549	84000
262417	83000
50618	83000
18779	82000
58940	82000
53066	82000
268952	82000
267055	82000
18886	81920
10881	80000
39591	80000
55879	80000
262750	80000
262673	80000
25375	80000
28352	80000
263483	80000
328065	80000
263961	80000
265429	80000
24173	80000
45118	80000
264491	80000
39335	80000
267399	80000
40244	80000
35913	80000
37653	80000
264210	80000
267593	80000
263852	80000
204006	80000
208431	80000
26484	80000
266927	80000
266480	80000
15391	80000
14288	80000
7941	80000
19306	80000
138840	80000
264998	80000
137373	80000
328538	80000
37453	80000
39902	80000
397806	80000
35847	80000
8435	80000
265135	80000
35425	80000
14824	80000
4693	80000
198726	80000
9790	80000
268205	80000
199659	79300
2134	79000
58820	79000
7048	79000
263531	79000
52661	78432
21396	78000
57928	78000
61570	78000
264228	78000
49638	78000
38541	78000
43760	78000
266263	78000
24157	78000
6798	77000
262488	76576
26838	76144
20811	76000
28037	76000
262494	76000
52643	76000
37786	76000
8943	75200
5524	75000
7005	75000
37195	74000
37294	74000
13680	73000
44980	73000
48292	73000
33748	73000
55219	73000
263647	73000
39479	73000
15211	72000
29014	72000
262828	72000
263649	72000
265484	72000
17439	71680
45769	71000
58816	71000
33130	70600
33843	70000
23756	70000
58587	70000
62874	70000
53008	70000
9201	70000
263801	70000
52968	70000
38442	70000
54574	70000
263947	70000
263840	70000
36813	70000
6696	70000
268323	70000
265954	70000
267360	70000
37110	70000
46475	70000
199362	70000
19045	70000
24429	70000
133339	70000
43060	70000
25374	70000
262808	70000
328365	70000
136696	69000
28890	68500
264552	68400
44953	68000
24521	68000
327992	67168
48072	67000
56229	67000
59953	67000
263591	67000
9313	66000
43100	66000
137142	66000
61888	65500
5459	65000
42455	65000
53563	65000
49909	65000
5396	65000
17426	65000
264577	65000
50231	65000
131607	65000
61006	65000
52339	65000
45349	65000
49296	65000
267280	65000
137331	65000
42692	65000
263661	64000
59165	64000
33452	64000
262591	64000
6643	63000
134316	63000
58868	63000
262539	62500
55653	62500
20640	62000
29668	62000
51290	62000
52944	62000
262862	62000
266713	62000
57877	62000
264415	61200
45766	61000
7606	61000
22534	60010
12597	60000
263442	60000
262822	60000
133854	60000
199610	60000
13150	60000
61582	60000
262268	60000
263411	60000
266347	60000
47203	60000
59156	60000
196954	60000
42705	60000
45361	60000
32621	60000
264939	60000
262900	60000
264186	60000
52639	60000
41985	60000
207054	60000
12796	60000
20657	60000
205813	60000
209328	60000
328536	60000
327738	60000
45278	60000
45705	60000
27979	60000
57844	60000
9891	60000
35137	60000
207353	60000
44291	60000
198605	60000
199524	60000
28265	60000
23805	60000
58678	60000
131322	60000
33771	60000
263151	60000
267513	60000
205099	60000
56971	60000
51681	59000
56665	58800
31595	58500
29551	58000
41913	58000
11647	58000
36914	58000
48424	57200
198781	57000
131755	57000
206184	56320
262464	56000
9785	56000
262346	56000
264765	56000
263270	56000
53050	56000
9830	56000
34135	55900
53097	55850
203421	55000
52765	55000
263196	55000
44123	54600
31078	54500
262893	54000
263774	54000
18422	54000
264514	54000
327907	54000
53237	53950
52475	53248
52444	53000
263833	53000
131758	53000
38896	53000
263478	52900
30071	52300
3213	52000
34011	52000
41692	52000
33079	52000
24047	52000
25061	52000
39301	52000
8664	52000
32880	52000
34171	52000
25295	52000
42303	52000
55518	52000
20722	52000
197000	52000
29545	52000
47622	52000
29680	52000
20365	52000
133075	52000
199947	52000
27940	52000
28009	52000
263076	52000
327813	52000
38565	52000
4508	52000
55521	52000
30798	52000
28257	52000
52932	52000
37342	52000
45686	52000
203140	52000
14522	52000
206342	52000
262509	52000
328156	52000
263776	52000
61822	52000
265656	52000
23815	52000
268503	52000
9326	52000
58392	52000
63862	52000
8368	52000
61134	51200
393513	51000
7020	51000
38809	51000
263089	50500
56381	50200
35706	50000
9658	50000
134732	50000
55256	50000
52973	50000
133410	50000
53356	50000
264017	50000
394302	50000
6059	50000
29802	50000
202596	50000
10279	50000
10099	50000
48128	50000
135010	50000
2731	50000
31202	50000
29357	50000
50475	50000
14979	50000
53764	50000
32097	50000
197301	50000
58715	50000
18881	50000
40328	50000
393670	50000
134014	50000
58659	50000
14642	50000
265426	49960
53142	49216
200794	49200
198857	49100
21513	49000
8677	49000
53169	49000
53708	49000
32160	49000
201106	49000
48727	49000
24536	49000
138816	49000
51646	48000
133838	48000
42459	47500
11179	47000
262902	47000
328351	47000
60602	46500
49405	46000
38280	46000
16253	46000
203687	46000
132847	46000
267554	46000
33544	46000
31250	46000
138100	46000
23951	46000
52539	45000
37479	45000
34119	44000
250	44000
16842	44000
6660	44000
8301	44000
28279	44000
262684	44000
45287	44000
17671	44000
28323	44000
266630	44000
136093	44000
59279	44000
12491	44000
9381	44000
8612	44000
264925	43244
7908	43000
45763	43000
262730	43000
55685	43000
61928	43000
28656	43000
49463	42900
5505	42000
47680	42000
26451	42000
37980	42000
30880	41600
51254	41600
23661	41000
43019	41000
59276	41000
59347	41000
37529	41000
12773	41000
328164	40960
265451	40960
22873	40300
31235	40300
53165	40100
17666	40000
45498	40000
53230	40000
23628	40000
49787	40000
133613	40000
266400	40000
138570	40000
394151	40000
268126	40000
266972	40000
11272	40000
138576	40000
1916	40000
29169	40000
7516	40000
21277	40000
201102	40000
207199	40000
46595	40000
134618	40000
267522	40000
37680	40000
52951	40000
263518	40000
268749	40000
269462	40000
263067	40000
269499	40000
46023	40000
138839	40000
20001	40000
19035	40000
62712	40000
133803	40000
17995	40000
378	40000
36311	40000
210142	40000
33951	40000
57999	40000
265383	40000
265038	40000
16604	40000
19754	40000
16803	40000
267	40000
23486	40000
45754	40000
45804	40000
133296	40000
396501	40000
393573	40000
395471	40000
37783	40000
328395	40000
37682	40000
196755	40000
35699	40000
139970	40000
267815	40000
56264	40000
43533	40000
265974	40000
27688	40000
3242	40000
328633	40000
42064	40000
264570	40000
267032	40000
24008	40000
31169	40000
15960	40000
10103	40000
41088	40000
51088	40000
51395	40000
5662	40000
44513	40000
30259	40000
61805	40000
263124	40000
135193	40000
206125	40000
393420	40000
135098	40000
200738	40000
134715	40000
17253	40000
47043	40000
136522	40000
263258	40000
52201	40000
31430	40000
62856	40000
4647	40000
63920	40000
134090	40000
201119	40000
206141	40000
262336	39936
12902	39000
15657	39000
2128	39000
33419	39000
15766	39000
41391	39000
8784	39000
25593	39000
8513	39000
8553	39000
20915	39000
37986	39000
39636	39000
13826	39000
27822	39000
43013	39000
34304	39000
18559	39000
4677	39000
51906	39000
55644	39000
55555	39000
39287	39000
43858	39000
37519	39000
197617	39000
54119	39000
38753	39000
45348	39000
46156	39000
52352	39000
27879	39000
28590	39000
53218	39000
38289	39000
24195	39000
47027	39000
549	39000
9519	39000
34768	39000
133720	39000
262993	39000
203086	39000
36868	39000
35313	39000
134622	39000
135484	39000
198091	39000
37482	39000
197447	39000
61968	39000
263251	39000
266177	39000
39816	39000
62227	39000
205344	39000
136302	39000
48067	39000
197204	39000
136873	39000
135582	39000
30999	38400
23074	38000
37090	38000
53139	38000
3067	38000
45707	38000
137410	38000
135419	38000
206478	38000
38147	38000
139967	38000
15589	37642
197692	37600
57633	37000
18103	37000
51569	37000
262792	36500
30132	36000
37996	36000
13135	36000
2595	36000
132876	36000
32563	36000
53088	36000
52911	36000
262374	36000
10022	36000
17482	36000
138296	36000
14551	35300
43890	35000
50837	35000
131584	35000
28773	35000
264923	35000
136373	35000
136377	35000
268548	35000
262557	34600
4434	34180
264723	34000
11046	34000
263283	34000
34624	33400
17920	33000
8545	33000
6851	33000
12143	33000
9129	33000
56550	33000
39505	33000
8565	32900
13237	32500
28657	32500
135526	32500
16191	32300
27865	32300
43323	32000
44431	32000
199517	32000
45288	32000
38527	32000
47096	32000
38310	31744
263589	31744
265141	31744
10135	31600
21263	31100
12502	31000
62838	31000
17069	31000
134021	31000
18840	31000
35585	31000
134707	31000
58460	31000
24204	31000
32437	31000
19551	31000
208751	31000
20621	31000
45528	30720
133275	30720
31126	30260
43942	30000
36731	30000
133389	30000
263308	30000
25943	30000
46886	30000
201754	30000
35695	30000
262770	30000
265972	30000
203261	30000
137352	30000
204196	30000
136841	30000
64115	30000
1640	30000
54506	30000
33164	30000
12857	30000
207588	30000
131960	30000
139225	30000
265158	30000
266059	30000
270299	30000
264596	30000
269208	30000
58482	30000
24299	30000
38081	30000
62819	30000
9751	30000
37356	30000
64313	30000
60816	30000
267278	30000
55003	30000
56668	30000
137001	30000
263155	30000
11767	30000
31042	30000
12883	30000
56528	30000
139734	30000
13681	30000
49192	30000
22941	30000
31452	30000
6515	30000
34718	30000
29785	30000
29838	30000
135760	30000
328598	30000
39029	30000
3737	30000
22591	30000
17378	30000
33445	30000
11383	30000
17707	30000
62240	30000
59112	30000
32425	30000
262868	30000
49690	30000
17113	30000
133315	30000
263049	30000
264331	30000
134293	30000
394994	30000
202766	30000
133680	30000
58430	30000
25853	30000
61873	30000
44030	30000
9374	30000
201214	30000
61186	30000
135126	30000
137079	30000
9268	30000
45177	30000
396071	30000
56654	30000
133070	30000
60316	30000
28142	30000
270600	30000
206067	30000
55832	29384
58404	29000
132220	29000
266346	29000
21140	29000
9104	28600
41090	28600
24028	28600
44295	28600
199660	28600
199150	28600
328160	28100
4777	28000
262952	28000
48504	28000
37656	28000
200428	28000
262645	28000
52967	28000
264996	28000
262453	28000
263378	28000
28292	28000
28065	27800
9153	27600
35655	27400
8554	27300
33845	27300
29286	27300
53116	27300
41153	27300
136632	27288
34683	27200
3561	27000
44514	27000
33125	27000
52965	27000
49605	27000
47727	27000
36965	27000
137121	27000
263739	26627
10704	26624
17754	26624
328032	26624
203885	26624
56507	26624
58408	26312
20799	26000
29452	26000
5409	26000
8195	26000
3224	26000
33811	26000
23712	26000
52243	26000
23711	26000
30962	26000
9710	26000
2863	26000
39104	26000
28001	26000
31383	26000
26228	26000
25152	26000
12634	26000
34997	26000
34021	26000
34781	26000
15782	26000
13284	26000
29083	26000
35156	26000
24973	26000
41960	26000
45037	26000
35584	26000
40015	26000
9583	26000
23752	26000
29846	26000
48484	26000
37652	26000
11796	26000
50032	26000
13722	26000
47836	26000
23829	26000
17961	26000
8587	26000
53424	26000
24753	26000
16523	26000
35719	26000
24951	26000
50244	26000
50763	26000
14232	26000
33835	26000
44902	26000
38437	26000
41289	26000
45816	26000
13157	26000
31662	26000
17088	26000
12775	26000
57315	26000
1304	26000
51896	26000
51483	26000
37312	26000
45932	26000
53727	26000
9123	26000
197422	26000
24029	26000
49604	26000
23949	26000
27665	26000
58560	26000
52462	26000
42204	26000
24518	26000
24550	26000
44608	26000
35799	26000
15072	26000
56990	26000
18206	26000
49300	26000
39783	26000
198423	26000
12290	26000
20555	26000
16168	26000
42400	26000
8789	26000
31328	26000
59410	26000
29263	26000
51406	26000
16174	26000
50737	26000
9328	26000
35834	26000
197653	26000
43190	26000
53698	26000
35180	26000
48972	26000
25093	26000
5602	26000
43252	26000
28757	26000
53494	26000
59620	26000
28239	26000
28141	26000
53140	26000
133023	26000
132837	26000
53869	26000
3324	26000
9165	26000
3220	26000
37628	26000
10133	26000
54523	26000
262500	26000
53861	26000
29881	26000
263499	26000
53178	26000
28615	26000
37775	26000
29583	26000
262933	26000
63034	26000
47228	26000
23673	26000
62537	26000
52431	26000
7772	26000
262737	26000
10617	26000
52323	26000
202042	26000
61924	26000
52877	26000
36898	26000
16162	26000
60899	26000
28216	26000
18046	26000
41059	26000
201791	26000
56182	26000
28327	26000
264470	26000
26563	26000
18393	26000
39072	26000
200700	26000
55427	26000
58627	26000
327939	26000
31459	26000
36909	26000
59933	26000
393874	26000
203851	26000
264590	26000
393350	26000
134295	26000
55699	26000
61397	26000
43558	26000
393662	26000
328023	26000
13006	26000
201990	26000
11399	26000
204019	26000
52079	26000
198416	26000
22518	26000
199410	26000
45561	26000
47627	26000
15190	26000
135543	26000
63529	26000
60458	26000
263070	26000
198391	26000
37324	26000
9893	26000
21774	26000
203741	26000
206894	26000
52009	26000
197418	26000
199413	26000
39107	26000
199338	26000
56783	26000
48742	26000
40752	26000
39560	26000
52101	26000
203548	26000
327751	26000
203230	26000
39729	26000
57221	26000
203223	26000
8550	26000
132734	26000
207101	26000
23169	26000
198591	26000
44974	26000
132004	26000
44503	26000
199451	26000
39566	26000
202971	26000
41882	26000
52909	26000
262195	26000
206373	26000
58894	26000
42180	26000
26198	26000
263675	26000
263728	26000
5401	26000
264815	26000
52680	26000
36640	26000
58927	26000
60430	26000
262518	26000
198891	26000
12630	26000
15035	26000
205296	26000
64234	26000
265806	26000
17537	26000
206442	26000
200480	26000
135869	26000
134856	26000
5500	26000
197645	26000
204536	26000
266866	26000
58146	26000
138174	26000
55679	26000
135843	26000
12565	26000
18350	26000
138009	26000
200278	26000
8393	26000
5406	26000
205442	26000
135301	25500
209218	25498
21101	25400
4765	25350
14280	25000
34486	25000
7829	25000
16467	25000
30129	25000
25976	25000
11190	25000
30295	25000
45839	25000
54643	25000
58500	25000
52300	24576
328423	24576
34549	24500
36217	24300
31543	24300
20832	24200
134375	24096
15290	24000
53459	24000
33082	24000
33072	24000
30134	24000
30128	24000
33558	24000
23709	24000
8222	24000
8038	24000
15692	24000
38235	24000
12975	24000
199283	24000
49360	24000
41847	24000
37002	24000
62502	24000
202867	24000
22080	24000
48685	24000
137851	24000
49088	24000
29424	24000
138995	24000
268525	24000
16685	24000
48920	23300
138211	23200
202322	23100
14390	23000
26788	23000
28207	23000
58910	23000
134325	23000
60670	23000
50467	23000
60917	23000
262296	23000
264518	23000
205388	22600
15594	22000
33077	22000
31715	22000
36943	22000
12835	22000
53093	22000
59560	22000
4666	22000
198184	22000
38506	22000
60134	22000
55652	22000
29104	22000
49855	22000
327960	22000
200438	22000
265639	22000
265699	22000
137246	22000
137295	22000
51023	22000
45937	22000
133971	22000
24132	22000
263869	22000
55247	22000
394330	22000
8486	22000
25471	21900
266470	21432
17374	21300
7522	21000
45725	21000
59185	21000
38200	21000
133660	21000
45706	21000
48846	21000
267088	21000
138359	21000
37347	21000
396472	21000
59155	21000
14259	21000
2593	21000
32244	21000
135425	21000
263586	21000
17473	20600
61895	20480
210218	20480
13357	20120
30447	20110
30123	20000
35223	20000
50683	20000
44314	20000
51514	20000
49792	20000
37576	20000
59954	20000
52938	20000
25590	20000
42300	20000
206640	20000
262889	20000
209400	20000
34569	20000
28244	20000
38524	20000
210323	20000
34762	20000
55352	20000
262772	20000
262387	20000
327849	20000
134326	20000
262612	20000
263495	20000
35280	20000
61056	20000
265188	20000
133372	20000
393490	20000
56583	20000
262470	20000
267242	20000
269075	20000
394581	20000
262898	20000
266298	20000
207310	20000
42156	20000
270436	20000
56472	20000
207274	20000
268546	20000
1410	20000
47116	20000
26388	20000
13951	20000
30622	20000
266853	20000
135223	20000
34655	20000
31122	20000
25091	20000
4721	20000
41349	20000
17939	20000
17604	20000
5583	20000
22302	20000
58882	20000
38195	20000
8660	20000
61174	20000
1351	20000
9607	20000
15738	20000
135753	20000
197140	20000
33922	20000
21211	20000
38067	20000
265962	20000
52637	20000
23838	20000
10083	20000
16684	20000
46700	20000
50154	20000
48273	20000
25182	20000
45974	20000
213065	20000
200070	20000
266454	20000
264969	20000
52706	20000
18187	20000
11744	20000
265344	20000
206389	20000
207489	20000
31273	20000
209421	20000
42861	20000
60113	20000
56858	20000
61020	20000
7717	19900
4608	19800
48712	19500
47850	19500
327922	19500
198093	19300
44141	19000
28073	19000
201333	19000
137080	19000
50620	18600
3599	18500
263480	18500
52869	18432
132923	18432
201877	18400
262756	18192
200983	18100
267588	18002
29215	18000
40528	18000
16876	18000
25572	18000
27916	18000
58406	18000
8491	18000
8859	18000
28165	18000
5017	18000
54042	18000
264130	18000
133881	18000
203640	18000
201508	18000
42228	18000
262755	18000
267102	18000
61929	18000
58750	18000
209261	18000
394914	18000
37627	18000
397524	18000
33791	18000
206404	18000
269060	18000
45184	18000
133593	18000
2484	17200
42476	17000
39310	17000
24523	17000
132774	17000
22750	17000
47169	17000
20928	17000
133797	17000
23696	17000
7597	17000
45650	17000
262788	17000
262811	17000
7628	17000
136885	17000
131775	17000
43369	17000
200392	17000
29446	17000
55670	17000
17538	17000
196689	16500
263393	16500
266374	16384
17444	16000
28707	16000
33522	16000
52625	16000
52550	16000
5692	16000
60157	16000
53197	16000
16039	16000
264009	16000
7489	16000
202918	16000
131303	16000
135465	16000
266028	16000
265030	16000
266044	16000
135232	16000
209086	16000
267117	16000
34936	16000
37109	16000
131717	16000
45312	16000
138829	16000
6881	16000
134009	16000
23541	15600
44583	15600
50858	15600
45950	15600
38477	15600
21351	15600
198271	15600
48374	15600
135423	15600
52458	15400
22989	15360
133664	15360
53112	15360
27789	15312
7631	15300
43599	15300
16363	15200
268568	15200
28859	15000
39318	15000
54415	15000
327943	15000
2606	15000
264295	15000
263713	15000
136287	15000
264297	15000
61064	15000
53018	15000
133718	14716
204264	14612
132901	14612
267062	14500
27345	14336
196640	14336
58969	14336
9092	14300
2500	14300
20917	14300
29246	14300
17435	14300
39600	14300
31576	14300
29513	14300
44334	14300
14500	14300
16218	14300
199248	14300
199396	14300
62336	14300
198334	14300
32614	14300
23774	14300
23666	14300
327700	14300
133173	14300
17996	14200
13226	14100
24557	14000
24077	14000
9497	14000
25473	14000
18104	14000
5071	14000
40739	14000
45144	14000
51050	14000
50796	14000
262501	14000
132919	14000
135247	14000
134929	14000
199790	14000
28139	14000
328275	14000
328237	14000
133817	14000
139909	14000
52896	13500
35184	13312
56209	13312
27932	13312
263128	13312
262753	13312
12305	13312
26068	13312
28438	13312
263917	13312
44084	13312
41522	13312
135253	13312
198216	13312
29245	13312
135861	13312
37030	13312
30988	13312
57079	13312
28639	13312
136330	13312
25328	13312
267121	13312
136533	13312
136480	13312
133967	13312
263459	13312
50857	13300
2515	13300
212895	13200
37650	13130
58683	13000
19817	13000
10255	13000
12059	13000
28877	13000
31216	13000
16559	13000
13101	13000
19752	13000
3043	13000
25975	13000
5462	13000
20704	13000
8804	13000
4837	13000
10848	13000
31661	13000
5418	13000
26627	13000
14833	13000
25286	13000
46199	13000
15149	13000
30131	13000
40475	13000
8495	13000
15773	13000
4319	13000
36824	13000
13246	13000
42366	13000
40068	13000
38181	13000
5568	13000
8596	13000
43436	13000
11830	13000
24989	13000
15935	13000
34960	13000
29655	13000
34554	13000
14585	13000
31641	13000
40495	13000
38321	13000
4795	13000
3248	13000
8092	13000
18392	13000
42585	13000
56065	13000
8648	13000
5726	13000
49190	13000
24586	13000
41644	13000
8391	13000
48519	13000
12348	13000
22781	13000
44259	13000
13871	13000
44765	13000
39915	13000
393225	13000
10745	13000
393220	13000
394018	13000
17579	13000
48885	13000
42416	13000
23308	13000
14866	13000
39449	13000
42760	13000
7296	13000
9167	13000
46195	13000
49492	13000
31474	13000
24796	13000
13214	13000
48514	13000
19528	13000
21336	13000
42605	13000
46656	13000
31147	13000
1133	13000
29243	13000
9266	13000
48315	13000
49854	13000
43782	13000
43911	13000
47328	13000
20569	13000
5683	13000
26088	13000
28196	13000
21864	13000
49820	13000
24321	13000
49983	13000
44219	13000
50066	13000
42973	13000
38948	13000
48284	13000
12541	13000
50087	13000
38149	13000
9026	13000
30162	13000
38544	13000
9877	13000
30583	13000
52841	13000
1850	13000
26546	13000
51040	13000
6850	13000
8950	13000
12347	13000
23779	13000
53582	13000
22300	13000
20501	13000
48528	13000
37113	13000
50370	13000
9003	13000
50292	13000
51224	13000
50719	13000
20633	13000
36052	13000
15388	13000
30640	13000
25139	13000
38199	13000
46064	13000
46235	13000
19842	13000
51218	13000
15301	13000
196621	13000
41628	13000
55915	13000
44009	13000
16217	13000
8330	13000
2470	13000
46309	13000
13573	13000
20738	13000
16866	13000
28192	13000
2108	13000
46231	13000
6834	13000
52102	13000
7753	13000
49232	13000
197764	13000
13746	13000
31564	13000
26918	13000
56848	13000
29152	13000
9931	13000
57124	13000
53837	13000
3401	13000
30998	13000
53948	13000
54046	13000
27464	13000
12757	13000
57423	13000
38278	13000
27541	13000
51823	13000
18588	13000
50387	13000
198239	13000
29553	13000
39470	13000
42841	13000
57202	13000
20924	13000
41872	13000
27626	13000
12540	13000
46215	13000
4224	13000
53389	13000
48362	13000
52328	13000
41811	13000
46664	13000
132111	13000
14746	13000
12327	13000
24582	13000
54444	13000
57381	13000
33361	13000
6086	13000
57516	13000
198570	13000
34510	13000
198818	13000
16004	13000
40999	13000
45945	13000
34233	13000
36959	13000
50372	13000
41695	13000
33854	13000
57228	13000
28654	13000
198492	13000
34942	13000
40850	13000
262787	13000
48297	13000
19233	13000
50468	13000
61215	13000
197219	13000
55350	13000
51886	13000
50206	13000
198288	13000
10654	13000
10367	13000
132435	13000
34868	13000
21461	13000
18638	13000
132730	13000
132536	13000
29998	13000
198554	13000
197736	13000
27193	13000
49902	13000
49505	13000
36958	13000
16737	13000
38781	13000
132426	13000
56833	13000
21360	13000
262680	13000
262757	13000
53235	13000
28640	13000
60532	13000
12362	13000
262839	13000
29231	13000
14558	13000
61337	13000
50968	13000
20338	13000
32738	13000
197589	13000
37079	13000
59554	13000
26320	13000
3842	13000
60362	13000
3250	13000
52836	13000
3186	13000
15691	13000
10431	13000
62929	13000
62182	13000
22919	13000
393316	13000
16798	13000
62947	13000
199706	13000
12650	13000
262492	13000
26689	13000
51744	13000
14613	13000
11045	13000
29606	13000
15398	13000
199937	13000
46873	13000
24290	13000
4270	13000
200163	13000
53901	13000
263062	13000
14829	13000
45680	13000
62588	13000
28152	13000
57007	13000
52275	13000
58792	13000
53022	13000
132933	13000
393431	13000
46110	13000
262805	13000
20681	13000
131291	13000
52465	13000
45496	13000
20686	13000
263337	13000
200187	13000
21478	13000
201764	13000
52317	13000
61470	13000
262189	13000
52420	13000
52498	13000
52824	13000
17673	13000
29844	13000
29305	13000
45910	13000
58436	13000
10670	13000
29897	13000
39373	13000
52380	13000
63128	13000
12236	13000
24226	13000
35949	13000
201962	13000
201505	13000
32432	13000
11514	13000
45884	13000
27790	13000
62782	13000
33781	13000
22402	13000
13064	13000
4594	13000
28026	13000
11114	13000
9355	13000
32678	13000
30691	13000
40966	13000
52736	13000
3669	13000
196670	13000
54039	13000
133678	13000
50597	13000
393717	13000
36273	13000
45133	13000
61026	13000
32397	13000
59102	13000
2607	13000
201506	13000
262871	13000
133936	13000
199188	13000
59370	13000
47608	13000
57660	13000
37177	13000
37181	13000
22748	13000
51728	13000
9559	13000
132848	13000
131475	13000
48588	13000
132917	13000
20448	13000
63383	13000
21832	13000
12276	13000
201222	13000
36483	13000
52490	13000
60116	13000
52401	13000
26312	13000
39391	13000
34916	13000
53173	13000
63450	13000
11986	13000
34450	13000
10925	13000
393945	13000
32546	13000
18986	13000
29355	13000
26414	13000
63863	13000
19381	13000
30076	13000
30919	13000
134355	13000
394010	13000
11301	13000
53154	13000
198095	13000
28670	13000
264101	13000
9916	13000
25081	13000
6082	13000
133344	13000
53191	13000
46047	13000
28941	13000
52795	13000
39764	13000
262229	13000
32764	13000
11948	13000
48294	13000
12696	13000
44994	13000
64200	13000
200759	13000
394356	13000
132142	13000
49524	13000
52399	13000
263126	13000
201206	13000
327894	13000
198342	13000
16652	13000
3624	13000
57141	13000
18534	13000
37629	13000
7530	13000
53164	13000
52631	13000
42555	13000
15154	13000
17832	13000
262878	13000
198313	13000
201020	13000
202030	13000
30247	13000
62363	13000
131602	13000
25581	13000
47814	13000
11342	13000
28317	13000
263395	13000
48461	13000
37399	13000
33623	13000
18650	13000
39532	13000
262607	13000
262650	13000
263818	13000
41721	13000
63126	13000
265159	13000
34723	13000
262949	13000
135036	13000
23352	13000
21889	13000
52348	13000
12929	13000
394514	13000
264062	13000
52381	13000
50333	13000
198913	13000
262149	13000
57961	13000
52999	13000
203112	13000
28635	13000
63421	13000
37634	13000
196949	13000
202054	13000
27734	13000
27884	13000
131603	13000
53233	13000
21919	13000
262585	13000
51551	13000
52702	13000
43578	13000
264704	13000
55043	13000
264116	13000
8542	13000
262378	13000
204028	13000
20193	13000
56190	13000
203591	13000
30892	13000
20015	13000
135192	13000
28118	13000
3061	13000
262614	13000
30986	13000
17014	13000
199888	13000
198269	13000
31394	13000
202744	13000
327859	13000
33772	13000
200001	13000
201986	13000
23641	13000
197186	13000
3165	13000
32334	13000
131911	13000
64415	13000
27733	13000
202921	13000
199645	13000
49761	13000
32337	13000
52601	13000
196969	13000
200142	13000
12102	13000
31479	13000
263768	13000
327821	13000
207195	13000
199550	13000
198430	13000
201049	13000
199787	13000
20714	13000
26343	13000
198909	13000
50515	13000
204121	13000
202994	13000
52455	13000
8458	13000
201068	13000
264191	13000
11844	13000
207028	13000
133130	13000
62373	13000
34458	13000
131274	13000
200577	13000
9648	13000
197046	13000
201953	13000
263873	13000
393907	13000
61487	13000
198072	13000
202177	13000
26317	13000
52290	13000
62560	13000
264527	13000
59686	13000
14211	13000
199842	13000
132535	13000
35047	13000
206999	13000
395152	13000
199981	13000
264797	13000
199201	13000
14845	13000
7270	13000
262685	13000
133232	13000
196928	13000
15765	13000
207156	13000
40165	13000
264152	13000
42717	13000
56745	13000
18568	13000
50016	13000
264785	13000
61864	13000
199468	13000
38805	13000
29571	13000
31510	13000
24743	13000
265672	13000
37103	13000
263897	13000
266210	13000
136300	13000
52596	13000
37623	13000
262167	13000
46401	13000
328125	13000
327900	13000
52716	13000
136417	13000
56441	13000
263235	13000
28103	13000
206720	13000
59670	13000
266610	13000
262786	13000
262452	13000
134366	13000
136552	13000
10778	13000
28160	13000
36730	13000
37055	13000
265041	13000
134319	13000
264282	13000
7663	13000
32806	13000
52327	13000
52372	13000
30900	13000
265771	13000
206108	13000
263968	13000
10217	13000
27935	13000
133007	13000
263120	13000
267507	13000
264230	13000
265995	13000
52236	13000
37027	13000
131483	13000
263384	13000
264471	13000
52349	13000
263228	13000
52413	13000
263190	13000
16350	13000
24806	13000
5385	13000
27259	13000
265760	13000
265729	13000
57508	13000
265952	13000
201950	13000
328232	13000
136323	13000
25563	13000
61527	13000
43009	13000
135639	13000
132097	13000
51484	13000
18021	13000
200799	13000
19147	13000
197518	13000
395612	13000
395627	13000
47989	13000
205260	13000
132722	13000
265871	13000
15757	13000
200960	13000
42325	13000
263248	13000
136764	13000
263963	13000
37616	13000
5397	13000
327941	13000
131446	13000
43154	13000
137144	13000
266657	13000
131248	13000
31914	13000
203146	13000
63998	13000
60752	13000
59572	13000
134736	13000
52169	13000
134305	13000
135801	13000
198330	13000
60314	13000
265016	13000
24620	13000
60082	13000
267294	13000
266926	13000
16827	13000
204086	13000
204558	13000
203255	13000
205389	13000
198279	13000
132836	13000
64477	13000
204346	13000
202488	13000
21388	13000
46506	13000
61242	13000
59986	13000
48487	13000
134264	13000
132974	13000
136713	13000
205535	13000
268222	13000
45954	13000
263698	13000
28050	13000
28748	13000
265209	13000
197529	13000
18875	13000
3268	13000
328339	13000
37916	13000
396914	13000
202086	13000
133915	13000
328346	13000
266840	13000
23038	13000
37281	13000
200736	13000
132046	13000
136668	13000
25557	13000
263732	13000
63945	13000
396951	13000
394650	13000
396960	13000
266835	13000
137236	13000
31277	13000
37999	13000
56140	13000
209874	13000
394366	13000
58239	13000
25946	13000
48027	13000
57136	13000
266640	13000
328144	13000
266598	13000
55789	13000
37053	13000
25467	12300
58725	12288
137627	12288
20984	12100
9872	12100
198721	12100
9051	12100
19214	12000
32105	12000
40193	12000
27318	12000
24049	12000
27320	12000
33073	12000
28054	12000
30130	12000
33554	12000
26972	12000
42755	12000
29488	12000
6903	12000
12968	12000
6900	12000
25795	12000
31972	12000
15857	12000
7595	12000
4280	12000
29297	12000
33005	12000
21911	12000
21315	12000
3633	12000
31251	12000
9208	12000
203679	12000
393470	12000
61816	12000
50710	12000
263460	12000
28364	12000
200780	12000
60435	12000
52532	12000
26968	12000
135793	12000
51191	12000
265983	12000
40861	12000
205191	12000
267573	12000
20218	12000
263572	12000
137042	12000
263606	12000
206048	12000
23676	12000
328167	12000
206483	12000
202519	12000
63069	12000
61633	12000
328152	12000
132160	12000
136670	12000
209678	12000
210144	12000
18647	12000
17716	12000
136749	12000
30730	12000
19523	12000
267746	12000
15414	12000
138847	12000
397715	12000
263019	12000
22798	12000
134643	12000
136131	12000
135468	12000
24530	12000
139425	12000
139947	12000
139833	12000
209752	12000
61600	12000
139075	12000
37622	12000
29129	12000
33078	12000
42353	12000
39905	12000
33597	12000
51580	12000
18931	12000
199121	11700
27877	11700
266092	11700
22355	11300
135180	11264
135850	11264
135792	11264
137608	11264
134278	11240
13878	11200
23713	11000
34419	11000
28855	11000
15562	11000
52640	11000
29438	11000
198738	11000
41201	11000
30261	11000
57118	11000
200753	11000
47529	11000
20677	11000
63320	11000
18918	11000
38595	11000
395378	11000
263084	11000
26038	11000
262818	11000
134152	11000
138195	11000
37130	11000
13837	11000
52503	11000
137824	11000
132641	11000
54037	11000
39671	11000
61221	11000
138686	11000
208188	11000
63027	11000
51313	11000
7578	11000
264992	11000
328051	11000
133648	11000
53086	11000
9448	11000
60725	11000
132458	11000
265450	11000
53096	10400
61749	10400
23708	10300
52952	10300
262727	10240
132562	10240
131215	10240
58438	10240
135202	10240
267540	10240
59816	10240
262743	10240
268013	10240
140269	10240
136338	10120
37357	10096
202384	10030
39469	10000
33074	10000
27322	10000
26790	10000
24469	10000
19875	10000
10929	10000
14651	10000
25689	10000
8916	10000
48291	10000
52789	10000
135754	10000
49695	10000
199863	10000
132515	10000
45294	10000
393280	10000
17445	10000
135028	10000
43503	10000
37704	10000
132988	10000
262338	10000
265644	10000
48276	10000
37429	10000
38742	10000
134663	10000
28189	10000
133638	10000
131609	10000
328110	10000
267282	10000
47884	10000
205819	10000
62445	10000
263645	10000
327743	10000
210234	10000
48825	10000
268490	10000
38004	10000
39855	10000
24076	10000
14224	10000
37695	10000
197686	10000
201553	10000
39126	10000
63981	10000
15739	10000
35711	10000
131644	10000
52786	10000
208976	10000
134178	10000
60945	10000
209287	10000
265056	10000
64300	10000
39923	10000
133808	10000
12365	10000
140362	10000
61602	10000
34225	10000
38915	10000
134078	10000
266344	10000
202053	10000
39233	10000
204526	10000
3214	10000
12586	10000
13618	10000
15808	10000
271	10000
19969	10000
29154	10000
8793	10000
198408	10000
23688	10000
327930	10000
133100	10000
20205	10000
133968	10000
132031	10000
50782	10000
134858	10000
19711	10000
328176	10000
3580	10000
45355	10000
134937	10000
43513	10000
328204	10000
328341	10000
138041	10000
268430	10000
60371	10000
266225	10000
11661	10000
49004	10000
20473	10000
29479	10000
58666	10000
132330	10000
135328	10000
17766	10000
136972	10000
40449	10000
137199	10000
45637	10000
137900	10000
133187	10000
15164	10000
264308	10000
21837	10000
54035	10000
7979	10000
54600	10000
19661	10000
11038	10000
51095	10000
205891	10000
198102	10000
21454	10000
136800	10000
204810	10000
208457	10000
205790	10000
23856	10000
14327	10000
28234	10000
263891	10000
263617	10000
262665	10000
262480	10000
267623	10000
61923	10000
269366	10000
269369	10000
267120	10000
22128	10000
265483	10000
266275	10000
30174	10000
33387	10000
51155	10000
37908	10000
328699	10000
328547	10000
328315	10000
265272	10000
267611	10000
138263	10000
199758	10000
52322	10000
13728	10000
263775	10000
16654	10000
38571	10000
133317	10000
265757	10000
136515	10000
135756	10000
138754	10000
200023	10000
50469	10000
263346	10000
21050	10000
1441	10000
31177	10000
137945	10000
266130	10000
398454	10000
138428	10000
52424	10000
263218	10000
264637	10000
52286	10000
265684	10000
28049	10000
267828	10000
208970	9900
263401	9500
38456	9400
266300	9400
7496	9300
38457	9216
264290	9216
134883	9216
134035	9216
135854	9216
263374	9216
58405	9216
28056	9100
200077	9100
136990	9100
53106	9096
135184	9072
12414	9000
27848	9000
27319	9000
21013	9000
43407	9000
50234	9000
51446	9000
55799	9000
134391	9000
134399	9000
134395	9000
134396	9000
18210	9000
58620	9000
134390	9000
50809	9000
56260	9000
56233	9000
13926	9000
34274	9000
37674	9000
40809	9000
26156	9000
50607	9000
52769	9000
262957	9000
37455	9000
133487	9000
43126	9000
200608	9000
136358	9000
45170	9000
328119	9000
45587	9000
266803	9000
133354	9000
328287	9000
131314	9000
200590	9000
205844	9000
136908	9000
209408	9000
60930	9000
200147	9000
23938	9000
267859	9000
266715	9000
37777	9000
34235	9000
12976	9000
135383	9000
267620	9000
45701	9000
136861	9000
60810	9000
30272	9000
327733	9000
202829	9000
265238	8700
23667	8500
267649	8400
265865	8300
264238	8192
132540	8096
30122	8000
30133	8000
1798	8000
41357	8000
48626	8000
22431	8000
201353	8000
28307	8000
19807	8000
264311	8000
52884	8000
12732	8000
205381	8000
204981	8000
135000	8000
202313	8000
266149	8000
24691	8000
264752	8000
6233	8000
33582	8000
36394	8000
37428	8000
209673	8000
207146	8000
50377	8000
43065	8000
46939	8000
328476	8000
137178	8000
31611	8000
207622	8000
266140	8000
61802	8000
131749	8000
59139	8000
137363	8000
24527	8000
138838	8000
58474	8000
133352	8000
58485	8000
38148	8000
38783	8000
135464	8000
138131	8000
59613	8000
135763	8000
52436	8000
59766	8000
268710	8000
29636	8000
20766	8000
28846	8000
56511	8000
202032	8000
262644	8000
52547	8000
24206	7600
9145	7500
268619	7500
52419	7400
6102	7000
12759	7000
24594	7000
49432	7000
34362	7000
19468	7000
262561	7000
393626	7000
11910	7000
51786	7000
206506	7000
35489	7000
265027	7000
264022	7000
262711	7000
267219	7000
135597	7000
135841	7000
135055	7000
203649	7000
268809	7000
328223	7000
132445	7000
199976	7000
327906	7000
267326	7000
37266	7000
134946	7000
33081	6900
265715	6700
131310	6500
34407	6500
28801	6500
28187	6500
262695	6500
31222	6500
61902	6500
52722	6500
60501	6500
52813	6500
57254	6500
202627	6500
134832	6500
198374	6500
262466	6500
264708	6500
264795	6500
133615	6500
52326	6500
268060	6500
21056	6200
201494	6200
139641	6180
27754	6144
131442	6144
134922	6144
38712	6048
52669	6000
49933	6000
266494	6000
23923	6000
201695	6000
33569	6000
200191	6000
205168	6000
268144	6000
262231	6000
138627	6000
135234	6000
138876	6000
6505	6000
207618	6000
208097	6000
27781	6000
39145	6000
44134	6000
30803	6000
41497	6000
30933	6000
327909	6000
264262	6000
264580	6000
24446	6000
197197	6000
50903	6000
59164	6000
135780	6000
45630	6000
136642	6000
139226	6000
11845	6000
265409	5500
137069	5500
37638	5500
55680	5480
52681	5400
61785	5400
5560	5200
2854	5200
198290	5200
263978	5200
266365	5200
44977	5200
136230	5120
393807	5120
213252	5100
37098	5000
62100	5000
42183	5000
131247	5000
25516	5000
209263	5000
134933	5000
57166	5000
43338	5000
29097	5000
206945	5000
24207	5000
137378	5000
134863	5000
31960	5000
36865	5000
135415	5000
131636	5000
26709	5000
7727	5000
135719	5000
135218	5000
6373	5000
138143	5000
38771	5000
34019	5000
23342	5000
3130	5000
46609	5000
14333	5000
39583	5000
52344	5000
38515	5000
133651	5000
135848	5000
136255	5000
266020	5000
205675	5000
134998	5000
267567	5000
267144	5000
53209	4800
204994	4800
262527	4750
47522	4600
56791	4550
53192	4530
28589	4500
262307	4500
266260	4500
24232	4400
200303	4400
207401	4400
264555	4100
132268	4100
7532	4096
42235	4096
205086	4096
138115	4096
27659	4096
134605	4096
27967	4096
135226	4096
9875	4096
267654	4000
138988	4000
398202	4000
202347	4000
139329	4000
43928	4000
133089	4000
267386	4000
135480	4000
138130	4000
24212	4000
138887	4000
38776	4000
139605	4000
63874	4000
137316	4000
139446	4000
139972	4000
201714	4000
139956	4000
135323	4000
28602	4000
396841	4000
52356	4000
138745	4000
139528	4000
269258	4000
60304	4000
30286	4000
43518	4000
209152	4000
47442	4000
207549	4000
138365	4000
23679	4000
38143	4000
49781	4000
139431	4000
45296	4000
131773	4000
58401	4000
138119	4000
138079	4000
136088	4000
137358	4000
132448	4000
8820	4000
18221	4000
36687	4000
45500	4000
47297	4000
38757	4000
55658	4000
132646	4000
199516	4000
17561	4000
263536	4000
15672	4000
204005	4000
61913	4000
134877	4000
263043	4000
57695	4000
394102	4000
265959	4000
136370	4000
327817	4000
2042	4000
24243	4000
206235	4000
13917	3900
47138	3900
35053	3900
16210	3900
29140	3900
1880	3900
53114	3900
53166	3900
61319	3900
263356	3900
264754	3900
197890	3800
6083	3600
48252	3600
263755	3600
47748	3500
263548	3500
6853	3300
48126	3300
24005	3300
49653	3250
26106	3200
266280	3200
12577	3100
37223	3100
51159	3100
37186	3100
58898	3072
132559	3072
53127	3072
27976	3072
58475	3000
137937	3000
27024	3000
21659	3000
31673	3000
268523	3000
270383	3000
265297	3000
52477	3000
63882	3000
38150	3000
196922	3000
50311	3000
56239	3000
208817	3000
328543	3000
137159	3000
263720	3000
135964	3000
263762	3000
37708	3000
209109	3000
41666	3000
34927	3000
207317	3000
327720	3000
139978	3000
14295	3000
18520	3000
30362	3000
16921	3000
138276	3000
139628	3000
8201	3000
24541	3000
12826	3000
29449	3000
41495	3000
47617	3000
41471	3000
35260	3000
26253	3000
55761	3000
53046	3000
11624	3000
28328	3000
197922	3000
19116	3000
37363	3000
263555	3000
327850	3000
22549	3000
131459	3000
134259	3000
328033	3000
59432	3000
54721	3000
327814	3000
48105	3000
263143	3000
262887	3000
52923	3000
59368	3000
42774	3000
60975	3000
136708	3000
35135	3000
138910	3000
61092	3000
134204	3000
135269	3000
204982	3000
267263	3000
270586	3000
63868	3000
38778	3000
58640	3000
263684	3000
61203	2900
54210	2700
137935	2700
206782	2700
29876	2600
36184	2600
23710	2600
24048	2600
21476	2600
12381	2600
29259	2600
18227	2600
55865	2600
40034	2600
39931	2600
63829	2600
35551	2600
51349	2600
48310	2600
47628	2600
263290	2600
263893	2600
133501	2600
264608	2600
60718	2600
24880	2600
45956	2600
39010	2600
266896	2600
52387	2600
209530	2600
209291	2600
197551	2500
267126	2500
207866	2500
17400	2400
42310	2400
42587	2400
43853	2400
35579	2300
17895	2300
139249	2248
45220	2200
24129	2200
9189	2200
393629	2200
131668	2200
17890	2200
209022	2200
34800	2100
267427	2048
52688	2048
37076	2048
6066	2015
9115	2011
24892	2000
37698	2000
134522	2000
266545	2000
262416	2000
207654	2000
6735	2000
60391	2000
52998	2000
58145	2000
266571	2000
268280	2000
267732	2000
39070	2000
36827	2000
267830	2000
269040	2000
21058	2000
267833	2000
328518	2000
53057	2000
269432	2000
49752	2000
51001	2000
133809	2000
207770	2000
136244	2000
207439	2000
45424	2000
131091	2000
139021	2000
22425	2000
269091	2000
206215	2000
205920	2000
269875	2000
139449	2000
268268	2000
23855	2000
213342	2000
41051	2000
134917	2000
62321	2000
135225	2000
35568	2000
138663	2000
36936	2000
268821	2000
54728	2000
57782	2000
58731	2000
4618	2000
24953	2000
30126	2000
6775	2000
41393	2000
42473	2000
3595	2000
27413	2000
59414	2000
197669	2000
20406	2000
23201	2000
56203	2000
24492	2000
29170	2000
133536	2000
38496	2000
52936	2000
50677	2000
262713	2000
327761	2000
135876	2000
37302	2000
52373	2000
205964	2000
328262	2000
204671	2000
33932	2000
42181	2000
17806	2000
138536	2000
209626	2000
208848	2000
204326	2000
61218	2000
139702	2000
45926	2000
18117	2000
269478	2000
133799	2000
18112	2000
63867	2000
47875	2000
57468	2000
139958	2000
63494	2000
29030	2000
137457	2000
134262	2000
201376	2000
138860	2000
28080	2000
62595	2000
28262	1950
18052	1900
197038	1800
266475	1600
204909	1600
5377	1600
53185	1500
24220	1500
13049	1430
55420	1430
133072	1400
52920	1350
9341	1350
30889	1300
23310	1300
11271	1300
34746	1300
33472	1300
15436	1300
25752	1300
30141	1300
41037	1300
20507	1300
41399	1300
1982	1300
8481	1300
25504	1300
29430	1300
14970	1300
34764	1300
13105	1300
34144	1300
21840	1300
44212	1300
28929	1300
23677	1300
20081	1300
9290	1300
15716	1300
31555	1300
20483	1300
33211	1300
42937	1300
45425	1300
24238	1300
49867	1300
3661	1300
4641	1300
14166	1300
47302	1300
17501	1300
196967	1300
28182	1300
36275	1300
46373	1300
197439	1300
2597	1300
196763	1300
32586	1300
12431	1300
45444	1300
48913	1300
13591	1300
10015	1300
57821	1300
18149	1300
38190	1300
35399	1300
61044	1300
24006	1300
47762	1300
31319	1300
18612	1300
36315	1300
173	1300
27983	1300
133444	1300
12822	1300
11008	1300
59752	1300
8310	1300
132645	1300
8922	1300
56109	1300
24347	1300
59919	1300
17970	1300
263928	1300
37120	1300
56204	1300
50623	1300
25491	1300
48847	1300
11947	1300
35001	1300
49640	1300
24634	1300
21201	1300
205610	1300
262266	1300
131996	1300
38217	1300
57089	1300
37190	1300
62230	1300
267673	1300
202806	1300
17689	1300
264650	1300
34527	1300
12556	1300
43573	1300
35090	1200
39615	1200
31680	1200
25433	1200
31653	1200
42492	1200
12854	1200
52186	1200
17747	1200
199547	1200
328107	1200
203040	1200
204662	1200
265890	1200
21158	1200
264602	1200
266133	1200
15401	1200
262911	1200
38887	1100
6734	1100
16347	1100
52051	1100
266687	1100
204185	1100
268539	1100
138632	1100
266355	1100
209555	1100
134563	1100
210025	1100
134331	1024
133989	1024
23893	1024
55806	1024
18230	1024
52573	1024
136842	1024
136722	1024
24508	1024
10678	1000
36388	1000
9327	1000
19089	1000
34578	1000
133318	1000
46045	1000
264382	1000
267801	1000
27806	1000
204188	1000
37472	1000
207491	1000
52545	1000
7562	1000
213377	1000
36198	1000
328441	1000
20932	1000
24050	1000
33071	1000
34505	1000
7469	1000
17824	1000
15177	1000
37159	1000
47692	1000
31402	1000
28198	1000
27693	1000
202194	1000
53061	1000
26753	1000
132679	1000
133043	1000
17469	1000
199230	1000
327908	1000
45951	1000
262568	1000
17416	1000
25435	1000
53094	1000
132372	1000
41651	1000
136451	1000
41139	1000
48507	1000
134265	1000
133311	1000
39650	1000
204708	1000
136175	1000
328255	1000
205614	1000
205718	1000
37395	1000
328043	1000
136982	1000
137273	1000
203976	1000
32030	1000
57581	1000
204633	1000
328229	1000
206262	1000
135190	1000
137016	1000
202328	1000
34553	1000
327796	1000
4842	1000
24124	1000
138056	1000
51972	1000
209385	1000
209100	1000
11017	1000
31649	1000
137995	1000
207335	1000
132708	1000
398335	1000
269535	1000
268091	1000
61748	1000
61652	1000
265497	1000
267584	1000
268647	1000
140407	1000
138866	1000
138117	1000
132669	1000
328582	1000
12186	1000
132198	1000
398570	1000
48428	1000
136835	1000
138886	1000
60592	1000
203287	1000
37491	1000
271053	1000
264513	1000
131645	1000
138317	1000
23013	1000
61678	1000
55695	1000
27876	1000
264787	1000
264656	1000
46032	1000
61762	1000
134875	1000
133334	1000
138769	1000
139533	1000
135746	1000
138762	1000
140144	1000
138279	1000
133000	1000
29000	1000
213031	1000
62997	1000
11805	1000
135298	1000
212799	1000
213126	1000
50869	1000
37067	1000
24457	1000
24470	1000
138837	1000
139952	1000
136054	1000
140476	1000
264242	1000
38031	1000
47253	1000
48966	1000
15975	1000
51737	1000
29310	1000
197350	1000
42013	1000
51440	1000
42314	1000
12754	1000
269762	1000
269872	1000
11139	1000
14694	1000
268707	1000
4558	936
5764	900
29471	900
29590	900
39180	900
24632	900
45054	900
52828	900
28303	900
137936	900
32398	900
21246	900
48344	800
44207	800
327822	800
267520	800
264756	780
262716	700
59340	700
267083	700
29006	650
265702	650
201146	600
28215	600
208063	600
8338	600
263486	600
203968	600
28211	600
265356	600
37192	585
132642	550
31055	520
328522	500
62166	500
61903	500
18719	500
48821	500
39196	500
9892	500
53216	500
9601	500
269987	500
44024	400
205927	400
268713	400
207454	400
328585	400
207394	400
209645	400
47902	400
24381	400
30528	400
5111	400
327775	400
133309	400
134232	400
36889	400
265464	400
204438	300
13287	300
37286	300
36369	300
140219	300
132531	300
51778	300
213253	300
55784	300
24776	300
35821	300
56662	300
132022	300
58578	300
132882	300
132376	300
205523	300
266551	300
58818	300
2499	260
327981	260
140840	250
203615	200
140244	200
213386	200
10557	200
135206	200
27744	200
16242	200
131477	200
8661	200
206610	200
57757	200
269023	200
63886	200
133832	200
16503	150
15434	130
50088	130
393853	130
37224	130
15469	100
37044	100
36997	100
61417	100
213330	100
202301	100
209833	100
9229	100
20291	100
56911	100
33983	100
38592	100
138023	100
202479	100
35145	100
327781	100
139741	100
47251	100
213105	100
269923	100
269534	100
37209	70
39271	70
43660	65
55822	56
132003	52
269163	40
54049	26
37062	20
269104	20
21693	20
213284	20
263855	15
37133	13
137653	13
52423	11
40592	10
13594	3
13273	3
270320	2
264902	2
6762	0
32787	0
2519	0
31133	0
26193	0
8015	0
17222	0
60497	0
21339	0
8470	0
51324	0
21083	0
327692	0
4755	0
6895	0
327976	0
56196	0
15932	0
57724	0
200125	0
41841	0
56575	0
198529	0
44124	0
196883	0
37424	0
6300	0
198035	0
197318	0
38942	0
42935	0
20530	0
198187	0
48694	0
43171	0
50095	0
200602	0
35199	0
200750	0
197181	0
3169	0
199510	0
44784	0
197345	0
22541	0
200089	0
52031	0
55714	0
43495	0
198007	0
48629	0
41833	0
62328	0
197697	0
199774	0
203937	0
203742	0
35787	0
206910	0
51863	0
197809	0
41379	0
42374	0
197099	0
42852	0
60755	0
29070	0
61154	0
202936	0
197295	0
198709	0
198424	0
198906	0
199265	0
197572	0
203505	0
203306	0
59611	0
198214	0
206489	0
10355	0
263097	0
57890	0
203765	0
199005	0
51101	0
62201	0
197375	0
199381	0
60219	0
196979	0
395478	0
56983	0
57665	0
3352	0
198766	0
201531	0
197437	0
201001	0
51960	0
199341	0
51068	0
265692	0
262690	0
206762	0
37087	0
52414	0
3582	0
201332	0
264857	0
57945	0
197766	0
203157	0
33494	0
135895	0
49633	0
264853	0
10803	0
133859	0
206736	0
205073	0
21030	0
52664	0
62184	0
3249	0
206406	0
263699	0
264013	0
199473	0
132556	0
36707	0
205384	0
57332	0
198493	0
56324	0
57701	0
202626	0
57101	0
203582	0
136857	0
197837	0
136336	0
41044	0
50916	0
198081	0
37345	0
19091	0
28468	0
41297	0
203667	0
138222	0
31230	0
327753	0
60265	0
209854	0
24064	0
202434	0
328111	0
268801	0
396300	0
47237	0
206460	0
137597	0
136994	0
328401	0
52473	0
27017	0
10361	0
131954	0
49941	0
12833	0
60119	0
52544	0
199138	0
58158	0
32082	0
37550	0
27993	0
395326	0
209451	0
207306	0
43824	0
207834	0
269826	0
328055	0
51185	0
265777	0
205897	0
207071	0
18997	0
56523	0
59598	0
204479	0
24257	0
38207	0
206479	0
135031	0
2486	0
33333	0
47950	0
17048	0
210283	0
50321	0
51262	0
63830	0
26930	0
43653	0
197071	0
33108	0
196959	0
265098	0
37148	0
264568	0
207852	0
39533	0
51407	0
