32934	294370000
714	265540000
16509	264000000
8075	186180000
13335	160080000
54113	122840000
20940	114783000
22822	88070000
16276	70500000
6939	53742000
46489	52620000
17676	49530000
6805	38860000
33891	36940000
7342	32300000
3209	30670000
31334	29640000
39386	27081000
2516	25549000
3356	23760000
6461	22063000
64049	20650000
9498	20610000
2497	20580000
328058	19000000
19679	17660000
29990	17500000
4230	17260000
8447	17100000
28604	16730000
2119	16540000
49544	15089000
9002	15079000
20115	14940000
6667	14357000
12389	14230000
25506	13870000
2856	13450000
1136	13400000
63293	13290000
5650	13270000
2518	12980000
8966	12972000
2635	12770000
3216	12731000
4181	12500000
15169	12410000
8473	11730000
2914	11720000
4637	11642000
226	11590000
38022	11400000
1267	11361900
41095	10914000
15133	10840000
5607	10830000
6730	10586000
17511	10580000
12552	10380000
6830	10360010
9009	9990000
55391	9840000
5578	9730000
5400	9638000
21320	9565000
265950	9413000
8359	9304000
12874	8800000
2527	8500000
20485	8390000
6774	8207000
36459	8180000
2514	8170000
57344	8120000
25933	8012000
270346	8000000
5410	7980000
36408	7888000
34756	7600000
328045	7600000
15435	7560000
16086	7500000
6327	7489000
2686	7429000
29314	7400000
12989	7370000
56478	7320000
2818	7230000
12189	7228000
2907	7204000
5089	7190000
680	7145000
2603	7030000
61832	7018060
52320	6920000
38634	6900000
4760	6840000
22356	6777000
58453	6740000
7843	6710000
6079	6670000
1103	6644000
15557	6640000
45899	6620000
1547	6519000
13285	6390000
16591	6390000
15305	6330000
28663	6211000
12713	6200000
5645	6140000
11164	6130000
15412	6093000
37447	6006000
32098	5979000
13030	5860000
9304	5784000
61955	5780040
38082	5758000
1273	5700000
18734	5700000
23620	5700000
15704	5560000
47541	5490000
52580	5448000
12322	5420000
35228	5320000
4556	5320000
11260	5260000
132164	5168000
24785	5000000
6509	4977000
13768	4882000
6507	4840000
46786	4770000
3292	4760000
9121	4580000
23393	4579000
11404	4560000
37100	4519000
24203	4410000
9534	4400000
3265	4370000
36692	4363300
20880	4360000
9824	4310000
25192	4270000
327693	4270000
23520	4230000
62041	4200000
786	4180000
30722	4180000
1257	4110600
42708	4110000
12083	4100000
5588	4050000
12430	4040000
39651	4033000
812	4010000
29535	4010000
2711	4000000
668	3990000
202276	3960000
14413	3937000
40356	3920000
19151	3910000
2510	3900000
8717	3870000
27381	3850000
7575	3838000
5432	3800000
6661	3800000
262206	3800000
15962	3800000
11888	3800000
9318	3781000
16637	3760000
3630	3660000
38091	3660000
137872	3600000
5378	3450000
4800	3437000
20504	3420000
15802	3420000
34224	3397500
9680	3390000
12479	3380000
18403	3350000
55818	3340900
28368	3296000
4739	3290000
35320	3250000
23576	3230000
23563	3220000
13445	3217000
12714	3176500
50384	3160000
43531	3079000
5713	3070210
26615	3060000
42525	3059000
8529	3038000
6057	3030000
34984	3020000
9269	3010000
47377	3000000
264144	3000000
7155	2990000
1741	2950000
205216	2950000
37271	2938000
13037	2930000
8426	2929000
11232	2890000
59605	2879000
13760	2850000
37662	2850000
53180	2840000
7195	2830000
30600	2760000
5413	2748000
132203	2730000
8657	2680000
7738	2679000
3255	2660000
2851	2660000
23184	2650000
12849	2640000
22646	2630000
30517	2610000
23881	2550000
31500	2528000
702	2479900
109	2472000
12200	2470000
7029	2470000
40788	2470000
4766	2460000
4134	2440000
47764	2430000
31027	2420000
52941	2410000
15542	2400000
3327	2391000
9505	2369000
9050	2360000
197595	2350000
6128	2350000
3741	2338400
4648	2320000
17072	2320000
262503	2311000
46450	2300000
3491	2288000
2828	2280000
58073	2280000
393565	2280000
38895	2250000
18081	2240000
2116	2219000
13489	2210000
62887	2210000
38880	2204000
47605	2199000
34867	2190000
31655	2160000
6768	2160000
200981	2160000
28580	2145000
28343	2141000
7545	2138000
4761	2138000
13170	2109000
47582	2100000
4713	2090000
293	2090000
11269	2090000
396253	2087000
48237	2082500
14630	2078000
2852	2060000
6614	2060000
28126	2060000
30081	2050000
23473	2048000
38622	2030000
9930	2020000
28146	2020000
34218	2000000
139023	2000000
14282	1993000
50304	1950000
10474	1938000
4685	1910000
3601	1900000
33362	1900000
58682	1900000
197790	1900000
49378	1900000
36089	1890000
40428	1880000
21245	1880000
17639	1877000
2906	1870000
17451	1870000
55900	1860000
25180	1848000
29119	1840000
196925	1820000
15600	1810000
132825	1800000
101	1800000
15224	1796000
9231	1781000
30094	1767000
28260	1760000
30844	1757000
14868	1743250
62955	1740000
6697	1740000
137922	1730000
7795	1720000
16904	1720000
9723	1710000
31939	1710000
10143	1710000
39608	1710000
2559	1710000
39326	1703000
24748	1700000
263903	1700000
64050	1700000
262287	1680020
24115	1662000
262355	1658000
4773	1640000
53013	1640000
11686	1630000
38883	1630000
61449	1630000
52925	1620000
21976	1620000
44050	1610000
262740	1610000
267056	1610000
35753	1605000
8455	1600000
52840	1600000
20943	1600000
6465	1600000
202425	1600000
43727	1590000
6866	1590000
18705	1580000
52871	1570000
30781	1565000
53766	1562000
2110	1560000
35407	1560000
19009	1560000
23404	1560000
200455	1560000
28158	1551000
36062	1540000
17559	1539000
22689	1535200
61400	1530000
263327	1522000
26415	1522000
39202	1520000
33915	1520000
10030	1520000
766	1520000
62	1520000
54183	1520000
54312	1520000
5009	1520000
27715	1520000
263073	1520000
63221	1520000
201641	1520000
59027	1520000
9116	1510000
62904	1510000
53162	1504000
27475	1500000
8781	1492000
28338	1480000
10026	1475840
5603	1460000
54133	1460000
9605	1460000
12353	1450000
18106	1432000
33132	1430000
27471	1430000
25358	1414000
7473	1410000
2860	1410000
58507	1405000
263297	1400000
9354	1394000
6908	1393000
9595	1390000
26801	1370000
24940	1360000
18121	1360000
3786	1360000
6412	1359000
7552	1350000
200020	1338000
852	1330000
29550	1330000
577	1330000
13124	1330000
25512	1330000
38790	1330000
8095	1330000
21574	1317000
4258	1310000
53158	1310000
43332	1310000
703	1303300
2611	1300000
209222	1300000
7418	1300000
28598	1300000
136106	1292000
262659	1289000
7992	1280000
26162	1278000
43205	1270000
33438	1260000
8632	1254000
25885	1250000
7679	1250000
4651	1250000
5483	1240000
8220	1236000
45780	1233000
24033	1230000
30990	1230000
28716	1229000
23889	1224000
2687	1223000
49477	1200000
45158	1196000
36924	1192000
23148	1190000
12731	1187500
44053	1186400
12956	1185000
9500	1170000
9924	1163800
21385	1162800
266470	1155976
262848	1150000
6407	1147000
2152	1141700
21502	1140000
9070	1140000
1680	1140000
29695	1140000
43646	1140000
21321	1140000
32184	1140000
39832	1140000
38819	1140000
42000	1140000
132132	1140000
45204	1140000
6848	1140000
49685	1140000
7415	1140000
6471	1140000
35213	1132000
39912	1130000
38858	1130000
48919	1124000
28171	1120000
12392	1120000
6922	1120000
4788	1118500
137831	1110000
262773	1109000
17709	1100000
41798	1100000
59930	1100000
37168	1099000
15830	1085000
138132	1083000
262428	1080000
37153	1080000
5769	1070000
6181	1070000
262729	1070000
41998	1060000
35432	1058000
9031	1057000
8462	1055000
11758	1050000
43561	1044000
9365	1040000
264668	1032000
265937	1030000
5511	1020000
46	1020000
52005	1020000
9342	1018000
12871	1010000
262807	1002500
10310	1000000
263665	1000000
23693	1000000
7862	1000000
49374	1000000
133612	990000
17941	990000
13189	987000
28624	980000
15502	980000
51500	980000
49158	970000
13193	969000
26803	969000
266989	960000
11979	960000
17885	960000
31272	954800
25899	950000
7670	950000
13249	950000
7632	950000
34700	950000
42830	950000
197482	950000
19324	950000
35362	950000
327987	950000
50473	950000
9902	949000
262778	947000
51069	940000
9729	938000
12129	930000
36040	930000
13576	930000
19108	920000
263080	920000
8452	920000
719	920000
15085	910000
27988	902000
20347	900000
50129	900000
62044	900000
137	898000
206819	893000
28331	890000
58601	880000
22616	880000
37282	879000
34244	875000
53184	870960
15419	870000
262468	860000
7049	860000
61102	860000
11814	859000
14026	855000
559	850000
10036	850000
4787	840000
30838	840000
31898	840000
58530	836000
14969	832000
327991	830000
265399	830000
45558	830000
36236	825000
26554	823000
23498	820000
9667	820000
131917	820000
43668	820000
136743	820000
52551	814650
63242	810000
49824	810000
58580	807000
22724	802000
30419	800000
51852	800000
62668	800000
59783	800000
24130	798000
12678	798000
21371	790000
38466	790000
53065	789000
19165	788000
12041	788000
28202	783000
3267	780900
132296	780000
210278	780000
6067	779000
15958	779000
9044	777000
6447	776800
36937	775000
9650	772000
27747	770000
39642	770000
267469	770000
16302	767500
8365	760000
29422	760000
11096	760000
17819	760000
25577	760000
39102	760000
36351	760000
39704	760000
20845	760000
60339	760000
31242	760000
8535	760000
15517	760000
1424	760000
13147	760000
8866	760000
41678	760000
28666	760000
28267	760000
8448	760000
19996	760000
18260	760000
41164	760000
35193	760000
58209	760000
47242	760000
25255	760000
48634	760000
54998	760000
22147	760000
8445	760000
5403	760000
10118	760000
17054	760000
262664	760000
197451	760000
56038	760000
3261	760000
17012	760000
132680	760000
48620	760000
50204	760000
44735	760000
28576	760000
13807	760000
12709	760000
27919	760000
40526	760000
3754	760000
28554	760000
30818	760000
6307	760000
135262	760000
266167	760000
55182	760000
27925	760000
266931	760000
52579	759000
20144	754000
27524	750000
25668	750000
17924	750000
262476	750000
11550	750000
24703	750000
264215	750000
4657	746000
47481	745000
28649	741000
53037	740000
58941	740000
64220	740000
54827	740000
14492	737000
3320	735000
38333	730000
4635	722000
28330	721000
21413	720000
10158	720000
56444	720000
47422	720000
34305	720000
8308	719000
1828	719000
27589	716000
37417	716000
32286	715000
5391	710000
18278	710000
50643	710000
24751	710000
58243	710000
263616	710000
267484	710000
11666	708000
3300	705000
44843	704000
16735	700000
18182	700000
52696	700000
53240	700000
41206	700000
26446	700000
41018	699000
45638	697000
14340	693400
26496	690000
30041	690000
1241	690000
262731	690000
64315	687000
17665	686500
34610	684000
197888	684000
10098	681900
48166	681000
35717	680000
63290	680000
55002	680000
17922	679000
8968	679000
262760	678000
17583	670000
8674	668000
56396	660000
28229	660000
28191	660000
202023	660000
38987	658000
9299	656000
136784	655000
7782	650000
43729	650000
7600	648000
24324	646000
16570	646000
38107	640000
21232	640000
40029	640000
44416	640000
25019	640000
263421	638000
22691	635000
13000	631000
37693	630000
60169	630000
12859	627000
33011	627000
134697	626900
37678	622000
1239	620000
16700	620000
28665	620000
30950	620000
41194	620000
14361	614000
28125	614000
41552	611000
24916	610000
29009	610000
20773	610000
24277	610000
21488	610000
16110	610000
13786	610000
8487	608400
12310	608000
7311	608000
56258	608000
35761	608000
10003	606000
35745	605000
20121	601000
9264	600000
44684	600000
26120	600000
59776	600000
21808	600000
32440	600000
44066	600000
47872	600000
10029	598000
45352	594700
262865	592000
63516	590000
133403	590000
12847	590000
1836	589000
3701	589000
8399	589000
3262	589000
17547	589000
31463	589000
199319	589000
38327	586000
6677	580000
9749	580000
36873	580000
52468	580000
396356	580000
30539	579000
18283	579000
11142	579000
20459	579000
262847	575000
12654	571900
10835	571900
23930	571000
57866	571000
701	570000
2381	570000
237	570000
6695	570000
2529	570000
12306	570000
40511	570000
36944	570000
39605	570000
11403	570000
26163	570000
9008	570000
48918	570000
1406	570000
8530	570000
33083	570000
25148	570000
18268	570000
34056	570000
39545	570000
36012	570000
26677	570000
36280	570000
10302	570000
2614	570000
55569	570000
23786	570000
47708	570000
47264	570000
36222	570000
35805	570000
38651	570000
262403	570000
13825	570000
61374	570000
52752	570000
51409	570000
9993	570000
3128	570000
10578	570000
63270	570000
3252	570000
262485	570000
9834	570000
53078	570000
394497	570000
9029	570000
16851	570000
36734	570000
30028	570000
42981	570000
41508	570000
18747	570000
48956	570000
35434	570000
196729	570000
202103	570000
202196	570000
29107	570000
18255	570000
45011	570000
39251	570000
8819	570000
131937	570000
39507	570000
205139	570000
21777	561000
21409	560000
1422	560000
59384	560000
56931	560000
8540	560000
9957	559000
136557	557000
41420	550000
262434	550000
9997	550000
327901	550000
53152	550000
34120	550000
132215	549000
7475	545700
37613	544000
7671	540000
18450	540000
45269	540000
39551	540000
131934	540000
15598	540000
3302	539000
199503	539000
13122	534000
27955	532000
23089	530000
43656	530000
49290	530000
9246	529000
262505	529000
35575	525000
38758	525000
4780	524000
133120	522500
39899	520200
59900	520000
39444	520000
34058	520000
9457	520000
136907	520000
15377	520000
37697	520000
13896	519000
3257	518000
224	513000
58057	511000
19318	510000
22742	510000
17534	510000
59536	510000
18200	510000
45031	510000
28370	510000
134139	510000
131912	510000
202409	510000
263055	500000
37892	500000
50050	500000
26077	500000
131160	500000
267590	500000
133496	500000
20394	500000
10010	500000
37358	496000
266448	495000
13009	494000
3225	494000
56308	491000
40581	490000
262444	490000
1659	490000
262343	490000
26133	490000
61157	490000
28166	488000
12693	487500
7713	482000
6473	480000
4818	480000
23783	480000
23114	480000
52751	480000
132770	480000
21559	480000
59460	480000
1759	480000
35640	480000
41275	480000
7385	480000
17717	480000
55329	478000
197727	477000
12387	470000
40220	470000
54329	470000
17882	470000
19189	470000
10002	470000
23778	470000
22697	470000
9297	469000
133930	468000
61189	467000
262532	465920
47195	465000
31727	460000
44788	460000
11835	460000
23314	460000
53080	460000
4557	460000
32505	460000
21367	460000
137280	460000
37468	460000
60474	459800
52937	458000
41096	458000
22363	456000
59699	455600
19889	455000
42	453500
13370	450000
23704	450000
32233	450000
32217	444000
58307	442000
38322	440000
6679	440000
7162	440000
199408	440000
6663	438000
12350	437000
37150	437000
26613	437000
42456	435100
16839	435000
132255	434000
20910	432000
34803	430000
53147	430000
24709	429000
15763	426500
37254	426000
11014	425000
56828	424000
28258	422000
5541	420000
4770	420000
16243	420000
54665	420000
55785	420000
52689	420000
42504	420000
263880	420000
40317	420000
199995	420000
34245	418000
24852	418000
327698	418000
204053	418000
204222	418000
51060	418000
44646	418000
23105	417000
262732	416000
201054	415000
15399	411000
10094	410000
50629	410000
53115	410000
40217	410000
35709	410000
62040	408576
327984	408000
50083	408000
55720	406000
25818	402300
28605	402000
18150	400000
37105	400000
56030	400000
15440	400000
56329	400000
26479	400000
38861	400000
35614	400000
56309	400000
262595	400000
23059	400000
376	400000
37611	400000
10490	399000
7752	399000
16586	399000
27008	399000
4844	399000
16371	399000
13243	399000
4628	399000
22772	399000
25460	399000
57353	399000
50272	399000
262516	399000
28978	399000
262441	399000
49102	399000
199723	399000
200889	399000
60191	399000
51018	396000
58396	395000
28201	394000
197113	394000
200539	392000
8343	391000
10021	390000
8544	390000
28349	390000
37515	390000
9146	390000
24572	390000
199250	390000
263998	390000
54198	390000
37028	389900
262794	388880
24183	388000
263482	386500
7610	385740
262854	385000
53187	384000
9293	383000
12996	383000
39184	382000
266211	382000
9435	382000
9245	381700
23678	381000
55805	381000
202004	381000
8607	380000
15422	380000
25441	380000
25309	380000
35028	380000
3605	380000
8897	380000
27552	380000
6315	380000
15366	380000
16713	380000
30914	380000
25761	380000
12312	380000
31477	380000
16082	380000
5467	380000
20161	380000
8732	380000
2544	380000
2044	380000
21221	380000
12969	380000
855	380000
34594	380000
8608	380000
13868	380000
35819	380000
36416	380000
8057	380000
48971	380000
8903	380000
17514	380000
1930	380000
32869	380000
8896	380000
11030	380000
50295	380000
34555	380000
18678	380000
15474	380000
9186	380000
49788	380000
17955	380000
59835	380000
34456	380000
394739	380000
7642	380000
8821	380000
55480	380000
47155	380000
10297	380000
21099	380000
62047	380000
5619	380000
35017	380000
50606	380000
10973	380000
13730	380000
1251	380000
23316	380000
19169	380000
14265	380000
51243	380000
18129	380000
43833	380000
46043	380000
393223	380000
3333	380000
18978	380000
60955	380000
20836	380000
22799	380000
28224	380000
28667	380000
11815	380000
8055	380000
28668	380000
7057	380000
37596	380000
26609	380000
12338	380000
62752	380000
61231	380000
32204	380000
393523	380000
62715	380000
36112	380000
263311	380000
53597	380000
57864	380000
44356	380000
26292	380000
199860	380000
12670	380000
197013	380000
10733	380000
13739	380000
11468	380000
6994	380000
31950	380000
54527	380000
11924	380000
262696	380000
11280	380000
17310	380000
24611	380000
6325	380000
63124	380000
20952	380000
28310	380000
20850	380000
14627	380000
46435	380000
33713	380000
263535	380000
4809	380000
41046	380000
23669	380000
9615	380000
10001	380000
202119	380000
24249	380000
58589	380000
25083	380000
44914	380000
37439	380000
134053	380000
20717	380000
20715	380000
200852	380000
38924	380000
22442	380000
12735	380000
54290	380000
29866	380000
11240	380000
18419	380000
6122	380000
13977	380000
47438	380000
262457	380000
35205	380000
56890	380000
62499	380000
27618	380000
41549	380000
32212	380000
48793	380000
27216	380000
17726	380000
202895	380000
15669	380000
264437	380000
56282	380000
61584	380000
51619	380000
198537	380000
41026	380000
200594	380000
198948	380000
197667	380000
24271	380000
198418	380000
28545	380000
47254	380000
58863	380000
34092	380000
60860	380000
43509	380000
198525	380000
52106	380000
51636	380000
206890	380000
41160	380000
204126	380000
48503	380000
50705	380000
51390	380000
5582	380000
50767	380000
43571	380000
133206	380000
202228	380000
62622	380000
43679	380000
135814	380000
21171	380000
395466	380000
13381	380000
58942	380000
58943	380000
63839	380000
63832	380000
64219	380000
64222	380000
58548	380000
395383	380000
394625	380000
24745	380000
198551	380000
15924	380000
3662	380000
203165	380000
39431	380000
206314	380000
2590	380000
53231	380000
6917	380000
61917	380000
28658	380000
3479	380000
134312	380000
39840	380000
39871	380000
45187	380000
198371	380000
394308	380000
15659	380000
34612	380000
4673	380000
56635	380000
57279	380000
35539	380000
55872	380000
201105	380000
7337	380000
61053	380000
264450	380000
56864	380000
31004	380000
18390	380000
17608	380000
17889	380000
39798	380000
198612	380000
54578	380000
25454	380000
267530	380000
15624	380000
393979	380000
33166	380000
264023	380000
36493	380000
32564	380000
7838	380000
135662	380000
34702	380000
137562	380000
262456	380000
48287	380000
31200	380000
132692	380000
27745	380000
60415	380000
27924	379000
22438	376000
34577	375500
28130	374000
6619	372000
52908	370000
28145	370000
52531	370000
9694	370000
328278	370000
62282	370000
20804	365000
264493	365000
37699	362000
267201	362000
266341	361000
13536	360000
59899	360000
27364	360000
265206	360000
265130	360000
37701	360000
64216	360000
395081	360000
206548	360000
48452	360000
13329	360000
2682	360000
46276	360000
328437	360000
131744	359000
61438	353300
1280	351000
328146	351000
13360	350000
51706	350000
264543	350000
9946	350000
37317	350000
132528	350000
33763	349000
43607	349000
136119	346000
16211	345500
53171	345000
8763	344000
57169	342000
55581	340700
16150	340000
17356	340000
22561	340000
5056	340000
17506	340000
4581	340000
15054	340000
290	340000
135739	340000
136838	340000
8895	340000
51048	340000
266444	340000
55943	340000
205881	340000
14593	340000
23540	340000
263009	340000
32261	340000
61323	340000
9416	339000
44654	338400
12470	338000
28359	338000
37157	337000
262594	336000
2857	335000
62455	335000
55666	332500
38623	330500
23700	330000
50821	330000
10019	330000
262699	330000
327824	330000
5518	330000
50153	330000
199585	330000
50073	330000
264270	330000
137912	330000
60893	330000
397095	330000
44061	330000
11377	327680
5564	327000
263544	326000
4851	323000
31257	322000
52662	321700
30212	320000
20771	320000
45356	320000
17809	320000
262293	320000
11708	320000
264005	320000
266409	320000
18274	320000
202120	320000
37340	320000
131920	320000
58713	320000
56318	320000
53156	320000
394073	320000
264150	320000
49624	320000
27901	320000
3238	320000
6799	320000
264556	320000
262548	317000
395561	315000
45437	314000
45931	311900
131745	310500
30972	310000
15576	310000
22652	310000
28309	310000
31115	310000
262150	310000
132323	310000
265496	310000
267624	310000
28250	309000
12676	308000
63859	308000
203658	308000
135060	307000
28131	306000
132453	305000
52940	305000
34087	304000
24535	304000
200043	304000
16245	300000
35916	300000
39090	300000
52962	300000
22085	300000
26827	300000
53196	300000
8387	300000
262676	300000
263427	300000
263347	300000
264367	300000
13767	300000
35237	300000
134220	300000
52007	300000
29588	300000
2526	300000
4652	300000
7381	300000
48422	300000
32703	300000
5078	300000
29073	300000
33588	300000
47147	300000
13999	300000
132146	295000
34934	294000
199434	294000
393891	294000
268331	293600
328170	293000
264052	292000
35619	291500
7784	290000
49835	290000
54540	290000
264582	290000
32798	290000
264460	288800
18059	288000
265061	288000
262715	285000
52930	285000
197588	285000
266131	285000
32299	282000
262365	282000
45629	282000
197133	281400
267521	281000
34106	280000
41572	280000
6739	280000
262765	280000
62523	280000
52694	280000
262983	280000
8680	280000
263321	280000
266468	280000
395332	280000
41691	280000
268221	280000
50698	280000
9795	280000
32415	280000
9136	280000
266453	280000
6846	280000
61201	280000
198792	280000
262409	279000
38511	278000
132476	275300
61573	273500
16374	273000
398131	272500
20960	272000
14380	272000
37700	272000
43142	272000
57463	271000
28294	270960
3856	270560
12360	270000
28591	270000
262493	270000
264359	270000
132934	270000
264111	270000
264223	270000
4857	270000
28134	269600
262537	267000
39792	266000
57119	266000
24186	266000
196879	266000
12455	266000
8752	264040
28209	264000
266498	262000
202414	262000
41202	262000
37273	261000
39869	260000
15497	260000
27887	260000
262744	260000
200052	260000
199335	260000
61871	260000
58708	260000
263516	260000
263982	260000
134033	260000
57249	260000
59964	260000
41693	260000
52766	260000
265359	260000
267075	260000
10947	260000
131627	260000
136518	260000
263779	260000
18676	260000
27984	260000
209116	260000
51918	258000
55862	258000
137367	258000
59842	257000
263237	256000
58376	256000
3462	255000
25542	254000
12703	254000
12926	254000
56246	253000
72	253000
198517	253000
133840	253000
38583	252000
10594	250000
24105	250000
38657	250000
20718	250000
15191	250000
263405	250000
263626	250000
64255	250000
264564	250000
265886	250000
210	250000
14860	250000
52888	248000
264397	248000
5416	248000
20634	247000
4775	247000
14717	247000
14701	247000
5118	247000
63928	247000
197473	247000
44964	247000
39823	247000
1342	242800
264575	242048
38220	242000
37645	242000
17828	242000
15699	241000
262463	240480
29686	240000
14793	240000
803	240000
6295	240000
14828	240000
264344	240000
263625	240000
25615	240000
266156	240000
265019	240000
7539	240000
7131	240000
137557	240000
133380	240000
328417	240000
133898	240000
47478	240000
9976	240000
45298	240000
13649	240000
3910	240000
45896	239000
39279	239000
328242	239000
37333	238000
262318	238000
263394	238000
51795	237500
50572	236000
43406	236000
46723	236000
56449	235000
21859	234000
262725	233000
262761	232000
42511	232000
9038	231200
263542	231000
55359	231000
34006	230090
10075	230000
28284	230000
25447	230000
59497	230000
22177	230000
15280	230000
46455	230000
62943	230000
263329	230000
53211	230000
265278	230000
35007	230000
6718	230000
44692	230000
263445	230000
61588	230000
61751	230000
136521	230000
267289	230000
202709	230000
35176	230000
8647	230000
33182	229000
43545	229000
36149	229000
24338	229000
5430	228000
6130	228000
17660	228000
20969	228000
4927	228000
43708	228000
34108	228000
8902	228000
58451	228000
34790	228000
21430	228000
49455	228000
57356	228000
58779	228000
58980	228000
198736	228000
263265	228000
199846	228000
35306	228000
197400	228000
7656	228000
52666	228000
57513	228000
2847	228000
39067	228000
61709	227000
8246	226000
28124	224000
200781	224000
263336	224000
61512	223500
49888	222300
132449	222000
132976	221024
13002	221000
7568	220000
18077	220000
4058	220000
28277	220000
28153	220000
36866	220000
58965	220000
17077	220000
263702	220000
264517	220000
46155	220000
8369	220000
203942	220000
396125	220000
46375	220000
52772	220000
35612	220000
34347	219000
20764	218000
52439	218000
32867	218000
8280	218000
202454	218000
13272	217000
14633	217000
51263	216000
48539	214016
327962	214016
327756	214016
58495	213000
45411	212000
44099	212000
23913	212000
204805	212000
55259	212000
3908	212000
50316	211750
9155	211000
197091	210070
13354	210000
196968	210000
10299	210000
201081	210000
265032	210000
265086	210000
56373	210000
137575	210000
263271	210000
207972	210000
266608	210000
328388	210000
61602	210000
2915	209000
2153	209000
16186	209000
4150	209000
286	209000
30827	209000
35244	209000
26785	209000
24167	209000
8788	209000
29611	209000
23171	209000
5631	209000
29141	209000
39637	209000
42612	209000
25151	209000
31167	209000
48850	209000
16175	209000
47408	209000
39904	209000
11233	209000
6777	209000
36817	209000
1126	209000
28132	209000
17625	209000
36907	209000
53889	209000
29462	209000
23550	209000
327745	209000
28110	209000
15008	209000
262454	209000
262288	209000
262481	209000
4678	209000
32338	209000
20904	209000
51055	209000
60610	209000
262388	209000
64044	209000
24651	209000
20412	209000
199803	209000
133421	209000
29522	209000
38197	209000
47551	209000
7540	209000
38714	209000
56949	209000
198151	209000
47252	209000
198389	209000
201290	209000
197592	209000
197747	209000
197262	209000
198401	209000
198040	209000
199754	209000
50550	209000
199978	209000
200176	209000
25509	209000
263396	209000
42490	209000
198380	209000
49409	209000
31726	209000
133616	209000
47626	209000
8194	209000
37720	209000
37675	209000
42947	209000
264138	209000
28287	208000
28226	208000
21485	207000
52438	206000
12779	205000
52660	205000
53587	205000
9244	205000
15188	205000
30851	204000
262706	204000
53102	204000
61094	204000
207073	204000
328216	204000
132894	203300
16206	203000
31708	202000
22556	202000
14576	202000
8637	201440
14537	201024
52866	201000
57731	201000
45305	201000
3303	200200
55429	200000
41690	200000
16814	200000
20712	200000
19750	200000
262903	200000
39351	200000
262675	200000
15433	200000
133590	200000
40731	200000
58689	200000
15011	200000
63774	200000
55766	200000
8803	200000
20618	200000
56655	200000
268819	200000
24532	200000
134369	200000
205473	200000
60171	200000
24955	200000
8757	200000
39572	200000
30813	199500
51948	199500
327750	199456
42093	199000
37619	199000
263584	199000
264268	199000
29834	198000
18229	198000
59288	198000
58821	198000
9280	197000
53195	197000
45280	196000
37276	196000
36923	196000
28169	195200
263154	195000
264598	194960
28183	194560
29918	194560
61686	194560
196695	194560
53107	194560
24043	194000
18351	194000
62597	193000
29608	192900
17306	192640
23871	192200
48559	192000
132857	192000
58299	192000
15447	192000
28154	192000
42669	191900
264811	191000
131296	190960
60261	190000
63311	190000
7091	190000
8560	190000
8190	190000
5605	190000
30176	190000
26347	190000
29748	190000
21947	190000
12008	190000
35985	190000
23686	190000
24121	190000
9989	190000
11537	190000
24931	190000
6623	190000
23260	190000
31736	190000
17645	190000
36683	190000
6423	190000
31400	190000
3512	190000
29208	190000
24642	190000
35843	190000
43683	190000
5539	190000
26792	190000
39598	190000
23265	190000
13041	190000
43284	190000
5577	190000
42227	190000
35332	190000
11051	190000
42184	190000
13692	190000
8744	190000
29562	190000
47172	190000
47841	190000
47215	190000
11995	190000
47344	190000
33737	190000
48943	190000
46484	190000
47490	190000
11664	190000
45668	190000
38478	190000
33139	190000
20985	190000
33796	190000
12316	190000
47143	190000
11071	190000
21250	190000
12188	190000
33470	190000
41601	190000
52892	190000
11922	190000
59895	190000
11798	190000
29404	190000
22546	190000
53131	190000
513	190000
46849	190000
22653	190000
14116	190000
45711	190000
8728	190000
44160	190000
53070	190000
29037	190000
46793	190000
16095	190000
19531	190000
51929	190000
6723	190000
23627	190000
13857	190000
21525	190000
24554	190000
19844	190000
10024	190000
41412	190000
25764	190000
6336	190000
12578	190000
600	190000
53175	190000
32613	190000
23816	190000
19782	190000
27947	190000
197377	190000
48500	190000
17246	190000
32365	190000
54154	190000
26167	190000
10653	190000
45634	190000
43852	190000
34270	190000
54652	190000
21412	190000
18199	190000
25780	190000
9584	190000
53306	190000
8823	190000
53100	190000
1120	190000
44858	190000
12033	190000
11242	190000
42239	190000
54376	190000
50673	190000
16724	190000
132267	190000
10102	190000
54327	190000
63060	190000
57187	190000
7849	190000
58656	190000
199339	190000
25273	190000
58010	190000
60717	190000
27026	190000
41281	190000
8245	190000
57068	190000
18049	190000
33604	190000
262777	190000
28306	190000
28571	190000
262780	190000
14571	190000
12536	190000
11475	190000
10996	190000
17685	190000
38043	190000
57029	190000
11081	190000
199364	190000
29485	190000
54929	190000
29933	190000
262333	190000
14103	190000
57193	190000
40700	190000
33606	190000
55923	190000
36444	190000
18516	190000
32421	190000
33515	190000
40413	190000
10993	190000
23274	190000
26288	190000
62915	190000
25653	190000
5664	190000
28366	190000
196844	190000
40676	190000
262704	190000
31877	190000
32100	190000
15267	190000
22921	190000
15108	190000
52251	190000
18094	190000
133534	190000
262620	190000
10886	190000
53221	190000
27833	190000
20207	190000
6368	190000
262724	190000
52558	190000
14463	190000
24730	190000
61951	190000
11414	190000
133579	190000
57963	190000
198203	190000
62469	190000
30466	190000
262989	190000
52846	190000
262377	190000
42775	190000
43317	190000
54002	190000
262402	190000
264531	190000
264492	190000
53224	190000
53122	190000
27768	190000
36445	190000
133420	190000
28163	190000
61950	190000
9022	190000
199256	190000
262667	190000
62183	190000
50148	190000
56301	190000
28066	190000
32710	190000
24278	190000
133873	190000
49063	190000
198477	190000
10481	190000
42845	190000
11976	190000
327893	190000
5690	190000
16832	190000
40028	190000
393965	190000
61244	190000
9999	190000
25068	190000
262256	190000
134363	190000
42567	190000
31769	190000
263668	190000
4043	190000
263789	190000
18616	190000
25003	190000
132167	190000
48642	190000
26271	190000
59	190000
819	190000
32277	190000
263822	190000
61942	190000
263569	190000
29244	190000
263797	190000
25165	190000
25227	190000
201602	190000
133959	190000
198785	190000
7687	190000
11174	190000
8714	190000
42334	190000
16130	190000
43391	190000
58815	190000
263363	190000
28270	190000
28308	190000
11279	190000
53407	190000
262413	190000
35998	190000
17429	190000
29788	190000
53246	190000
19082	190000
15102	190000
55270	190000
21632	190000
25248	190000
52726	190000
51164	190000
52363	190000
20559	190000
18683	190000
54661	190000
19689	190000
135246	190000
52794	190000
134809	190000
52519	190000
8008	190000
394437	190000
328400	190000
264016	190000
52878	190000
58762	190000
45684	190000
202831	190000
52989	190000
197524	190000
45775	190000
264961	190000
201782	190000
327952	190000
52981	190000
62818	190000
198235	190000
199494	190000
51394	190000
133652	190000
32165	190000
27895	190000
197615	190000
43733	190000
264768	190000
27951	190000
46692	190000
57608	190000
262186	190000
27272	190000
263674	190000
35760	190000
50533	190000
200414	190000
199551	190000
51337	190000
134012	190000
35891	190000
60098	190000
29974	190000
262791	190000
35491	190000
60884	190000
57033	190000
394141	190000
27382	190000
36008	190000
55957	190000
11109	190000
206758	190000
52195	190000
199226	190000
7004	190000
57478	190000
60534	190000
27964	190000
39716	190000
41966	190000
59862	190000
202220	190000
7806	190000
395768	190000
52153	190000
262766	190000
50411	190000
41319	190000
395470	190000
265303	190000
395578	190000
50017	190000
42667	190000
135292	190000
49565	190000
23423	190000
395880	190000
134674	190000
1101	190000
11178	190000
23307	190000
59060	190000
197672	190000
51648	190000
13838	190000
202050	190000
395719	190000
133952	190000
394740	190000
57219	190000
201026	190000
394676	190000
34296	190000
14832	190000
58906	190000
29614	190000
6503	190000
61826	190000
45265	190000
12687	190000
12690	190000
25385	190000
202169	190000
131915	190000
202761	190000
131916	190000
265101	190000
196749	190000
205811	190000
61521	190000
328064	190000
196865	190000
135278	190000
27553	190000
53591	190000
53189	190000
135011	190000
265478	190000
198604	190000
38627	190000
23419	190000
24251	190000
262643	190000
7514	190000
28032	190000
206299	190000
36515	190000
50270	190000
28114	190000
63772	190000
328036	190000
6712	190000
22908	190000
41138	190000
17303	190000
38851	190000
52542	190000
53454	190000
6752	190000
265436	190000
198496	190000
56972	190000
42812	190000
327790	190000
393455	190000
41480	190000
265021	190000
40545	190000
62632	190000
53338	190000
35518	190000
394146	190000
62406	190000
25190	190000
266995	190000
19465	190000
27286	190000
137250	190000
40773	190000
54483	190000
13415	190000
204789	190000
266420	190000
204821	190000
199421	190000
32389	190000
49020	190000
267196	190000
44979	190000
20874	190000
266977	190000
267452	190000
263985	190000
134739	190000
263523	190000
205100	190000
43848	190000
31236	190000
196776	190000
5760	190000
31445	190000
23777	190000
51790	190000
132890	190000
394140	190000
27660	190000
63131	190000
263461	190000
64233	190000
267428	190000
38949	190000
41006	190000
197155	190000
265999	190000
134895	190000
202006	190000
51920	190000
1226	190000
262662	190000
25637	190000
47723	190000
37897	190000
11077	190000
262970	190000
131273	190000
197294	190000
18024	190000
131933	190000
54086	190000
57424	190000
200185	190000
55140	190000
136769	190000
40339	190000
196819	190000
29091	190000
11635	190000
132491	190000
263250	190000
29689	190000
198426	190000
27255	190000
49457	190000
61462	190000
138147	190000
41033	190000
47095	190000
59371	190000
397116	190000
202281	190000
267587	190000
131895	190000
196714	190000
197146	190000
209835	190000
44358	190000
50794	190000
49895	188000
200668	187000
395400	187000
51784	186300
201838	184000
41327	184000
262259	182000
61211	182000
13657	181000
2685	181000
11123	181000
53349	181000
20080	180000
31252	180000
35470	180000
13703	180000
16178	180000
37235	180000
18400	180000
53143	180000
263587	180000
6561	180000
48716	180000
25472	180000
265065	180000
264562	180000
197902	180000
63343	180000
264127	180000
61943	180000
15426	180000
200478	180000
37451	180000
134359	180000
32067	180000
46950	180000
50554	180000
63298	180000
30168	180000
35795	180000
262964	180000
37020	180000
39065	180000
16030	180000
61012	180000
23947	180000
262721	179000
53172	179000
199496	179000
138064	179000
7500	178000
202805	178000
4007	176300
132137	176128
262352	175860
55674	175700
53052	175000
262691	174080
17483	173000
133324	173000
25466	172000
12042	172000
57151	172000
11195	172000
262230	172000
57613	172000
61478	172000
31617	172000
47275	170800
32479	170000
24309	170000
203629	170000
61836	170000
32743	170000
262316	170000
136026	170000
48408	170000
20846	170000
3145	170000
12459	170000
264679	170000
3223	170000
25374	170000
262429	169000
57896	169000
64475	169000
327950	168000
38769	168000
58477	168000
62275	167000
48011	167000
133001	166860
6648	166000
56099	166000
25459	165000
49349	164000
61287	164000
63028	164000
13549	163000
18615	163000
135697	162000
64223	161000
45194	160048
6405	160000
394070	160000
21267	160000
19310	160000
395573	160000
9910	160000
132808	160000
57073	160000
33044	160000
52760	160000
23808	160000
197522	160000
23618	160000
14061	160000
138840	160000
328538	160000
8435	160000
265135	160000
7065	160000
37199	160000
64476	160000
10084	160000
268205	160000
12684	159000
40300	159000
33725	159000
25482	156672
53130	155000
262394	155000
263990	155000
21724	154000
36143	154000
33302	154000
35074	154000
57121	154000
33480	152768
11062	152640
57723	152360
14609	152000
35833	152000
51944	152000
21709	152000
21880	152000
35940	152000
133934	151100
53589	151000
26914	150000
7303	150000
18530	150000
42005	150000
9137	150000
39138	150000
14877	150000
59940	150000
62239	150000
52685	150000
4540	150000
52858	150000
134055	150000
25961	150000
55507	150000
31857	150000
328145	150000
199330	150000
60890	150000
131914	150000
396503	150000
28319	150000
11751	150000
37545	150000
394449	150000
19186	150000
3132	150000
23775	150000
210264	150000
264398	150000
14726	150000
133339	150000
35847	150000
13194	150000
28178	150000
137166	149504
202566	149000
205081	149000
9652	147000
21069	146000
8723	146000
263432	146000
327794	146000
202020	146000
198910	146000
51945	145400
263793	145000
42004	144000
10204	144000
262733	144000
58650	144000
39806	144000
43500	143360
133658	143000
31800	142900
6738	142900
58816	142000
55814	141000
30740	140000
20495	140000
15743	140000
18209	140000
9621	140000
23106	140000
262420	140000
262673	140000
17997	140000
29465	140000
262692	140000
267095	140000
22324	140000
60051	140000
268267	140000
20919	140000
39337	140000
265294	140000
397544	140000
265892	140000
328517	140000
58171	140000
14288	140000
267055	140000
264998	140000
137373	140000
39902	140000
397806	140000
33873	140000
133385	140000
134705	140000
58820	139000
208477	138800
19117	136000
26531	136000
54225	136000
327826	136000
262474	136000
262610	136000
132771	136000
59214	134000
55653	133500
61666	133120
264404	133120
48728	133000
266152	133000
264524	133000
264552	132600
61730	132000
132931	132000
264425	132000
133676	132000
59945	132000
49028	132000
13054	131200
39543	131000
262417	131000
134881	130048
28219	130030
23465	130000
56910	130000
23860	130000
263314	130000
59444	130000
264294	130000
135607	130000
18407	130000
23379	130000
396040	130000
266430	130000
393434	130000
2588	130000
266961	130000
266144	130000
266721	130000
201447	130000
268133	130000
29900	130000
25837	130000
266968	130000
51520	130000
17197	130000
328480	130000
131896	130000
266192	130000
209208	130000
2675	130000
57276	130000
16342	130000
9952	130000
267348	130000
328365	130000
37154	129000
55219	129000
262819	129000
10881	128000
33920	128000
56286	128000
58940	127000
17978	127000
60690	127000
394530	127000
328327	127000
265147	126000
262901	126000
5524	125000
52977	123500
268323	122000
268952	122000
7606	122000
39192	121000
6798	121000
45766	121000
16265	120000
21392	120000
48268	120000
2602	120000
12941	120000
61570	120000
264360	120000
33808	120000
262979	120000
263483	120000
328065	120000
206499	120000
200064	120000
263961	120000
264491	120000
39335	120000
48438	120000
40244	120000
35913	120000
37653	120000
267593	120000
263852	120000
204006	120000
208431	120000
26484	120000
266927	120000
266480	120000
15391	120000
7941	120000
19306	120000
264939	120000
37453	120000
44291	120000
14824	120000
4693	120000
55803	120000
198726	120000
268503	119000
37786	119000
26838	118192
18779	118000
20811	118000
263649	118000
28037	118000
262494	118000
52643	118000
37294	118000
52944	117000
7048	117000
263531	117000
2134	116000
199659	115900
7521	115000
52661	114576
21396	114000
198440	114000
57928	114000
264228	114000
49638	114000
38541	114000
43760	114000
266263	114000
50618	114000
8943	113600
9313	113000
15772	113000
33843	112000
59156	112000
45769	111000
33130	110800
262488	110768
20640	110000
4764	110000
62874	110000
262862	110000
263801	110000
52968	110000
52686	110000
53199	110000
204861	110000
36813	110000
209813	110000
6696	110000
264210	110000
265954	110000
267360	110000
37110	110000
46475	110000
199362	110000
19045	110000
43060	110000
35425	110000
327992	109216
44980	109000
7005	109000
56229	109000
59953	109000
263591	109000
42692	109000
53066	108000
9201	108000
39479	108000
13680	107000
131755	107000
264415	105800
38896	105000
37195	104000
15734	104000
263647	104000
9326	104000
24157	104000
48072	103400
51681	103000
136696	103000
262828	102500
18886	102400
263442	102000
33452	102000
63862	102000
206184	101376
29668	101000
57877	101000
61888	100500
50472	100200
22534	100010
29551	100000
39591	100000
15211	100000
24521	100000
23756	100000
55879	100000
262750	100000
25375	100000
28352	100000
263661	100000
11647	100000
36914	100000
265429	100000
24173	100000
45118	100000
267399	100000
196954	100000
42705	100000
45361	100000
32621	100000
4694	100000
264186	100000
52639	100000
41985	100000
207054	100000
12796	100000
20657	100000
205813	100000
209328	100000
328536	100000
327738	100000
45278	100000
45705	100000
27979	100000
9830	100000
57844	100000
9891	100000
35137	100000
207353	100000
398415	100000
33748	99000
44953	98000
43100	98000
4589	98000
29014	96000
59165	96000
137142	96000
133838	96000
262591	96000
5459	95000
42455	95000
53563	95000
49909	95000
5396	95000
17426	95000
203421	95000
264577	95000
50231	95000
131607	95000
61006	95000
52339	95000
45349	95000
49296	95000
267280	95000
58868	95000
61134	94208
262822	94000
265484	94000
137331	93000
17439	92160
58392	92000
28890	91500
21513	91000
6643	91000
51290	90000
53008	90000
203140	90000
61582	90000
134316	90000
38442	90000
54574	90000
263947	90000
263840	90000
266347	90000
394302	90000
6059	90000
29802	90000
202596	90000
10279	90000
10099	90000
48128	90000
24429	90000
135010	90000
262900	90000
2731	90000
31202	90000
29357	90000
50475	90000
14979	90000
53764	90000
262808	90000
131322	90000
56654	90000
262539	89500
328351	89000
56665	88200
132876	88000
13150	88000
12491	88000
12597	86000
18422	86000
200794	85600
31595	85500
52765	85000
262268	85000
138816	85000
9658	84000
262464	84000
9785	84000
264765	84000
26451	84000
37980	84000
8368	84000
3549	84000
48424	83600
198781	83000
52444	83000
262346	83000
53142	82288
53097	82250
8677	82000
201106	82000
48727	82000
24536	82000
59276	82000
12773	82000
34135	81700
37529	81000
31250	80500
58587	80000
134732	80000
262893	80000
199610	80000
263411	80000
263196	80000
138576	80000
1916	80000
7516	80000
21277	80000
37680	80000
52951	80000
263518	80000
269499	80000
46023	80000
20001	80000
19035	80000
133803	80000
17995	80000
138100	80000
19754	80000
16803	80000
23486	80000
45754	80000
45804	80000
265974	80000
27688	80000
3242	80000
328633	80000
42064	80000
264570	80000
267032	80000
24008	80000
31169	80000
198605	80000
199524	80000
58715	80000
28265	80000
23805	80000
58678	80000
33771	80000
263151	80000
267513	80000
205099	80000
9790	80000
201119	80000
44123	79800
31078	79700
131758	79000
53237	78850
198857	78800
263478	78500
267554	78000
264514	78000
52475	77824
42459	77500
53169	77000
263833	77000
33544	77000
29169	77000
136093	77000
59279	77000
30071	76900
263089	76700
38809	76500
3213	76000
41692	76000
33079	76000
24047	76000
25061	76000
39301	76000
8664	76000
32880	76000
34171	76000
25295	76000
42303	76000
48292	76000
55518	76000
20722	76000
197000	76000
29545	76000
47622	76000
29680	76000
20365	76000
133075	76000
199947	76000
27940	76000
28009	76000
263076	76000
327813	76000
38565	76000
4508	76000
55521	76000
30798	76000
28257	76000
37342	76000
45686	76000
263774	76000
199517	76000
14522	76000
206342	76000
262509	76000
328156	76000
263776	76000
61822	76000
265656	76000
23815	76000
327907	76000
43019	75400
60602	75300
52539	75000
28656	75000
34119	74000
16842	74000
203687	74000
55555	73000
393513	73000
53708	73000
262684	73000
32160	73000
266713	73000
136873	73000
265426	72344
34011	72000
47680	72000
328164	71680
265451	71680
59347	71000
35706	70000
41913	70000
45763	70000
52973	70000
53050	70000
47203	70000
264017	70000
11272	70000
201102	70000
207199	70000
134618	70000
268749	70000
269462	70000
139967	70000
138839	70000
62712	70000
33951	70000
265383	70000
16604	70000
396501	70000
393573	70000
196755	70000
139970	70000
56264	70000
135760	70000
32097	70000
197301	70000
18881	70000
40328	70000
393670	70000
134014	70000
58659	70000
4647	70000
23661	69000
51646	69000
7020	69000
52932	69000
37479	69000
23951	69000
38280	68000
262902	68000
263270	68000
132847	68000
264925	66492
49405	66000
16253	66000
17671	66000
135419	66000
268525	66000
38147	66000
8612	66000
11179	65000
264923	65000
135582	65000
250	64000
262730	64000
45287	64000
23628	64000
61928	64000
262374	64000
49787	64000
47096	64000
262557	63800
7908	63000
38753	63000
205344	63000
49463	62700
30999	62600
28279	62000
5505	62000
45707	62000
206478	62000
14551	61900
55685	61000
30880	60800
51254	60800
8301	60000
133854	60000
133613	60000
51569	60000
53356	60000
46595	60000
139225	60000
265158	60000
267522	60000
263067	60000
58482	60000
378	60000
36311	60000
210142	60000
57999	60000
265038	60000
267	60000
133296	60000
395471	60000
37783	60000
328395	60000
37682	60000
35699	60000
267815	60000
43533	60000
15960	60000
10103	60000
41088	60000
51088	60000
51395	60000
5662	60000
44513	60000
30259	60000
61805	60000
263124	60000
135193	60000
206125	60000
393420	60000
135098	60000
200738	60000
134715	60000
47043	60000
136522	60000
14642	60000
263258	60000
52201	60000
31430	60000
19969	60000
9374	60000
62856	60000
137079	60000
133070	60000
60316	60000
206067	60000
56971	60000
31273	60000
22873	58900
31235	58900
53165	58500
262792	58500
262336	58368
37996	58000
17666	58000
23074	58000
10022	58000
12902	57000
15657	57000
2128	57000
33419	57000
15766	57000
41391	57000
8784	57000
25593	57000
8513	57000
8553	57000
20915	57000
37986	57000
39636	57000
13826	57000
27822	57000
43013	57000
34304	57000
18559	57000
4677	57000
51906	57000
55644	57000
39287	57000
43858	57000
37519	57000
197617	57000
54119	57000
45348	57000
46156	57000
52352	57000
27879	57000
28590	57000
53218	57000
38289	57000
24195	57000
47027	57000
549	57000
9519	57000
34768	57000
133720	57000
262993	57000
203086	57000
36868	57000
35313	57000
134622	57000
135484	57000
198091	57000
37482	57000
197447	57000
61968	57000
263251	57000
266177	57000
39816	57000
62227	57000
136302	57000
48067	57000
197204	57000
16191	56900
27865	56900
263589	56320
6660	56000
37090	56000
53139	56000
3067	56000
28323	56000
266630	56000
28292	56000
10135	55900
12502	55000
62838	55000
17069	55000
18840	55000
134707	55000
137410	55000
58460	55000
266972	55000
268548	55000
39505	55000
208751	55000
15589	54946
197692	54400
4434	54220
57633	54000
11046	54000
18103	54000
138296	54000
29838	54000
38527	54000
50837	53000
136377	53000
2595	52000
32563	52000
132220	52000
17482	52000
32437	52000
19551	52000
45528	51200
133275	51200
43890	51000
53088	51000
21140	51000
136373	51000
263283	51000
56381	50400
133389	50000
53230	50000
55256	50000
201754	50000
203261	50000
133410	50000
394151	50000
1640	50000
54506	50000
33164	50000
12857	50000
207588	50000
131960	50000
266059	50000
270299	50000
264596	50000
269208	50000
24299	50000
38081	50000
62819	50000
9751	50000
37356	50000
64313	50000
60816	50000
267278	50000
55003	50000
56668	50000
137001	50000
263155	50000
11767	50000
31042	50000
12883	50000
56528	50000
139734	50000
13681	50000
49192	50000
22941	50000
31452	50000
6515	50000
34718	50000
29785	50000
328598	50000
39029	50000
22591	50000
17378	50000
33445	50000
11383	50000
17707	50000
59112	50000
262868	50000
17113	50000
133315	50000
263049	50000
264331	50000
61873	50000
17253	50000
61186	50000
135126	50000
28142	50000
270600	50000
265141	49152
8545	49000
9129	49000
34624	48600
30132	48000
13135	48000
43323	48000
45288	48000
8565	47700
55832	47672
13237	47500
28657	47500
135526	47500
6851	47000
12143	47000
131584	47000
28773	47000
266346	47000
56550	47000
44431	46500
20621	46500
53093	46000
263308	46000
264723	46000
262770	46000
137352	46000
136841	46000
17920	45000
204196	45000
201214	45000
43942	44000
36731	44000
46886	44000
394330	44000
9381	44000
24204	43400
328160	43100
58404	43000
48504	43000
35585	43000
31126	42380
52965	42000
37656	42000
25943	42000
35695	42000
265972	42000
262453	42000
263378	42000
59155	42000
38310	41984
9104	41800
41090	41800
24028	41800
44295	41800
199660	41800
199150	41800
4777	41000
12975	41000
28065	41000
134021	41000
14259	41000
61895	40960
9153	40300
262756	40240
13357	40170
49605	40000
262952	40000
47727	40000
45498	40000
200428	40000
262645	40000
266400	40000
138570	40000
268126	40000
209400	40000
34569	40000
38524	40000
34762	40000
55352	40000
262772	40000
262387	40000
327849	40000
134326	40000
262612	40000
263495	40000
35280	40000
61056	40000
265188	40000
133372	40000
393490	40000
56583	40000
262470	40000
267242	40000
269075	40000
394581	40000
262898	40000
266298	40000
207310	40000
42156	40000
270436	40000
56472	40000
207274	40000
268546	40000
1410	40000
47116	40000
26388	40000
13951	40000
30622	40000
266853	40000
3737	40000
62240	40000
32425	40000
49690	40000
134293	40000
394994	40000
202766	40000
133680	40000
58430	40000
25853	40000
44030	40000
25091	40000
17939	40000
38195	40000
8660	40000
61174	40000
265962	40000
63920	40000
134090	40000
50154	40000
206141	40000
213065	40000
200070	40000
264969	40000
138263	40000
206389	40000
60113	40000
61020	40000
8554	39900
33845	39900
29286	39900
53116	39900
41153	39900
34683	39600
136632	39384
36965	39000
264518	39000
58500	39000
263739	38916
10704	38912
17754	38912
328032	38912
203885	38912
56507	38912
135301	38500
58408	38456
134375	38192
20799	38000
29452	38000
5409	38000
8195	38000
3224	38000
33811	38000
23712	38000
52243	38000
23711	38000
30962	38000
9710	38000
2863	38000
39104	38000
28001	38000
31383	38000
26228	38000
25152	38000
12634	38000
34997	38000
34021	38000
34781	38000
15782	38000
13284	38000
44514	38000
29083	38000
35156	38000
24973	38000
41960	38000
45037	38000
35584	38000
40015	38000
9583	38000
23752	38000
29846	38000
48484	38000
37652	38000
11796	38000
50032	38000
13722	38000
47836	38000
23829	38000
17961	38000
8587	38000
53424	38000
24753	38000
16523	38000
35719	38000
24951	38000
50244	38000
50763	38000
14232	38000
33835	38000
44902	38000
38437	38000
41289	38000
45816	38000
13157	38000
31662	38000
17088	38000
12775	38000
57315	38000
1304	38000
51896	38000
51483	38000
37312	38000
45932	38000
53727	38000
9123	38000
197422	38000
24029	38000
49604	38000
23949	38000
27665	38000
58560	38000
52462	38000
42204	38000
24518	38000
24550	38000
44608	38000
35799	38000
33522	38000
15072	38000
56990	38000
18206	38000
49300	38000
39783	38000
198423	38000
12290	38000
20555	38000
16168	38000
42400	38000
8789	38000
31328	38000
59410	38000
29263	38000
51406	38000
16174	38000
50737	38000
9328	38000
35834	38000
197653	38000
43190	38000
53698	38000
35180	38000
48972	38000
25093	38000
5602	38000
43252	38000
28757	38000
53494	38000
59620	38000
28239	38000
28141	38000
53140	38000
133023	38000
132837	38000
53869	38000
3324	38000
9165	38000
3220	38000
37628	38000
10133	38000
54523	38000
262500	38000
53861	38000
29881	38000
263499	38000
53178	38000
28615	38000
37775	38000
29583	38000
262933	38000
63034	38000
47228	38000
23673	38000
62537	38000
52431	38000
7772	38000
262737	38000
10617	38000
52323	38000
202042	38000
61924	38000
52877	38000
36898	38000
16162	38000
60899	38000
28216	38000
18046	38000
41059	38000
201791	38000
56182	38000
55652	38000
28327	38000
264470	38000
26563	38000
18393	38000
39072	38000
200700	38000
55427	38000
58627	38000
327939	38000
31459	38000
36909	38000
59933	38000
393874	38000
203851	38000
264590	38000
393350	38000
134295	38000
55699	38000
61397	38000
52911	38000
43558	38000
393662	38000
328023	38000
13006	38000
201990	38000
11399	38000
204019	38000
52079	38000
198416	38000
22518	38000
199410	38000
45561	38000
47627	38000
15190	38000
135543	38000
63529	38000
60458	38000
263070	38000
198391	38000
37324	38000
9893	38000
21774	38000
203741	38000
206894	38000
52009	38000
197418	38000
199413	38000
39107	38000
199338	38000
56783	38000
48742	38000
40752	38000
39560	38000
52101	38000
203548	38000
327751	38000
203230	38000
39729	38000
57221	38000
203223	38000
8550	38000
132734	38000
207101	38000
23169	38000
198591	38000
44974	38000
44503	38000
199451	38000
39566	38000
202971	38000
41882	38000
52909	38000
262195	38000
206373	38000
58894	38000
42180	38000
26198	38000
263675	38000
263728	38000
5401	38000
264815	38000
52680	38000
36640	38000
58927	38000
60430	38000
262518	38000
198891	38000
12630	38000
15035	38000
205296	38000
64234	38000
265806	38000
17537	38000
206442	38000
200480	38000
135869	38000
134856	38000
5500	38000
197645	38000
204536	38000
266866	38000
58146	38000
138174	38000
55679	38000
135843	38000
12565	38000
18350	38000
138009	38000
200278	38000
8393	38000
5406	38000
205442	38000
328423	37888
21101	37600
14280	37000
34486	37000
7829	37000
16467	37000
3561	37000
25976	37000
11190	37000
30295	37000
45839	37000
59560	37000
54643	37000
49855	37000
327960	37000
265639	37000
35655	36600
20832	36200
15290	36000
199283	36000
49360	36000
52967	36000
132004	36000
137851	36000
264996	36000
396472	36000
138995	36000
34549	36000
28244	36000
4765	35250
30129	35000
45725	35000
37002	35000
52938	35000
48685	35000
45706	35000
49088	35000
36217	34900
31543	34900
52300	34816
8038	34000
38235	34000
62502	34000
134325	34000
60670	34000
202867	34000
60917	34000
29424	34000
266598	34000
17538	34000
209218	33664
202322	33600
138211	33300
23709	33000
14390	33000
26788	33000
33125	33000
28207	33000
58910	33000
59185	33000
7597	33000
262296	33000
133660	33000
205388	33000
137295	33000
55670	33000
8486	33000
48920	32900
198721	32500
50467	32200
53459	32000
33082	32000
33072	32000
30134	32000
30128	32000
33558	32000
8222	32000
12835	32000
198184	32000
41847	32000
38506	32000
60134	32000
29104	32000
200438	32000
265699	32000
137246	32000
45937	32000
133971	32000
24132	32000
263869	32000
55247	32000
131717	32000
45312	32000
16685	32000
25471	31200
21263	31100
4666	31000
48846	31000
267088	31000
137121	31000
138359	31000
37347	31000
17374	30900
30447	30160
15594	30000
33077	30000
31715	30000
36943	30000
15692	30000
44314	30000
37576	30000
59954	30000
22080	30000
51023	30000
42300	30000
206640	30000
262889	30000
64115	30000
206404	30000
269060	30000
210323	30000
45184	30000
135223	30000
34655	30000
41349	30000
17604	30000
5583	30000
22302	30000
58882	30000
1351	30000
9607	30000
135753	30000
197140	30000
33922	30000
21211	30000
38067	30000
9268	30000
45177	30000
396071	30000
7979	30000
19661	30000
205891	30000
136800	30000
204810	30000
208457	30000
205790	30000
14327	30000
28234	30000
263891	30000
22128	30000
266275	30000
30174	30000
37908	30000
13728	30000
38571	30000
136515	30000
50469	30000
263346	30000
1441	30000
137945	30000
266130	30000
398454	30000
138428	30000
52424	30000
263218	30000
264637	30000
266925	30000
17473	29800
7717	29700
51514	29000
28073	29000
136885	29000
138829	29000
48712	28500
47850	28500
327922	28500
267588	28002
30123	28000
8491	28000
35223	28000
50683	28000
49792	28000
38200	28000
25590	28000
137080	28000
198093	27900
44141	27600
4608	27200
7522	27000
24523	27000
20928	27000
23696	27000
201333	27000
7628	27000
200392	27000
37109	27000
52869	26624
263480	26500
267062	26500
200983	26100
42476	26000
29215	26000
40528	26000
16876	26000
27916	26000
54042	26000
264130	26000
133881	26000
203640	26000
133797	26000
201508	26000
262755	26000
267102	26000
43369	26000
209261	26000
394914	26000
37627	26000
397524	26000
33791	26000
133817	26000
139909	26000
3599	25500
2484	25200
50620	25000
132774	25000
22750	25000
47169	25000
45650	25000
135465	25000
262788	25000
131775	25000
209086	25000
29446	25000
61064	25000
55789	25000
262811	24800
266374	24576
25572	24000
28707	24000
52625	24000
5692	24000
60157	24000
53197	24000
264009	24000
202918	24000
131303	24000
266028	24000
61929	24000
267117	24000
34936	24000
134643	24000
136131	24000
135468	24000
61600	24000
37622	24000
6881	24000
133593	24000
268568	23800
196689	23500
27789	23456
201877	23200
28859	23000
39318	23000
54415	23000
327943	23000
264295	23000
263713	23000
136287	23000
264297	23000
24530	23000
7631	22900
23541	22800
44583	22800
50858	22800
45950	22800
38477	22800
17996	22800
21351	22800
198271	22800
48374	22800
135423	22800
132923	22528
263393	22500
58406	22000
8859	22000
28165	22000
5017	22000
262501	22000
135247	22000
2606	22000
42228	22000
58750	22000
139425	22000
63027	22000
135425	22000
16363	21800
52458	21600
22989	21504
133664	21504
43599	21500
204264	21356
132901	21356
24557	21000
24077	21000
9497	21000
40739	21000
39310	21000
132919	21000
28139	21000
263019	21000
139947	21000
53018	21000
2593	21000
32244	21000
263586	21000
9092	20900
2500	20900
20917	20900
29246	20900
17435	20900
39600	20900
31576	20900
29513	20900
44334	20900
14500	20900
16218	20900
199248	20900
199396	20900
62336	20900
198334	20900
32614	20900
23774	20900
23666	20900
327700	20900
133173	20900
13226	20500
52896	20500
137627	20480
53112	20480
210218	20480
140269	20480
18104	20400
50796	20400
25473	20000
17444	20000
5071	20000
45144	20000
52550	20000
16039	20000
7489	20000
134929	20000
265030	20000
267573	20000
266044	20000
135232	20000
328275	20000
328237	20000
208188	20000
397715	20000
22798	20000
209752	20000
139075	20000
140362	20000
204526	20000
31122	20000
13618	20000
4721	20000
29154	20000
198408	20000
133100	20000
20205	20000
15738	20000
132031	20000
50782	20000
134858	20000
19711	20000
43513	20000
138041	20000
52637	20000
23838	20000
40449	20000
10083	20000
133187	20000
21837	20000
16684	20000
46700	20000
11038	20000
48273	20000
25182	20000
51095	20000
198102	20000
45974	20000
23856	20000
266454	20000
263617	20000
52706	20000
51155	20000
18187	20000
328699	20000
328547	20000
11744	20000
265344	20000
199758	20000
16654	20000
207489	20000
133317	20000
138754	20000
200023	20000
209421	20000
42861	20000
52286	20000
265684	20000
28049	20000
56858	20000
198967	20000
268862	20000
50857	19500
35184	19456
56209	19456
27932	19456
263128	19456
262753	19456
12305	19456
26068	19456
28438	19456
263917	19456
44084	19456
41522	19456
135253	19456
198216	19456
29245	19456
135861	19456
37030	19456
30988	19456
57079	19456
28639	19456
136330	19456
25328	19456
267121	19456
136533	19456
136480	19456
133967	19456
263459	19456
328144	19400
37650	19190
58683	19000
19817	19000
10255	19000
12059	19000
28877	19000
31216	19000
16559	19000
13101	19000
19752	19000
3043	19000
25975	19000
5462	19000
20704	19000
8804	19000
4837	19000
10848	19000
31661	19000
5418	19000
26627	19000
14833	19000
25286	19000
46199	19000
15149	19000
30131	19000
40475	19000
8495	19000
15773	19000
4319	19000
36824	19000
13246	19000
42366	19000
40068	19000
38181	19000
5568	19000
8596	19000
43436	19000
11830	19000
24989	19000
15935	19000
34960	19000
29655	19000
34554	19000
14585	19000
31641	19000
40495	19000
38321	19000
4795	19000
3248	19000
8092	19000
18392	19000
42585	19000
56065	19000
8648	19000
5726	19000
49190	19000
24586	19000
41644	19000
8391	19000
48519	19000
12348	19000
22781	19000
44259	19000
13871	19000
44765	19000
39915	19000
393225	19000
10745	19000
393220	19000
394018	19000
17579	19000
48885	19000
42416	19000
23308	19000
14866	19000
39449	19000
42760	19000
7296	19000
9167	19000
46195	19000
49492	19000
31474	19000
24796	19000
13214	19000
48514	19000
19528	19000
21336	19000
42605	19000
46656	19000
31147	19000
1133	19000
29243	19000
9266	19000
48315	19000
49854	19000
43782	19000
43911	19000
47328	19000
20569	19000
5683	19000
26088	19000
28196	19000
21864	19000
49820	19000
24321	19000
49983	19000
44219	19000
50066	19000
42973	19000
38948	19000
48284	19000
12541	19000
50087	19000
38149	19000
9026	19000
30162	19000
38544	19000
9877	19000
30583	19000
52841	19000
1850	19000
26546	19000
51040	19000
6850	19000
8950	19000
12347	19000
23779	19000
53582	19000
22300	19000
20501	19000
48528	19000
37113	19000
50370	19000
9003	19000
50292	19000
51224	19000
50719	19000
20633	19000
36052	19000
15388	19000
30640	19000
25139	19000
38199	19000
46064	19000
46235	19000
19842	19000
51218	19000
15301	19000
196621	19000
41628	19000
55915	19000
44009	19000
16217	19000
8330	19000
2470	19000
46309	19000
13573	19000
20738	19000
16866	19000
28192	19000
2108	19000
46231	19000
6834	19000
52102	19000
7753	19000
49232	19000
197764	19000
13746	19000
31564	19000
26918	19000
56848	19000
29152	19000
9931	19000
57124	19000
53837	19000
3401	19000
30998	19000
53948	19000
54046	19000
27464	19000
12757	19000
57423	19000
38278	19000
27541	19000
51823	19000
18588	19000
50387	19000
198239	19000
29553	19000
39470	19000
42841	19000
57202	19000
20924	19000
41872	19000
27626	19000
12540	19000
46215	19000
4224	19000
53389	19000
48362	19000
52328	19000
41811	19000
46664	19000
132111	19000
14746	19000
12327	19000
24582	19000
54444	19000
57381	19000
33361	19000
6086	19000
57516	19000
198570	19000
34510	19000
198818	19000
16004	19000
40999	19000
45945	19000
34233	19000
36959	19000
50372	19000
41695	19000
33854	19000
57228	19000
28654	19000
198492	19000
34942	19000
40850	19000
262787	19000
48297	19000
19233	19000
50468	19000
61215	19000
197219	19000
55350	19000
51886	19000
50206	19000
198288	19000
10654	19000
10367	19000
132435	19000
34868	19000
21461	19000
18638	19000
132730	19000
132536	19000
29998	19000
198554	19000
197736	19000
27193	19000
49902	19000
49505	19000
36958	19000
16737	19000
38781	19000
132426	19000
56833	19000
21360	19000
262680	19000
262757	19000
53235	19000
28640	19000
60532	19000
12362	19000
262839	19000
29231	19000
14558	19000
61337	19000
50968	19000
20338	19000
32738	19000
197589	19000
37079	19000
59554	19000
26320	19000
3842	19000
60362	19000
3250	19000
52836	19000
3186	19000
15691	19000
10431	19000
62929	19000
62182	19000
22919	19000
393316	19000
16798	19000
62947	19000
199706	19000
12650	19000
262492	19000
26689	19000
51744	19000
14613	19000
11045	19000
29606	19000
15398	19000
199937	19000
46873	19000
24290	19000
4270	19000
200163	19000
53901	19000
263062	19000
14829	19000
45680	19000
62588	19000
28152	19000
57007	19000
52275	19000
58792	19000
53022	19000
132933	19000
393431	19000
46110	19000
262805	19000
20681	19000
131291	19000
52465	19000
45496	19000
20686	19000
263337	19000
200187	19000
21478	19000
201764	19000
52317	19000
61470	19000
262189	19000
52420	19000
52498	19000
52824	19000
17673	19000
29844	19000
29305	19000
45910	19000
58436	19000
10670	19000
29897	19000
39373	19000
52380	19000
63128	19000
12236	19000
24226	19000
35949	19000
201962	19000
201505	19000
32432	19000
11514	19000
45884	19000
27790	19000
62782	19000
33781	19000
22402	19000
13064	19000
4594	19000
28026	19000
11114	19000
9355	19000
32678	19000
30691	19000
40966	19000
52736	19000
3669	19000
196670	19000
54039	19000
133678	19000
50597	19000
393717	19000
36273	19000
45133	19000
61026	19000
32397	19000
59102	19000
2607	19000
201506	19000
262871	19000
133936	19000
199188	19000
59370	19000
47608	19000
57660	19000
37177	19000
37181	19000
22748	19000
51728	19000
9559	19000
132848	19000
131475	19000
48588	19000
132917	19000
20448	19000
63383	19000
21832	19000
12276	19000
201222	19000
36483	19000
52490	19000
60116	19000
52401	19000
26312	19000
39391	19000
34916	19000
53173	19000
63450	19000
11986	19000
34450	19000
10925	19000
393945	19000
32546	19000
18986	19000
29355	19000
26414	19000
63863	19000
19381	19000
30076	19000
30919	19000
134355	19000
394010	19000
11301	19000
53154	19000
198095	19000
28670	19000
264101	19000
9916	19000
25081	19000
6082	19000
133344	19000
53191	19000
46047	19000
28941	19000
52795	19000
39764	19000
262229	19000
32764	19000
11948	19000
48294	19000
12696	19000
44994	19000
64200	19000
200759	19000
394356	19000
132142	19000
49524	19000
52399	19000
263126	19000
201206	19000
327894	19000
198342	19000
16652	19000
3624	19000
57141	19000
18534	19000
37629	19000
7530	19000
53164	19000
52631	19000
42555	19000
15154	19000
17832	19000
262878	19000
198313	19000
201020	19000
202030	19000
30247	19000
62363	19000
131602	19000
25581	19000
47814	19000
11342	19000
28317	19000
263395	19000
48461	19000
37399	19000
33623	19000
18650	19000
39532	19000
262607	19000
262650	19000
263818	19000
41721	19000
63126	19000
265159	19000
34723	19000
262949	19000
135036	19000
23352	19000
21889	19000
52348	19000
12929	19000
394514	19000
264062	19000
52381	19000
50333	19000
198913	19000
262149	19000
57961	19000
52999	19000
203112	19000
28635	19000
63421	19000
37634	19000
196949	19000
202054	19000
27734	19000
27884	19000
131603	19000
53233	19000
21919	19000
262585	19000
51551	19000
52702	19000
43578	19000
264704	19000
55043	19000
264116	19000
8542	19000
262378	19000
204028	19000
20193	19000
56190	19000
203591	19000
30892	19000
20015	19000
135192	19000
28118	19000
3061	19000
262614	19000
30986	19000
17014	19000
199888	19000
198269	19000
31394	19000
202744	19000
327859	19000
33772	19000
200001	19000
201986	19000
23641	19000
197186	19000
3165	19000
32334	19000
131911	19000
64415	19000
27733	19000
202921	19000
199645	19000
49761	19000
32337	19000
52601	19000
196969	19000
200142	19000
12102	19000
31479	19000
263768	19000
327821	19000
207195	19000
199550	19000
198430	19000
201049	19000
199787	19000
20714	19000
26343	19000
198909	19000
50515	19000
204121	19000
202994	19000
52455	19000
8458	19000
201068	19000
264191	19000
11844	19000
207028	19000
133130	19000
62373	19000
131274	19000
200577	19000
9648	19000
197046	19000
201953	19000
263873	19000
393907	19000
61487	19000
198072	19000
202177	19000
26317	19000
52290	19000
62560	19000
264527	19000
59686	19000
14211	19000
199842	19000
132535	19000
35047	19000
206999	19000
395152	19000
199981	19000
264797	19000
199201	19000
14845	19000
7270	19000
262685	19000
133232	19000
196928	19000
15765	19000
207156	19000
40165	19000
264152	19000
42717	19000
56745	19000
50016	19000
264785	19000
61864	19000
199468	19000
38805	19000
29571	19000
31510	19000
24743	19000
265672	19000
37103	19000
263897	19000
266210	19000
136300	19000
52596	19000
37623	19000
262167	19000
46401	19000
328125	19000
327900	19000
52716	19000
136417	19000
56441	19000
263235	19000
28103	19000
206720	19000
59670	19000
266610	19000
262786	19000
262452	19000
134366	19000
136552	19000
10778	19000
28160	19000
36730	19000
37055	19000
265041	19000
134319	19000
264282	19000
7663	19000
32806	19000
52327	19000
52372	19000
30900	19000
265771	19000
206108	19000
263968	19000
10217	19000
27935	19000
133007	19000
263120	19000
267507	19000
264230	19000
265995	19000
52236	19000
37027	19000
131483	19000
263384	19000
264471	19000
52349	19000
263228	19000
52413	19000
263190	19000
16350	19000
24806	19000
5385	19000
27259	19000
265760	19000
265729	19000
57508	19000
265952	19000
201950	19000
328232	19000
136323	19000
25563	19000
61527	19000
43009	19000
135639	19000
132097	19000
51484	19000
18021	19000
200799	19000
19147	19000
197518	19000
395612	19000
395627	19000
47989	19000
205260	19000
132722	19000
265871	19000
15757	19000
200960	19000
42325	19000
263248	19000
136764	19000
263963	19000
37616	19000
5397	19000
327941	19000
131446	19000
43154	19000
137144	19000
266657	19000
131248	19000
31914	19000
203146	19000
63998	19000
60752	19000
59572	19000
134736	19000
52169	19000
134305	19000
135801	19000
198330	19000
60314	19000
265016	19000
24620	19000
60082	19000
267294	19000
266926	19000
16827	19000
204086	19000
204558	19000
203255	19000
205389	19000
198279	19000
132836	19000
64477	19000
204346	19000
202488	19000
21388	19000
46506	19000
61242	19000
59986	19000
48487	19000
134264	19000
132974	19000
136713	19000
205535	19000
268222	19000
45954	19000
263698	19000
28050	19000
28748	19000
265209	19000
197529	19000
18875	19000
3268	19000
328339	19000
37916	19000
396914	19000
202086	19000
133915	19000
328346	19000
266840	19000
23038	19000
37281	19000
200736	19000
132046	19000
136668	19000
25557	19000
263732	19000
63945	19000
396951	19000
394650	19000
396960	19000
266835	19000
137236	19000
31277	19000
37999	19000
56140	19000
209874	19000
394366	19000
58239	19000
25946	19000
48027	19000
57136	19000
266640	19000
30272	19000
7578	19000
134009	19000
133718	18764
27345	18432
196640	18432
58969	18432
262727	18300
34458	18200
32105	18000
40193	18000
26972	18000
42755	18000
6900	18000
25795	18000
31972	18000
4280	18000
51050	18000
21315	18000
3633	18000
31251	18000
203679	18000
393470	18000
61816	18000
50710	18000
263460	18000
60435	18000
26968	18000
135793	18000
199790	18000
18568	18000
265983	18000
40861	18000
20218	18000
206048	18000
328167	18000
202519	18000
63069	18000
132160	18000
136670	18000
209678	18000
210144	18000
17716	18000
136749	18000
30730	18000
19523	18000
267746	18000
138847	18000
209287	18000
265056	18000
133808	18000
39905	18000
11845	18000
2515	17900
25467	17900
58725	17408
134278	17336
9051	17200
37357	17168
199121	17100
27877	17100
19214	17000
27318	17000
12968	17000
15857	17000
28364	17000
51191	17000
205191	17000
263572	17000
137042	17000
263606	17000
23676	17000
206483	17000
61633	17000
328152	17000
18647	17000
15414	17000
131644	17000
51313	17000
266092	16900
33554	16800
20984	16500
9872	16500
212895	16300
136338	16216
24049	16000
27320	16000
33073	16000
28054	16000
30130	16000
29488	16000
6903	16000
7595	16000
29297	16000
33005	16000
21911	16000
15562	16000
9208	16000
30261	16000
200780	16000
47529	16000
38595	16000
134152	16000
138195	16000
37130	16000
13837	16000
52503	16000
137824	16000
132641	16000
54037	16000
39671	16000
61221	16000
31611	16000
266140	16000
131749	16000
59139	16000
137363	16000
24527	16000
138838	16000
58474	16000
133352	16000
135464	16000
52436	16000
59766	16000
29129	16000
268710	16000
33078	16000
42353	16000
33597	16000
51580	16000
18931	16000
13878	15600
263401	15500
7496	15500
22355	15500
138686	15400
135180	15360
135850	15360
135792	15360
137608	15360
61749	15200
53106	15192
23713	15000
34419	15000
28855	15000
52640	15000
29438	15000
198738	15000
41201	15000
57118	15000
200753	15000
20677	15000
52532	15000
63320	15000
135028	15000
43503	15000
37704	15000
18918	15000
395378	15000
263084	15000
26038	15000
262818	15000
210234	15000
48825	15000
38004	15000
39855	15000
14224	15000
197686	15000
39126	15000
135383	15000
267620	15000
136861	15000
60810	15000
265238	15000
139833	15000
202829	15000
264992	15000
134998	15000
23708	14900
132562	14336
131215	14336
58438	14336
135202	14336
208970	14300
202384	14050
39469	14000
33074	14000
27322	14000
26790	14000
24469	14000
19875	14000
10929	14000
14651	14000
25689	14000
8916	14000
48291	14000
52789	14000
135754	14000
49695	14000
199863	14000
132515	14000
45294	14000
393280	14000
17445	14000
132988	14000
262338	14000
265644	14000
48276	14000
37429	14000
38742	14000
134663	14000
28189	14000
266300	14000
133638	14000
131609	14000
328110	14000
267282	14000
47884	14000
205819	14000
62445	14000
263645	14000
327743	14000
268490	14000
24076	14000
37695	14000
201553	14000
63981	14000
15739	14000
35711	14000
52786	14000
134178	14000
58485	14000
38148	14000
38783	14000
59613	14000
267326	14000
34225	14000
38915	14000
134078	14000
202053	14000
39233	14000
37053	14000
265865	13900
52952	13900
38456	13600
23667	13500
264290	13312
134883	13312
134035	13312
135854	13312
28056	13300
200077	13300
136990	13300
267649	13200
135184	13096
12414	13000
21013	13000
43407	13000
51446	13000
55799	13000
134391	13000
134399	13000
134395	13000
134396	13000
134390	13000
37674	13000
50607	13000
262957	13000
133487	13000
200608	13000
45170	13000
328119	13000
266803	13000
328287	13000
136908	13000
209408	13000
60930	13000
200147	13000
23938	13000
267859	13000
266715	13000
37777	13000
34235	13000
12976	13000
45701	13000
134946	13000
53096	12800
9145	12500
38457	12288
263374	12288
131442	12288
58405	12288
264238	12288
132540	12144
208976	12100
27848	12000
27319	12000
50234	12000
50809	12000
34274	12000
40809	12000
26156	12000
201353	12000
52769	12000
19807	12000
52884	12000
43126	12000
12732	12000
136358	12000
45587	12000
131314	12000
200590	12000
37428	12000
209673	12000
207146	12000
50377	12000
43065	12000
46939	12000
328476	12000
137178	12000
207622	12000
61802	12000
138131	12000
135763	12000
207618	12000
29636	12000
20766	12000
28846	12000
56511	12000
202032	12000
327733	12000
262644	12000
266344	12000
52547	12000
53086	12000
52419	11800
48626	11600
268619	11500
24206	11200
264752	11200
49432	11000
18210	11000
58620	11000
56260	11000
56233	11000
13926	11000
37455	11000
204981	11000
133354	11000
24691	11000
6233	11000
203649	11000
33582	11000
268809	11000
328223	11000
132445	11000
199976	11000
327906	11000
24207	11000
328051	11000
133648	11000
9448	11000
60725	11000
132458	11000
265450	11000
135756	11000
265715	10900
267219	10500
262231	10500
267540	10240
59816	10240
27754	10240
262743	10240
268013	10240
55680	10120
30122	10000
30133	10000
1798	10000
41357	10000
22431	10000
28307	10000
264311	10000
206506	10000
266494	10000
266149	10000
205844	10000
36394	10000
33569	10000
60945	10000
200191	10000
205168	10000
268144	10000
138627	10000
135234	10000
6505	10000
64300	10000
39923	10000
208097	10000
12365	10000
38771	10000
30803	10000
41497	10000
30933	10000
327909	10000
264580	10000
24446	10000
3214	10000
12586	10000
15808	10000
271	10000
8793	10000
23688	10000
327930	10000
133968	10000
328176	10000
3580	10000
45355	10000
134937	10000
328204	10000
328341	10000
268430	10000
60371	10000
266225	10000
11661	10000
49004	10000
20473	10000
29479	10000
58666	10000
132330	10000
135328	10000
17766	10000
136972	10000
137199	10000
45637	10000
137900	10000
15164	10000
264308	10000
54035	10000
54600	10000
21454	10000
267567	10000
267144	10000
262665	10000
262480	10000
267623	10000
61923	10000
269366	10000
269369	10000
267120	10000
265483	10000
33387	10000
328315	10000
265272	10000
267611	10000
52322	10000
263775	10000
265757	10000
21050	10000
31177	10000
267828	10000
16740	10000
35202	10000
269659	10000
139946	10000
37638	9900
24594	9800
137069	9600
131310	9500
34407	9500
28801	9500
28187	9500
262695	9500
31222	9500
61902	9500
52722	9500
60501	9500
52813	9500
57254	9500
202627	9500
134832	9500
198374	9500
262466	9500
264708	9500
264795	9500
133615	9500
52326	9500
139641	9270
136230	9216
33081	9200
21056	9200
268060	9100
213252	9100
6102	9000
12759	9000
34362	9000
19468	9000
262561	9000
393626	9000
52669	9000
11910	9000
51786	9000
35489	9000
265027	9000
264022	9000
205381	9000
135000	9000
262711	9000
202313	9000
135841	9000
43338	9000
29097	9000
206945	9000
134863	9000
31960	9000
36865	9000
135415	9000
131636	9000
26709	9000
7727	9000
138876	9000
135719	9000
135218	9000
6373	9000
138143	9000
138276	9000
37266	9000
197197	9000
50903	9000
59164	9000
135780	9000
267263	9000
270586	9000
63868	9000
38778	9000
58640	9000
263684	9000
42235	8192
27967	8192
134922	8192
38712	8096
49933	8000
135597	8000
135055	8000
201695	8000
202347	8000
133089	8000
267386	8000
135480	8000
138130	8000
137378	8000
139605	8000
63874	8000
137316	8000
139446	8000
30286	8000
43518	8000
23679	8000
38143	8000
139431	8000
45296	8000
131773	8000
138119	8000
136088	8000
137358	8000
132448	8000
27781	8000
39145	8000
44134	8000
264262	8000
24243	8000
139702	8000
61785	7800
5560	7600
2854	7600
198290	7600
263978	7600
266365	7600
53192	7550
265409	7500
201494	7300
52681	7200
44977	7200
263755	7200
204994	7200
205086	7168
138115	7168
27659	7168
134605	7168
393807	7168
9875	7168
37098	7000
62100	7000
42183	7000
23923	7000
139329	7000
43928	7000
24212	7000
138887	7000
139972	7000
135323	7000
28602	7000
396841	7000
138745	7000
269258	7000
60304	7000
47442	7000
207549	7000
49781	7000
58401	7000
30362	7000
34019	7000
23342	7000
3130	7000
46609	7000
14333	7000
39583	7000
52344	7000
38515	7000
133651	7000
135848	7000
136255	7000
56791	6650
47522	6600
207401	6600
262527	6500
262307	6500
266280	6400
53209	6400
132268	6200
7532	6144
58898	6144
135226	6144
37076	6144
27976	6144
28589	6000
209263	6000
134933	6000
138988	6000
398202	6000
38776	6000
56239	6000
201714	6000
139956	6000
52356	6000
139528	6000
209152	6000
138365	6000
138079	6000
16921	6000
8820	6000
18221	6000
36687	6000
45500	6000
47297	6000
38757	6000
55658	6000
132646	6000
199516	6000
17561	6000
263536	6000
15672	6000
204005	6000
61913	6000
134877	6000
263043	6000
394102	6000
265959	6000
266260	6000
2042	6000
135269	6000
45630	6000
136642	6000
139226	6000
61218	6000
133799	6000
18112	6000
139958	6000
28080	6000
262514	6000
264555	5850
13917	5700
47138	5700
35053	5700
16210	5700
29140	5700
1880	5700
26106	5700
53114	5700
53166	5700
61319	5700
263356	5700
264754	5700
24232	5600
12577	5500
37223	5500
51159	5500
48126	5500
24005	5500
47748	5300
6083	5200
48252	5200
34800	5200
53127	5120
34927	5100
197890	5000
131247	5000
25516	5000
57166	5000
267654	5000
31673	5000
268523	5000
270383	5000
265297	5000
52477	5000
63882	5000
196922	5000
50311	5000
208817	5000
328543	5000
137159	5000
263720	5000
135964	5000
263762	5000
37708	5000
209109	5000
41666	5000
207317	5000
327720	5000
139978	5000
14295	5000
18520	5000
139628	5000
8201	5000
29449	5000
47617	5000
41471	5000
35260	5000
26253	5000
55761	5000
11624	5000
19116	5000
37363	5000
263555	5000
327850	5000
22549	5000
134259	5000
328033	5000
327814	5000
263143	5000
57695	5000
52923	5000
59368	5000
42774	5000
60975	5000
136370	5000
35135	5000
327817	5000
266020	5000
205675	5000
62595	5000
6853	4900
49653	4750
393629	4600
200303	4600
58475	4500
27024	4500
139249	4496
131668	4400
61203	4100
267427	4096
132559	4096
52688	4096
134522	4000
6735	4000
60391	4000
52998	4000
58145	4000
266571	4000
268280	4000
267732	4000
39070	4000
36827	4000
267830	4000
269040	4000
21058	4000
267833	4000
328518	4000
53057	4000
269432	4000
49752	4000
51001	4000
133809	4000
207770	4000
136244	4000
207439	4000
45424	4000
131091	4000
139021	4000
22425	4000
269091	4000
206215	4000
205920	4000
269875	4000
139449	4000
268268	4000
23855	4000
213342	4000
41051	4000
134917	4000
62321	4000
135225	4000
35568	4000
138663	4000
36936	4000
268821	4000
24541	4000
12826	4000
41495	4000
53046	4000
28328	4000
197922	4000
131459	4000
59432	4000
54721	4000
48105	4000
262887	4000
136708	4000
138910	4000
30126	4000
56203	4000
133536	4000
38496	4000
52936	4000
328262	4000
206235	4000
63867	4000
57468	4000
137457	4000
134262	4000
18002	4000
54210	3900
29876	3800
36184	3800
23710	3800
24048	3800
21476	3800
12381	3800
29259	3800
18227	3800
55865	3800
40034	3800
39931	3800
63829	3800
35551	3800
51349	3800
48310	3800
47628	3800
263290	3800
263893	3800
133501	3800
264608	3800
60718	3800
24880	3800
45956	3800
39010	3800
137935	3800
266896	3800
52387	3800
206782	3700
209291	3700
197551	3600
209530	3600
43853	3600
263548	3500
267126	3500
262416	3500
17400	3400
35579	3300
17895	3300
17890	3300
210025	3300
42310	3200
42587	3200
37186	3100
9115	3016
45220	3000
24129	3000
9189	3000
137937	3000
21659	3000
266545	3000
38150	3000
207654	3000
213377	3000
54728	3000
57782	3000
4618	3000
6775	3000
42473	3000
3595	3000
27413	3000
59414	3000
24492	3000
50677	3000
262713	3000
61092	3000
135876	3000
134204	3000
52373	3000
205614	3000
205964	3000
204671	3000
33932	3000
42181	3000
204982	3000
34553	3000
209626	3000
11017	3000
137995	3000
207335	3000
132708	3000
398335	3000
269535	3000
268091	3000
140407	3000
138866	3000
138117	3000
48428	3000
46032	3000
135746	3000
138279	3000
62997	3000
11805	3000
135298	3000
213126	3000
138837	3000
139952	3000
264242	3000
269762	3000
55947	3000
6066	2945
28262	2850
24892	2800
18052	2700
197038	2600
53185	2500
207866	2500
21158	2400
15401	2400
209022	2400
262911	2400
5377	2100
13049	2090
55420	2090
134331	2048
133989	2048
55806	2048
136842	2048
136722	2048
266475	2000
204909	2000
37698	2000
52545	2000
7562	2000
266133	2000
58731	2000
20932	2000
24953	2000
7469	2000
17824	2000
41393	2000
15177	2000
37159	2000
47692	2000
197669	2000
20406	2000
27693	2000
23201	2000
202194	2000
132679	2000
133043	2000
29170	2000
17416	2000
25435	2000
327761	2000
37302	2000
136451	2000
133311	2000
204708	2000
136175	2000
205718	2000
137273	2000
57581	2000
135190	2000
137016	2000
17806	2000
138536	2000
202328	2000
4842	2000
24124	2000
208848	2000
204326	2000
138056	2000
45926	2000
18117	2000
209100	2000
269478	2000
267584	2000
398570	2000
47875	2000
136835	2000
63494	2000
37491	2000
29030	2000
138317	2000
61678	2000
201376	2000
27876	2000
138860	2000
61762	2000
133334	2000
138769	2000
139533	2000
138762	2000
133000	2000
29000	2000
213031	2000
37067	2000
38031	2000
47253	2000
48966	2000
15975	2000
51737	2000
29310	2000
197350	2000
42013	2000
51440	2000
42314	2000
12754	2000
269872	2000
11139	2000
14694	2000
268707	2000
12161	2000
45722	2000
33080	2000
30889	1900
23310	1900
11271	1900
34746	1900
33472	1900
15436	1900
25752	1900
30141	1900
41037	1900
20507	1900
41399	1900
1982	1900
8481	1900
25504	1900
29430	1900
14970	1900
34764	1900
13105	1900
34144	1900
21840	1900
44212	1900
28929	1900
23677	1900
20081	1900
9290	1900
15716	1900
31555	1900
20483	1900
33211	1900
42937	1900
45425	1900
24238	1900
49867	1900
3661	1900
4641	1900
14166	1900
47302	1900
17501	1900
196967	1900
28182	1900
36275	1900
46373	1900
197439	1900
2597	1900
196763	1900
32586	1900
12431	1900
45444	1900
48913	1900
13591	1900
10015	1900
57821	1900
18149	1900
38190	1900
35399	1900
61044	1900
24006	1900
47762	1900
31319	1900
18612	1900
36315	1900
173	1900
27983	1900
133444	1900
12822	1900
11008	1900
59752	1900
8310	1900
132645	1900
8922	1900
56109	1900
24347	1900
59919	1900
17970	1900
263928	1900
37120	1900
56204	1900
50623	1900
25491	1900
48847	1900
11947	1900
35001	1900
49640	1900
24634	1900
21201	1900
205610	1900
262266	1900
131996	1900
38217	1900
57089	1900
37190	1900
62230	1900
267673	1900
202806	1900
266687	1900
17689	1900
264650	1900
34527	1900
12556	1900
266355	1900
35090	1800
39615	1800
31680	1800
25433	1800
42492	1800
12854	1800
52186	1800
52920	1800
199547	1800
133072	1800
203040	1800
265890	1800
204188	1800
37472	1800
9341	1800
31653	1700
17747	1700
328107	1700
204662	1700
16347	1600
268539	1600
138632	1600
264602	1600
38887	1500
6734	1500
52051	1500
204185	1500
267801	1500
27806	1500
53061	1500
24220	1500
269987	1500
10678	1400
36388	1400
9327	1400
19089	1400
34578	1400
133318	1400
46045	1400
264382	1400
4558	1348
29590	1300
24632	1300
52828	1300
137936	1300
32398	1300
43573	1300
5764	1200
45054	1200
28303	1200
327822	1200
267520	1200
264756	1140
29471	1100
39180	1100
209555	1100
134563	1100
23893	1024
18230	1024
52573	1024
24508	1024
48344	1000
44207	1000
201146	1000
28215	1000
208063	1000
207491	1000
36198	1000
28211	1000
265356	1000
328441	1000
24050	1000
33071	1000
34505	1000
31402	1000
28198	1000
26753	1000
17469	1000
199230	1000
327908	1000
45951	1000
262568	1000
53094	1000
132372	1000
41651	1000
41139	1000
48507	1000
134265	1000
39650	1000
328255	1000
37395	1000
328043	1000
136982	1000
203976	1000
32030	1000
204633	1000
328229	1000
206262	1000
327796	1000
51972	1000
209385	1000
31649	1000
61748	1000
61652	1000
265497	1000
268647	1000
132669	1000
328582	1000
12186	1000
132198	1000
138886	1000
60592	1000
203287	1000
271053	1000
264513	1000
131645	1000
23013	1000
55695	1000
264787	1000
264656	1000
134875	1000
140144	1000
212799	1000
50869	1000
24457	1000
24470	1000
136054	1000
140476	1000
202959	1000
208590	1000
213033	1000
267083	980
29006	950
265702	950
262716	900
61903	900
18719	900
48821	900
21246	900
37192	855
59340	800
205927	800
47902	800
8338	800
263486	800
203968	800
31055	760
62166	750
328522	700
207454	700
328585	700
213253	700
39196	700
9892	700
53216	700
268713	600
207394	600
209645	600
24381	600
30528	600
5111	600
327775	600
133309	600
134232	600
36889	600
132642	550
132531	540
44024	500
13287	500
37286	500
36369	500
140219	500
51778	500
55784	500
35821	500
56662	500
132022	500
58578	500
132882	500
132376	500
9601	500
140244	400
213386	400
10557	400
135206	400
27744	400
24776	400
265464	400
2499	380
327981	380
204438	300
16242	300
131477	300
206610	300
57757	300
205523	300
266551	300
58818	300
47251	300
213105	300
269923	300
203615	280
140840	250
16503	210
213330	200
9229	200
56911	200
8661	200
202479	200
35145	200
327781	200
269023	200
139741	200
63886	200
133832	200
269534	200
15434	190
50088	190
393853	190
37224	190
61417	150
20291	150
15469	140
37044	140
36997	140
140731	130
39271	110
202301	100
209833	100
33983	100
38592	100
138023	100
135395	100
213262	100
213092	100
37209	98
43660	95
269163	80
132003	76
55822	68
213284	60
269104	40
21693	40
54049	38
37062	28
137653	26
263855	21
40592	20
37133	19
52423	16
13273	5
270320	4
13594	4
264902	4
6762	0
32787	0
2519	0
31133	0
26193	0
8015	0
17222	0
60497	0
21339	0
8470	0
51324	0
21083	0
327692	0
4755	0
6895	0
327976	0
56196	0
15932	0
57724	0
200125	0
41841	0
56575	0
198529	0
44124	0
196883	0
37424	0
6300	0
198035	0
197318	0
38942	0
42935	0
20530	0
198187	0
48694	0
43171	0
50095	0
200602	0
35199	0
200750	0
197181	0
3169	0
199510	0
44784	0
197345	0
22541	0
200089	0
52031	0
55714	0
43495	0
198007	0
48629	0
41833	0
62328	0
197697	0
199774	0
203937	0
203742	0
35787	0
206910	0
51863	0
197809	0
41379	0
42374	0
197099	0
42852	0
60755	0
29070	0
61154	0
202936	0
197295	0
198709	0
198424	0
198906	0
199265	0
197572	0
203505	0
203306	0
59611	0
198214	0
206489	0
10355	0
263097	0
57890	0
203765	0
199005	0
51101	0
62201	0
197375	0
199381	0
60219	0
196979	0
395478	0
56983	0
57665	0
3352	0
198766	0
201531	0
197437	0
201001	0
51960	0
199341	0
51068	0
265692	0
262690	0
206762	0
37087	0
52414	0
3582	0
201332	0
264857	0
57945	0
197766	0
203157	0
33494	0
135895	0
49633	0
264853	0
10803	0
133859	0
206736	0
205073	0
21030	0
52664	0
62184	0
3249	0
206406	0
263699	0
264013	0
199473	0
132556	0
36707	0
205384	0
57332	0
198493	0
56324	0
57701	0
202626	0
57101	0
203582	0
136857	0
197837	0
136336	0
41044	0
50916	0
198081	0
37345	0
19091	0
28468	0
41297	0
203667	0
138222	0
31230	0
327753	0
60265	0
209854	0
24064	0
202434	0
328111	0
268801	0
396300	0
47237	0
206460	0
137597	0
136994	0
328401	0
52473	0
27017	0
10361	0
131954	0
49941	0
12833	0
60119	0
52544	0
199138	0
58158	0
32082	0
37550	0
27993	0
395326	0
209451	0
207306	0
43824	0
207834	0
269826	0
328055	0
51185	0
265777	0
205897	0
207071	0
18997	0
56523	0
59598	0
204479	0
24257	0
38207	0
206479	0
135031	0
2486	0
33333	0
47950	0
17048	0
210283	0
50321	0
51262	0
63830	0
26930	0
43653	0
197071	0
33108	0
196959	0
265098	0
37148	0
264568	0
207852	0
39533	0
51407	0
60357	0
24961	0
