32934	77800000
714	69060000
16509	67720000
8075	47070000
13335	40450000
54113	30770000
20940	29206000
22822	23150000
16276	18690000
6939	14322000
46489	13600000
17676	12750000
25506	10870000
6805	10280000
33891	9720000
7342	8500000
3209	8150000
31334	7800000
39386	6948000
2516	6355000
3356	5706000
6461	5670000
2497	5440000
64049	5390000
9498	5280000
328058	5000000
19679	4590000
8447	4500000
4230	4500000
2119	4360000
28604	4270000
29990	4220000
6667	4015000
9002	3995000
20115	3940000
49544	3917000
12389	3700000
2856	3500000
5650	3470000
15169	3440000
8966	3358000
3216	3335000
2635	3330000
63293	3300000
4181	3285000
2518	3270000
1136	3200000
2914	3140000
12552	3140000
4637	3087000
8473	3080000
226	3050000
38022	3000000
1267	2960500
6830	2870010
41095	2862000
5607	2850000
55391	2820000
17511	2770000
9009	2630000
15133	2620000
5578	2600000
6730	2572000
5400	2489000
21320	2482000
8359	2460000
12989	2440000
265950	2405000
12874	2310000
20485	2250000
6774	2149000
13285	2130000
36408	2119000
5410	2100000
2527	2090000
57344	2080000
25933	2050000
132164	2036000
2514	2010000
37447	2002000
34756	2000000
328045	2000000
270346	2000000
6327	1975000
2686	1955000
5089	1950000
16086	1940000
29314	1930000
36459	1920000
61832	1915020
16591	1860000
12189	1856000
2603	1850000
680	1845000
2818	1840000
15435	1840000
47541	1830000
52320	1820000
2907	1802000
4760	1800000
38634	1800000
15557	1790000
58453	1790000
1103	1766000
6079	1730000
1547	1714000
22356	1705000
12713	1700000
56478	1680000
15305	1600000
15412	1595000
5645	1590000
11164	1560000
28663	1548000
1273	1500000
18734	1500000
23620	1500000
13030	1490000
32098	1485000
45899	1480000
12322	1470000
7843	1450000
38082	1450000
9304	1446000
35228	1400000
4556	1400000
7195	1370000
61955	1340000
15704	1320000
6509	1305000
46786	1300000
6507	1300000
13768	1289000
52580	1286000
11260	1240000
23393	1205000
3292	1200000
11404	1200000
2510	1200000
9121	1180000
37100	1163000
3265	1150000
20880	1140000
36692	1124100
12083	1120000
786	1100000
2711	1100000
30722	1100000
1257	1090200
16637	1080000
5588	1070000
42708	1070000
29535	1070000
12430	1060000
202276	1060000
14413	1055000
668	1050000
9824	1050000
25192	1046000
40356	1040000
9534	1030000
19151	1020000
7575	1010000
39651	1010000
812	1000000
5432	1000000
6661	1000000
262206	1000000
15962	1000000
11888	1000000
24785	1000000
27381	990000
9318	970000
23520	970000
264144	940000
23563	940000
24203	920000
327693	914000
20504	900000
15802	900000
62041	900000
38091	900000
38895	900000
8717	880000
4739	850000
23576	850000
11232	830000
12714	827500
9269	824000
18403	820000
47764	810000
55818	805500
42525	805000
43531	805000
26615	800000
9680	800000
3630	800000
137872	800000
17072	800000
34984	790000
5378	790000
28368	785000
8529	782000
35320	780000
50384	780000
37271	780000
34224	772500
6057	770000
13760	770000
37662	770000
3255	760000
8426	757000
53180	750000
59605	735000
5413	720000
4800	715000
13445	712000
1741	710000
7738	705000
5713	700210
12479	700000
23184	690000
12849	690000
23881	690000
47377	680000
30517	680000
7155	680000
8657	670000
22646	660000
30081	660000
109	653000
12200	650000
13037	650000
7029	650000
40788	650000
4766	640000
30600	640000
7545	630000
36089	630000
132203	630000
52941	630000
9050	620000
2851	620000
200981	620000
64050	620000
3327	617000
3741	615300
9505	615000
3491	611000
197595	610000
396253	602000
2828	600000
15542	600000
31027	600000
4648	600000
58073	600000
393565	600000
702	595500
62887	590000
46450	590000
2116	585000
28343	581000
4134	580000
31500	580000
29119	580000
38880	580000
28146	580000
28580	574000
18081	570000
9930	560000
6768	560000
4713	550000
293	550000
31655	550000
11269	550000
4761	542000
6614	540000
28126	540000
23473	534000
48237	525000
14282	521000
7795	520000
40428	520000
13489	520000
50304	520000
10474	510000
6128	510000
2852	500000
25180	500000
3601	500000
33362	500000
58682	500000
61449	500000
49378	500000
47582	500000
14630	496000
15830	492000
55900	490000
197790	490000
137922	490000
17451	489000
34867	480000
62955	480000
13170	475000
15600	470000
4685	470000
30094	465000
47605	465000
7992	460000
15224	460000
5009	460000
34218	460000
196925	460000
14868	458750
17639	456000
9354	451000
263327	451000
7552	450000
9723	450000
10143	450000
39608	450000
28260	450000
6697	450000
2559	450000
205216	450000
30844	449000
24115	442000
43727	440000
27471	436000
262503	433000
4773	430000
31939	430000
38883	426000
262355	425000
2906	420000
23404	420000
52871	420000
54133	420000
263903	420000
4651	420000
44050	418000
30781	413000
11686	410000
35407	410000
16904	410000
52925	410000
52840	410000
53766	410000
9231	407000
8455	405000
17559	405000
45158	405000
22689	404000
28158	401000
39202	400000
33915	400000
10030	400000
766	400000
6866	400000
62	400000
54183	400000
54312	400000
27715	400000
63221	400000
201641	400000
24748	400000
33438	400000
59027	400000
267056	400000
20943	400000
132825	400000
6465	400000
202425	400000
28598	400000
49477	400000
49374	400000
26415	399000
8781	393000
38622	390000
18705	390000
28338	390000
2611	390000
19009	390000
53013	390000
21976	390000
200455	390000
51500	390000
53162	386000
262287	380020
5603	380000
12353	380000
62904	380000
262740	380000
18106	377000
35753	375000
7473	370000
33132	370000
9116	370000
2860	370000
9595	370000
10026	369520
6412	365000
2110	360000
263297	360000
36062	360000
6908	357000
200020	352000
852	350000
29550	350000
577	350000
13124	350000
4258	350000
25512	350000
38790	350000
21245	350000
8095	350000
61400	350000
39326	346000
703	340900
18121	340000
43205	340000
53158	340000
26801	340000
263073	340000
62044	340000
61323	340000
23148	339000
26162	338000
262659	335000
4788	330200
9500	330000
3786	330000
8632	330000
43332	330000
2687	328000
58507	328000
7670	320000
24940	320000
5483	320000
30990	320000
41998	320000
27475	320000
9605	320000
22616	320000
48919	316000
262848	314000
12731	312500
6407	312000
264668	312000
23889	311000
5769	310000
25885	310000
7679	310000
28331	310000
21574	309000
9924	306200
21385	306000
45780	306000
28716	305000
25358	303000
136106	303000
262773	302000
2152	300500
559	300000
21502	300000
9070	300000
29695	300000
43646	300000
24033	300000
21321	300000
32184	300000
39832	300000
38819	300000
45204	300000
6848	300000
49685	300000
7415	300000
265937	300000
6471	300000
137831	300000
59930	300000
209222	300000
7418	300000
39912	294000
35213	293000
11758	290000
38858	290000
17709	290000
137	288000
132132	280000
28171	280000
262729	280000
61102	280000
263665	280000
37153	280000
719	280000
41798	280000
44053	278200
8462	275000
37168	275000
9031	271000
5511	270000
12871	270000
6181	270000
9365	270000
9342	270000
36924	266000
12956	262000
28624	260000
17941	260000
51069	260000
35432	256000
13193	255000
26803	255000
43561	255000
31272	252400
25899	250000
13249	250000
7632	250000
36040	250000
34700	250000
49158	250000
39642	250000
262428	250000
46	250000
42830	250000
197482	250000
19324	250000
35362	250000
327987	250000
266989	250000
50473	250000
10010	250000
13189	249000
9729	247000
7862	247000
9902	245000
262778	245000
262807	243000
53184	240480
10310	240000
19108	240000
4787	240000
30419	240000
12129	240000
13576	240000
263080	240000
8452	240000
12392	240000
23693	240000
6922	240000
11979	240000
17885	240000
47872	240000
34244	234000
23498	230000
15085	230000
58601	230000
10036	230000
36236	230000
15419	226000
138132	226000
11814	225000
37282	225000
14026	225000
58580	221000
262468	220000
27988	220000
9667	220000
7049	220000
58530	220000
62668	220000
26554	217000
14969	213000
38466	212000
24130	210000
21371	210000
1680	210000
17924	210000
12678	210000
51852	210000
63242	210000
30838	210000
265399	210000
262731	210000
43668	210000
136743	210000
49824	210000
267469	210000
31898	210000
4657	208000
12041	207000
6447	206400
36937	206000
28202	206000
3267	205500
19165	205000
6067	205000
9299	205000
15958	205000
53065	205000
45638	205000
132296	205000
9044	204000
9650	204000
22724	203000
14537	201024
3320	201000
4635	201000
27524	200000
8365	200000
29422	200000
11096	200000
17819	200000
25577	200000
39102	200000
36351	200000
39704	200000
25668	200000
20845	200000
60339	200000
31242	200000
8535	200000
35717	200000
15517	200000
1424	200000
13147	200000
8866	200000
41678	200000
28666	200000
28267	200000
8448	200000
19996	200000
18260	200000
18182	200000
133612	200000
41164	200000
35193	200000
58209	200000
47242	200000
25255	200000
48634	200000
54998	200000
22147	200000
8445	200000
5403	200000
262476	200000
10118	200000
17054	200000
197451	200000
56038	200000
3261	200000
17012	200000
132680	200000
48620	200000
50204	200000
44735	200000
28576	200000
327991	200000
13807	200000
44416	200000
27919	200000
40526	200000
3754	200000
28554	200000
30818	200000
58941	200000
64220	200000
131917	200000
6307	200000
135262	200000
24703	200000
45558	200000
266167	200000
55182	200000
27925	200000
54827	200000
26077	200000
131160	200000
133496	200000
20347	200000
50129	200000
20394	200000
47422	200000
59783	200000
101	200000
44066	200000
376	200000
37697	200000
3303	199800
11666	199000
16302	197000
52551	196000
14492	195000
52579	195000
1828	193000
28201	193000
28649	193000
52005	192000
18278	190000
38333	190000
53037	190000
7385	190000
32286	189000
14340	188200
37417	187000
47481	187000
8308	186000
41018	185000
24751	184000
17665	184000
44843	184000
27589	182000
10098	180500
26496	180000
6677	180000
34610	180000
16735	180000
5391	180000
1241	180000
50643	180000
21413	180000
10158	180000
28229	180000
262760	180000
197888	180000
202023	180000
38987	180000
58243	180000
53240	180000
11550	180000
12709	180000
41206	180000
267484	180000
34305	180000
8674	179000
17922	175000
20144	174000
3300	173000
48166	173000
28330	171000
7782	170000
30041	170000
22742	170000
27747	170000
40029	170000
262664	170000
52696	170000
12847	170000
60169	170000
24324	170000
16110	170000
16570	170000
45269	170000
264215	170000
266931	170000
263616	170000
17583	170000
26446	170000
1239	169000
28125	166000
263421	166000
13000	166000
12859	165000
33011	165000
8968	165000
136784	165000
7475	160500
8487	160200
24916	160000
14361	160000
29009	160000
20773	160000
38107	160000
44684	160000
12310	160000
21232	160000
10029	160000
56396	160000
16700	160000
7311	160000
28665	160000
30950	160000
28191	160000
56258	160000
35745	160000
24277	160000
37693	160000
21488	160000
35761	160000
133403	160000
63290	160000
394497	160000
41194	160000
25019	160000
56931	160000
39251	160000
56444	160000
14061	160000
6799	160000
37611	160000
20121	159000
262865	159000
10003	159000
262847	158000
45352	156500
3701	155000
8399	155000
3262	155000
17547	155000
31463	155000
30539	155000
37678	155000
199319	155000
41552	154500
134697	154200
9264	152000
18283	152000
9749	152000
136557	152000
12654	150500
10835	150500
701	150000
2381	150000
237	150000
6695	150000
2529	150000
12306	150000
40511	150000
36944	150000
6473	150000
39605	150000
11403	150000
26163	150000
9008	150000
48918	150000
1406	150000
8530	150000
33083	150000
25148	150000
17534	150000
18268	150000
34056	150000
39545	150000
36012	150000
1422	150000
26677	150000
36280	150000
10302	150000
45031	150000
42000	150000
2614	150000
55569	150000
23786	150000
47708	150000
47264	150000
36222	150000
38651	150000
20459	150000
262403	150000
13825	150000
61374	150000
52752	150000
51409	150000
9993	150000
3128	150000
10578	150000
63270	150000
3252	150000
7600	150000
63516	150000
52908	150000
262485	150000
9834	150000
53078	150000
9029	150000
16851	150000
36734	150000
24572	150000
30028	150000
42981	150000
41508	150000
18747	150000
48956	150000
35434	150000
196729	150000
202103	150000
202196	150000
29107	150000
206819	150000
18255	150000
45011	150000
21808	150000
8819	150000
131937	150000
39507	150000
205139	150000
15598	150000
64315	149000
23930	147000
37613	147000
4780	146000
3302	145000
9957	145000
11142	145000
38327	142000
21777	141000
45629	141000
7671	140000
18450	140000
35805	140000
26120	140000
262434	140000
27955	140000
53152	140000
36873	140000
43656	140000
52468	140000
34120	140000
39551	140000
131934	140000
396356	140000
202409	140000
43729	140000
267590	140000
15377	140000
13122	139000
13896	136000
1836	135000
9246	135000
35575	135000
262505	135000
199503	135000
224	134000
22691	133000
49290	132500
3257	132000
57866	132000
21409	130000
19318	130000
41420	130000
28166	130000
55329	130000
13009	130000
18200	130000
23089	130000
54329	130000
58307	130000
3225	130000
19189	130000
262444	130000
52751	130000
39444	130000
263055	130000
132215	130000
9997	130000
28370	130000
7162	130000
37892	130000
1659	130000
262343	130000
327901	130000
134139	130000
23704	130000
26133	130000
266448	130000
131912	130000
9457	130000
133930	130000
199995	130000
37358	127000
133120	125000
47195	124000
59699	123600
56308	123000
9297	123000
132770	123000
32217	123000
61189	123000
45437	122000
52937	121500
7713	121000
38758	121000
39899	120040
18150	120000
31727	120000
4818	120000
23783	120000
37105	120000
13370	120000
12387	120000
6679	120000
23114	120000
59536	120000
40220	120000
11835	120000
56329	120000
23314	120000
59384	120000
22363	120000
4557	120000
41096	120000
34058	120000
59460	120000
53147	120000
199408	120000
40217	120000
21367	120000
32233	120000
136907	120000
1759	120000
35640	120000
8540	120000
41275	120000
210278	120000
17717	120000
42	118900
42456	118900
38861	118000
38322	116000
12350	115000
6663	115000
37150	115000
26613	115000
262532	114688
34803	114000
262732	114000
24709	113000
197727	113000
202004	113000
20910	113000
12693	112500
37254	112000
132255	112000
23105	112000
8343	111000
4770	111000
56828	111000
34245	110000
5541	110000
24852	110000
10094	110000
17882	110000
50629	110000
10002	110000
23778	110000
327698	110000
52689	110000
28258	110000
37515	110000
42504	110000
28145	110000
204053	110000
21559	110000
263880	110000
32505	110000
204222	110000
51060	110000
135739	110000
61157	110000
44646	110000
40317	110000
137280	110000
50050	110000
35612	110000
60474	109400
1280	109000
15399	109000
10021	108000
51706	108000
62040	107520
55720	107000
15763	106500
398131	106000
25818	105800
10490	105000
7752	105000
16586	105000
27008	105000
4844	105000
16371	105000
13243	105000
4628	105000
22772	105000
25460	105000
57353	105000
50272	105000
262516	105000
28978	105000
51018	105000
262441	105000
49102	105000
199723	105000
200889	105000
60191	105000
19889	104000
201054	104000
41202	104000
37028	103300
197113	103000
11377	102400
262854	102000
39184	102000
53115	102000
7610	101520
24183	101000
9435	101000
9245	100500
8607	100000
15422	100000
25441	100000
25309	100000
35028	100000
16150	100000
3605	100000
8897	100000
27552	100000
6315	100000
15366	100000
16713	100000
30914	100000
25761	100000
12312	100000
31477	100000
16082	100000
5467	100000
20161	100000
8732	100000
2544	100000
2044	100000
21221	100000
12969	100000
855	100000
34594	100000
8608	100000
13868	100000
59900	100000
35819	100000
36416	100000
8057	100000
48971	100000
8903	100000
17514	100000
1930	100000
32869	100000
8544	100000
8896	100000
11030	100000
50295	100000
34555	100000
18678	100000
15474	100000
9186	100000
49788	100000
17955	100000
59835	100000
34456	100000
394739	100000
7642	100000
8821	100000
55480	100000
47155	100000
10297	100000
15440	100000
21099	100000
62047	100000
5619	100000
35017	100000
50606	100000
10973	100000
13730	100000
1251	100000
23316	100000
23678	100000
19169	100000
14265	100000
51243	100000
18129	100000
43833	100000
46043	100000
393223	100000
3333	100000
18978	100000
60955	100000
12996	100000
20836	100000
22799	100000
28224	100000
28667	100000
11815	100000
8055	100000
28668	100000
15502	100000
7057	100000
37596	100000
26609	100000
12338	100000
62752	100000
61231	100000
32204	100000
393523	100000
62715	100000
36112	100000
263311	100000
53597	100000
54665	100000
26479	100000
57864	100000
28349	100000
44356	100000
26292	100000
199860	100000
12670	100000
197013	100000
10733	100000
13739	100000
11468	100000
6994	100000
31950	100000
54527	100000
11924	100000
262696	100000
11280	100000
17310	100000
24611	100000
6325	100000
63124	100000
20952	100000
28310	100000
20850	100000
14627	100000
46435	100000
33713	100000
263535	100000
17809	100000
4809	100000
41046	100000
23669	100000
59899	100000
9615	100000
10001	100000
202119	100000
24249	100000
58589	100000
25083	100000
44914	100000
37439	100000
134053	100000
20717	100000
20715	100000
200852	100000
38924	100000
9146	100000
22442	100000
12735	100000
54290	100000
29866	100000
11240	100000
18419	100000
6122	100000
13977	100000
47438	100000
262457	100000
265206	100000
35205	100000
327984	100000
56890	100000
62499	100000
27618	100000
41549	100000
32212	100000
48793	100000
27216	100000
263482	100000
17726	100000
202895	100000
15669	100000
264437	100000
56282	100000
61584	100000
51619	100000
198537	100000
41026	100000
11014	100000
200594	100000
198948	100000
197667	100000
24271	100000
198418	100000
28545	100000
47254	100000
58863	100000
55805	100000
34092	100000
60860	100000
43509	100000
198525	100000
52106	100000
51636	100000
206890	100000
41160	100000
204126	100000
199250	100000
48503	100000
50705	100000
51390	100000
5582	100000
50767	100000
43571	100000
133206	100000
202228	100000
37701	100000
37699	100000
62622	100000
43679	100000
135814	100000
21171	100000
395466	100000
13381	100000
58942	100000
58943	100000
63839	100000
63832	100000
64219	100000
64216	100000
64222	100000
395081	100000
58548	100000
395383	100000
394625	100000
24745	100000
198551	100000
15924	100000
37340	100000
3662	100000
203165	100000
39431	100000
206314	100000
2590	100000
35614	100000
53231	100000
6917	100000
61917	100000
28658	100000
3479	100000
134312	100000
39840	100000
39871	100000
45187	100000
198371	100000
394308	100000
15659	100000
22697	100000
131920	100000
34612	100000
8895	100000
4673	100000
56635	100000
57279	100000
35539	100000
55872	100000
201105	100000
7337	100000
61053	100000
264450	100000
50083	100000
56864	100000
31004	100000
18390	100000
17608	100000
17889	100000
39798	100000
198612	100000
54578	100000
62282	100000
25454	100000
267530	100000
37317	100000
15624	100000
393979	100000
33166	100000
264023	100000
36493	100000
32564	100000
7838	100000
135662	100000
34702	100000
137562	100000
262456	100000
48287	100000
31200	100000
132692	100000
27745	100000
60415	100000
14860	100000
9136	100000
4694	100000
37468	100000
32440	100000
262595	100000
23059	100000
32703	100000
24955	100000
5078	100000
8757	100000
29073	100000
33588	100000
20804	99000
28130	98000
200539	98000
4589	98000
6619	96000
27924	95000
34577	94500
53171	94000
28605	94000
58396	94000
53187	93000
131744	93000
16839	92000
33763	91000
266211	91000
16211	90500
30212	90000
22561	90000
50821	90000
56030	90000
13360	90000
16243	90000
17506	90000
10019	90000
20771	90000
55785	90000
26827	90000
15054	90000
264543	90000
9946	90000
52531	90000
265130	90000
266468	90000
9694	90000
263998	90000
48452	90000
328278	90000
46276	90000
264270	90000
137912	90000
54198	90000
60893	90000
35709	90000
44061	90000
327824	88000
5564	87000
55581	86200
131745	86200
57169	86000
136119	86000
262794	85920
2857	85000
22438	85000
4851	85000
9416	85000
12470	85000
28250	85000
50316	84700
17356	84000
395561	84000
262365	84000
3549	84000
44654	83700
9293	83000
37157	83000
264005	83000
328146	83000
38623	82400
8763	82000
12676	82000
62455	82000
28131	82000
263544	82000
262548	82000
61438	81400
262725	81000
266341	81000
45931	80500
50472	80200
16245	80000
35916	80000
12360	80000
13536	80000
23700	80000
44788	80000
38657	80000
28309	80000
39090	80000
54540	80000
52962	80000
200043	80000
22085	80000
31115	80000
262150	80000
4581	80000
52694	80000
46455	80000
262983	80000
262699	80000
27364	80000
11708	80000
8387	80000
132323	80000
5518	80000
132934	80000
263321	80000
262676	80000
50153	80000
199585	80000
266409	80000
18274	80000
265496	80000
202120	80000
264367	80000
13767	80000
136838	80000
58713	80000
56318	80000
35237	80000
53156	80000
13329	80000
2682	80000
51048	80000
266444	80000
394073	80000
55943	80000
205881	80000
267624	80000
132528	80000
14593	80000
23540	80000
43607	80000
56309	80000
264150	80000
49624	80000
328437	80000
6846	80000
61201	80000
4857	80000
27901	80000
13649	80000
3238	80000
198792	80000
60171	80000
3910	80000
34087	79000
18059	78000
28359	78000
393891	78000
31257	76000
262409	76000
63859	76000
264460	76000
55666	75500
53196	75000
262715	75000
52930	75000
52940	75000
197588	75000
266131	75000
137367	75000
20960	74000
132453	74000
132146	74000
3908	74000
52662	73200
25542	73000
12703	73000
12926	73000
14380	73000
15772	73000
38511	72000
262594	72000
3856	71250
135060	71000
132476	70800
28294	70480
262463	70240
30972	70000
7784	70000
29686	70000
10594	70000
39792	70000
803	70000
24105	70000
6295	70000
49835	70000
22652	70000
20718	70000
57119	70000
27887	70000
262744	70000
28591	70000
15191	70000
59497	70000
262765	70000
262493	70000
199335	70000
45356	70000
61871	70000
262293	70000
263626	70000
290	70000
14828	70000
72	70000
64255	70000
264111	70000
264582	70000
6718	70000
263347	70000
266498	70000
50073	70000
264344	70000
264223	70000
59964	70000
41693	70000
24186	70000
25615	70000
265886	70000
210	70000
264493	70000
7539	70000
268221	70000
61751	70000
136521	70000
131627	70000
137557	70000
32798	70000
397095	70000
134220	70000
209116	70000
57463	69000
16374	69000
39869	68000
37273	68000
3462	68000
58057	68000
43142	68000
24535	67000
263237	67000
32299	66000
55862	66000
264397	66000
198517	66000
267521	66000
8752	66000
20634	65000
13002	65000
4775	65000
14717	65000
33182	65000
37333	65000
39279	65000
52888	65000
28209	65000
59842	65000
263405	65000
14701	65000
5118	65000
63928	65000
24338	65000
52666	65000
133840	65000
197473	65000
44964	65000
39823	65000
262537	65000
268331	64800
203658	64000
37700	64000
265061	64000
267201	64000
46723	64000
58376	64000
28134	63200
21859	63000
45896	63000
38220	63000
38583	63000
34934	63000
15699	63000
262761	63000
17828	63000
263394	63000
263542	63000
7131	63000
55359	63000
51795	62500
35619	62300
15576	62000
12779	62000
42511	62000
199434	62000
264052	62000
328242	62000
12455	62000
23913	61000
264564	61000
132449	61000
7606	61000
61512	60900
1342	60800
34006	60550
43545	60400
197133	60300
9038	60300
197091	60020
5430	60000
6130	60000
20080	60000
34106	60000
17660	60000
20969	60000
14793	60000
7568	60000
13354	60000
4927	60000
20712	60000
43708	60000
34108	60000
8902	60000
19750	60000
18077	60000
41572	60000
58451	60000
6739	60000
4058	60000
34790	60000
8246	60000
21430	60000
15497	60000
49455	60000
5056	60000
57356	60000
18400	60000
14633	60000
28284	60000
58779	60000
58980	60000
25447	60000
262318	60000
200052	60000
22177	60000
62523	60000
15280	60000
198736	60000
263265	60000
58708	60000
28226	60000
264359	60000
8680	60000
263516	60000
62943	60000
263982	60000
263329	60000
36866	60000
263427	60000
134033	60000
199846	60000
53211	60000
25472	60000
35306	60000
57249	60000
197400	60000
5416	60000
265278	60000
58689	60000
7656	60000
35007	60000
264517	60000
206548	60000
263625	60000
201081	60000
57513	60000
395332	60000
41691	60000
52766	60000
2847	60000
61588	60000
265359	60000
266156	60000
265019	60000
39067	60000
267075	60000
10947	60000
202414	60000
8369	60000
267289	60000
50698	60000
133380	60000
136518	60000
203942	60000
52007	60000
29588	60000
2526	60000
396125	60000
4652	60000
328170	60000
9795	60000
263779	60000
328417	60000
18676	60000
133898	60000
263271	60000
47478	60000
46375	60000
32415	60000
13786	60000
9976	60000
52772	60000
266453	60000
266608	60000
27984	60000
24532	60000
45298	60000
7381	60000
48422	60000
328388	60000
16030	60000
55803	60000
61012	60000
23947	60000
28124	59000
49888	58500
51918	58000
37645	58000
200781	58000
263445	58000
13272	57000
48539	56320
327962	56320
327756	56320
45411	56000
44099	56000
34347	56000
57151	56000
61573	56000
58495	56000
42947	56000
2915	55000
2153	55000
16186	55000
4150	55000
286	55000
30827	55000
35244	55000
26785	55000
24167	55000
8788	55000
29611	55000
23171	55000
5631	55000
29141	55000
42093	55000
39637	55000
42612	55000
25151	55000
31167	55000
50572	55000
36149	55000
48850	55000
16175	55000
47408	55000
39904	55000
11233	55000
29834	55000
6777	55000
36817	55000
1126	55000
28287	55000
28132	55000
17625	55000
36907	55000
43406	55000
53889	55000
29462	55000
23550	55000
327745	55000
28110	55000
15008	55000
262454	55000
262288	55000
262481	55000
32867	55000
4678	55000
32338	55000
20904	55000
51055	55000
52438	55000
60610	55000
262388	55000
64044	55000
264268	55000
24651	55000
20412	55000
199803	55000
133421	55000
29522	55000
38197	55000
47551	55000
7540	55000
38714	55000
56949	55000
198151	55000
47252	55000
198389	55000
61709	55000
201290	55000
197592	55000
197747	55000
197262	55000
198401	55000
198040	55000
199754	55000
50550	55000
199978	55000
200176	55000
8280	55000
25509	55000
395400	55000
263396	55000
42490	55000
198380	55000
49409	55000
31726	55000
133616	55000
47626	55000
8194	55000
37720	55000
37675	55000
264138	55000
30851	54000
21485	54000
39351	54000
53587	54000
56449	54000
132894	53500
31708	53000
22556	53000
16206	53000
52866	53000
57731	53000
262706	53000
52660	53000
14576	53000
263584	53000
61094	53000
263336	53000
15188	53000
328216	53000
28169	52500
30813	52500
51948	52500
264598	52288
24043	52000
56246	52000
45280	52000
53195	52000
53102	52000
9244	52000
36923	52000
207073	52000
62275	52000
59288	52000
50618	52000
8220	52000
29608	51500
28183	51200
29918	51200
133001	51200
262691	51200
61686	51200
196695	51200
53107	51200
132976	51024
132857	51000
58299	51000
18351	51000
28154	51000
9652	51000
55259	51000
9155	51000
17306	50720
42669	50500
131296	50480
60261	50000
55429	50000
63311	50000
7091	50000
8560	50000
8190	50000
5605	50000
30176	50000
26347	50000
29748	50000
21947	50000
12008	50000
35985	50000
23686	50000
24121	50000
9989	50000
11537	50000
24931	50000
6623	50000
23260	50000
31736	50000
394070	50000
17645	50000
36683	50000
6423	50000
31400	50000
3512	50000
29208	50000
24642	50000
35843	50000
43683	50000
5539	50000
26792	50000
39598	50000
23265	50000
10075	50000
13041	50000
43284	50000
16814	50000
5577	50000
42227	50000
35332	50000
11051	50000
42184	50000
13692	50000
8744	50000
29562	50000
47172	50000
47841	50000
47215	50000
11995	50000
47344	50000
33737	50000
48943	50000
46484	50000
47490	50000
11664	50000
45668	50000
38478	50000
20764	50000
33139	50000
20985	50000
33796	50000
12316	50000
47143	50000
11071	50000
21250	50000
12188	50000
33470	50000
41601	50000
52892	50000
11922	50000
59895	50000
11798	50000
29404	50000
22546	50000
53131	50000
513	50000
46849	50000
22653	50000
14116	50000
45711	50000
8728	50000
13703	50000
44160	50000
53070	50000
29037	50000
49895	50000
46793	50000
16095	50000
19531	50000
40581	50000
51929	50000
6723	50000
23627	50000
13857	50000
21525	50000
24554	50000
19844	50000
10024	50000
41412	50000
25764	50000
6336	50000
12578	50000
600	50000
53175	50000
32613	50000
23816	50000
19782	50000
37235	50000
27947	50000
197377	50000
48500	50000
17246	50000
32365	50000
54154	50000
26167	50000
10653	50000
45634	50000
43852	50000
34270	50000
54652	50000
18229	50000
21412	50000
18199	50000
25780	50000
9584	50000
53306	50000
8823	50000
53100	50000
1120	50000
44858	50000
12033	50000
11242	50000
42239	50000
54376	50000
50673	50000
16724	50000
132267	50000
10102	50000
54327	50000
63060	50000
57187	50000
7849	50000
58656	50000
199339	50000
25273	50000
58010	50000
60717	50000
27026	50000
41281	50000
8245	50000
57068	50000
18049	50000
33604	50000
28277	50000
28153	50000
262777	50000
28306	50000
262903	50000
28571	50000
262780	50000
14571	50000
12536	50000
53080	50000
11475	50000
10996	50000
17685	50000
38043	50000
57029	50000
11081	50000
199364	50000
29485	50000
54929	50000
29933	50000
262333	50000
14103	50000
57193	50000
40700	50000
33606	50000
55923	50000
36444	50000
18516	50000
32421	50000
33515	50000
40413	50000
10993	50000
23274	50000
26288	50000
62915	50000
25653	50000
5664	50000
28366	50000
196844	50000
53143	50000
40676	50000
262704	50000
31877	50000
32479	50000
32100	50000
15267	50000
22921	50000
15108	50000
52251	50000
18094	50000
133534	50000
262620	50000
10886	50000
53221	50000
27833	50000
20207	50000
6368	50000
262724	50000
52558	50000
14463	50000
24730	50000
61951	50000
11414	50000
133579	50000
57963	50000
198203	50000
62469	50000
30466	50000
262989	50000
52846	50000
262377	50000
42775	50000
43317	50000
54002	50000
262402	50000
264531	50000
264492	50000
53224	50000
53122	50000
262675	50000
27768	50000
36445	50000
133420	50000
28163	50000
61950	50000
9022	50000
199256	50000
262667	50000
62183	50000
50148	50000
56301	50000
28066	50000
32710	50000
24278	50000
133873	50000
49063	50000
198477	50000
10481	50000
42845	50000
11976	50000
327893	50000
5690	50000
16832	50000
40028	50000
393965	50000
61244	50000
15433	50000
9999	50000
25068	50000
262256	50000
263587	50000
134363	50000
42567	50000
31769	50000
263668	50000
4043	50000
263789	50000
18616	50000
25003	50000
132167	50000
48642	50000
26271	50000
59	50000
819	50000
32277	50000
263822	50000
6561	50000
61942	50000
263569	50000
29244	50000
263797	50000
25165	50000
25227	50000
201602	50000
133959	50000
198785	50000
7687	50000
11174	50000
8714	50000
42334	50000
16130	50000
43391	50000
58815	50000
263363	50000
28270	50000
28308	50000
11279	50000
53407	50000
262413	50000
35998	50000
17429	50000
29788	50000
19082	50000
15102	50000
55270	50000
21632	50000
25248	50000
52726	50000
51164	50000
52363	50000
20559	50000
133590	50000
18683	50000
54661	50000
19689	50000
135246	50000
52794	50000
134809	50000
52519	50000
8008	50000
394437	50000
328400	50000
264016	50000
52878	50000
58762	50000
45684	50000
202831	50000
203629	50000
52989	50000
197524	50000
45775	50000
264961	50000
201782	50000
327952	50000
52981	50000
61836	50000
62818	50000
198235	50000
199494	50000
51394	50000
133652	50000
32165	50000
27895	50000
10299	50000
197615	50000
43733	50000
32743	50000
264768	50000
58965	50000
27951	50000
46692	50000
57608	50000
262186	50000
27272	50000
263674	50000
35760	50000
50533	50000
40731	50000
200414	50000
199551	50000
51337	50000
134012	50000
35891	50000
60098	50000
29974	50000
262791	50000
35491	50000
60884	50000
57033	50000
394141	50000
27382	50000
36008	50000
55957	50000
11109	50000
206758	50000
52195	50000
265065	50000
199226	50000
7004	50000
57478	50000
60534	50000
27964	50000
39716	50000
41966	50000
59862	50000
202220	50000
7806	50000
395573	50000
395768	50000
52153	50000
262766	50000
50411	50000
41319	50000
395470	50000
265303	50000
17077	50000
395578	50000
50017	50000
42667	50000
135292	50000
263702	50000
49565	50000
23423	50000
395880	50000
134674	50000
1101	50000
11178	50000
23307	50000
59060	50000
197672	50000
51648	50000
13838	50000
202050	50000
395719	50000
133952	50000
394740	50000
57219	50000
201026	50000
394676	50000
34296	50000
14832	50000
58906	50000
29614	50000
6503	50000
61826	50000
45265	50000
12687	50000
12690	50000
25385	50000
44692	50000
202169	50000
131915	50000
202761	50000
131916	50000
265101	50000
196749	50000
205811	50000
61521	50000
328064	50000
196865	50000
135278	50000
27553	50000
53591	50000
53189	50000
135011	50000
265478	50000
198604	50000
38627	50000
23419	50000
24251	50000
262643	50000
7514	50000
28032	50000
206299	50000
36515	50000
50270	50000
28114	50000
63772	50000
328036	50000
6712	50000
22908	50000
41138	50000
17303	50000
38851	50000
52542	50000
53454	50000
6752	50000
265436	50000
198496	50000
56972	50000
42812	50000
327790	50000
393455	50000
41480	50000
265021	50000
46155	50000
40545	50000
62632	50000
53338	50000
35518	50000
394146	50000
62406	50000
25190	50000
266995	50000
19465	50000
27286	50000
137250	50000
40773	50000
62597	50000
54483	50000
264127	50000
13415	50000
61943	50000
204789	50000
266420	50000
204821	50000
199421	50000
32389	50000
200478	50000
15011	50000
49020	50000
267196	50000
44979	50000
20874	50000
266977	50000
267452	50000
263985	50000
134739	50000
263523	50000
205100	50000
43848	50000
31236	50000
196776	50000
5760	50000
31445	50000
23777	50000
51790	50000
132890	50000
394140	50000
27660	50000
63131	50000
263461	50000
64233	50000
63774	50000
267428	50000
38949	50000
41006	50000
197155	50000
265999	50000
134895	50000
202006	50000
51920	50000
1226	50000
262662	50000
25637	50000
47723	50000
37897	50000
11077	50000
262970	50000
131273	50000
197294	50000
265032	50000
18024	50000
131933	50000
54086	50000
57424	50000
200185	50000
55140	50000
265086	50000
136769	50000
40339	50000
196819	50000
29091	50000
11635	50000
132491	50000
263250	50000
29689	50000
198426	50000
27255	50000
134359	50000
49457	50000
61462	50000
138147	50000
41033	50000
47095	50000
59371	50000
397116	50000
202281	50000
267587	50000
131895	50000
196714	50000
197146	50000
209835	50000
44358	50000
50794	50000
202709	50000
137575	50000
41327	50000
56381	50000
24429	50000
205473	50000
35425	50000
35176	50000
262808	50000
23871	48600
16178	48000
53246	48000
7500	47000
52439	47000
10881	46000
61287	46000
37619	46000
262259	46000
63028	46000
61211	46000
202020	46000
264811	46000
196879	46000
202454	46000
262429	45000
262721	45000
263154	45000
199496	45000
55766	45000
55674	44500
262352	44096
25459	44000
51263	44000
200668	44000
45305	44000
58821	44000
6648	43000
48728	43000
15447	43000
56099	43000
53172	43000
135697	43000
37451	43000
264575	42048
41913	42000
48559	42000
17483	42000
132771	42000
58477	42000
262901	42000
58868	42000
25482	41984
132137	41984
4007	41800
51784	41100
13657	41000
2685	41000
25466	41000
12042	41000
11123	41000
53349	41000
11195	41000
262230	41000
13549	41000
18615	41000
57613	41000
61478	41000
39479	41000
31617	41000
138064	41000
12773	41000
8637	40480
33480	40384
6405	40000
16265	40000
41690	40000
26914	40000
7303	40000
14609	40000
35833	40000
18530	40000
42005	40000
9137	40000
35470	40000
59940	40000
53130	40000
62239	40000
21880	40000
37276	40000
24309	40000
134055	40000
25961	40000
58650	40000
263990	40000
133934	40000
19310	40000
64223	40000
48716	40000
55507	40000
262316	40000
136026	40000
328065	40000
31857	40000
48408	40000
264562	40000
131914	40000
197902	40000
396503	40000
63343	40000
15426	40000
204805	40000
28319	40000
268267	40000
20846	40000
11751	40000
35940	40000
32067	40000
3145	40000
201447	40000
394449	40000
202805	40000
46950	40000
56373	40000
50554	40000
63298	40000
30168	40000
35795	40000
12459	40000
264679	40000
9910	40000
132808	40000
57073	40000
33044	40000
52760	40000
23808	40000
197522	40000
23618	40000
58171	40000
14288	40000
45361	40000
8803	40000
20618	40000
56655	40000
32621	40000
207972	40000
7941	40000
19306	40000
138840	40000
268819	40000
264998	40000
262964	40000
52639	40000
41985	40000
20657	40000
137373	40000
22534	40000
328538	40000
37020	40000
37453	40000
327738	40000
39065	40000
3223	40000
134369	40000
39902	40000
396501	40000
133339	40000
9891	40000
35137	40000
397806	40000
43060	40000
35847	40000
207353	40000
8435	40000
265135	40000
7065	40000
14824	40000
4693	40000
198605	40000
33873	40000
28178	40000
198726	40000
23805	40000
133385	40000
37199	40000
64476	40000
134705	40000
328365	40000
31800	39500
57723	39096
61570	39000
57896	39000
64475	39000
137166	38912
61730	38000
265147	38000
133676	38000
51945	37300
21069	37000
8723	37000
42004	37000
49349	37000
21267	37000
39543	37000
327794	37000
133324	37000
56286	37000
47275	36600
208477	36200
7521	36000
10204	36000
2602	36000
58820	36000
262394	36000
262733	36000
59945	36000
55814	36000
38769	36000
48011	36000
327750	35120
12684	35000
40300	35000
53589	35000
9280	35000
33725	35000
37154	35000
55219	35000
394530	35000
262819	35000
264491	35000
266152	35000
53052	35000
264552	34200
21709	34000
58940	34000
59214	34000
52685	34000
52858	34000
48072	33300
33920	33000
44980	33000
36143	33000
55555	33000
33302	33000
17978	33000
132931	33000
133658	33000
202566	33000
205081	33000
39192	33000
49028	33000
198910	33000
6798	33000
45194	32768
134881	32768
52977	32500
263531	32500
26838	32048
21724	32000
19117	32000
26531	32000
20811	32000
51944	32000
54225	32000
262822	32000
35074	32000
60690	32000
327826	32000
262474	32000
201838	32000
39806	32000
57121	32000
28037	32000
262494	32000
52643	32000
263793	32000
262610	32000
37786	32000
264524	32000
37294	32000
8368	32000
262591	32000
47096	32000
8943	31200
21263	31100
2134	31000
264425	31000
262417	31000
45766	31000
6738	30900
43500	30720
18886	30720
61666	30720
11062	30720
264404	30720
199659	30500
13054	30400
52661	30288
33130	30200
28219	30010
30740	30000
21396	30000
21392	30000
20495	30000
15743	30000
48268	30000
31252	30000
39591	30000
18779	30000
43100	30000
18209	30000
39138	30000
9621	30000
55879	30000
14877	30000
12941	30000
57928	30000
23465	30000
262750	30000
23106	30000
45498	30000
62874	30000
53008	30000
262420	30000
7048	30000
25375	30000
56910	30000
4540	30000
28352	30000
264360	30000
33808	30000
264228	30000
262979	30000
49638	30000
134732	30000
17997	30000
327950	30000
263314	30000
38541	30000
52968	30000
196968	30000
59444	30000
52686	30000
263483	30000
29465	30000
262692	30000
206499	30000
61582	30000
53199	30000
200064	30000
328145	30000
43760	30000
263961	30000
38442	30000
263411	30000
265429	30000
24173	30000
264294	30000
199330	30000
60890	30000
45118	30000
135607	30000
204861	30000
267095	30000
22324	30000
18407	30000
263647	30000
23379	30000
60051	30000
266430	30000
20919	30000
39337	30000
393434	30000
39335	30000
37545	30000
2588	30000
267399	30000
266961	30000
266144	30000
266721	30000
48438	30000
40244	30000
263947	30000
263840	30000
266263	30000
19186	30000
36813	30000
209813	30000
3132	30000
268133	30000
6696	30000
29900	30000
25837	30000
266968	30000
23775	30000
210264	30000
264398	30000
14726	30000
265294	30000
397544	30000
265892	30000
51520	30000
268952	30000
37653	30000
17197	30000
328480	30000
131896	30000
264210	30000
267593	30000
265954	30000
266192	30000
209208	30000
2675	30000
57276	30000
16342	30000
9952	30000
267348	30000
267360	30000
328517	30000
263852	30000
204006	30000
208431	30000
26484	30000
266927	30000
266480	30000
15391	30000
37110	30000
46475	30000
199362	30000
19045	30000
264939	30000
263009	30000
32261	30000
44291	30000
13194	30000
131322	30000
134014	30000
58659	30000
17253	30000
136522	30000
9374	30000
4647	30000
137079	30000
56665	29400
33843	29000
263649	29000
59165	29000
268323	29000
20640	28000
13680	28000
34011	28000
29668	28000
262862	28000
7005	28000
52444	28000
37195	28000
18422	28000
57877	28000
59156	28000
9313	27000
131755	27000
9201	27000
203421	27000
328327	27000
55653	27000
264415	26600
262488	26384
24521	26000
23756	26000
45763	26000
53066	26000
263661	26000
38896	26000
9326	26000
58392	26000
63862	26000
135582	26000
24157	26000
61888	25500
38809	25500
5459	25000
42455	25000
5524	25000
53563	25000
49909	25000
5396	25000
33748	25000
262673	25000
263801	25000
17426	25000
203687	25000
264577	25000
50231	25000
131607	25000
262268	25000
61006	25000
52339	25000
136696	25000
45349	25000
49296	25000
33452	25000
267280	25000
262828	24500
28890	24500
6643	24000
29014	24000
23860	24000
137142	24000
266347	24000
138816	24000
267055	24000
133838	24000
38147	24000
138100	24000
61134	23552
263442	23500
43019	23300
53142	23072
327992	23072
29551	23000
21513	23000
44953	23000
9658	23000
15211	23000
8677	23000
12597	23000
45769	23000
51290	23000
53708	23000
56229	23000
23628	23000
32160	23000
132220	23000
201106	23000
59953	23000
51681	23000
11647	23000
36914	23000
203140	23000
49787	23000
48727	23000
13150	23000
24536	23000
263591	23000
206478	23000
31250	23000
23951	23000
206184	22528
31595	22500
28279	22000
262539	22000
262464	22000
9785	22000
48424	22000
263270	22000
328351	22000
42692	22000
28656	22000
136093	22000
39505	22000
59279	22000
9830	22000
12491	22000
9381	22000
327907	22000
8612	22000
198857	21700
34135	21500
53097	21350
31078	21000
44123	21000
198781	21000
28773	21000
52539	21000
266713	21000
53050	21000
33544	21000
51569	21000
59347	21000
26451	21000
37980	21000
2593	21000
32244	21000
53237	20750
30071	20500
52475	20480
328164	20480
265451	20480
45528	20480
133275	20480
3213	20000
35706	20000
41692	20000
33079	20000
24047	20000
25061	20000
4764	20000
37996	20000
39301	20000
8664	20000
32880	20000
34171	20000
25295	20000
42459	20000
42303	20000
55518	20000
20722	20000
197000	20000
29545	20000
47622	20000
58587	20000
29680	20000
20365	20000
133075	20000
199947	20000
393513	20000
27940	20000
28009	20000
263076	20000
327813	20000
133854	20000
38565	20000
4508	20000
55521	20000
30798	20000
28257	20000
262893	20000
37342	20000
55256	20000
45686	20000
264765	20000
201754	20000
14522	20000
206342	20000
262509	20000
134316	20000
328156	20000
263196	20000
263776	20000
61822	20000
10022	20000
265656	20000
203261	20000
396040	20000
23815	20000
54574	20000
131758	20000
265484	20000
35913	20000
264017	20000
394302	20000
6059	20000
1640	20000
11272	20000
138576	20000
54506	20000
29802	20000
1916	20000
202596	20000
10279	20000
33164	20000
7516	20000
196954	20000
42705	20000
21277	20000
12857	20000
207588	20000
201102	20000
10099	20000
207199	20000
48128	20000
131960	20000
46595	20000
135010	20000
134618	20000
139225	20000
37680	20000
52951	20000
263518	20000
262900	20000
268749	20000
269462	20000
263067	20000
266059	20000
270299	20000
264186	20000
269499	20000
264596	20000
269208	20000
46023	20000
138839	20000
24299	20000
38081	20000
20001	20000
19035	20000
62712	20000
62819	20000
9751	20000
207054	20000
12796	20000
37356	20000
59276	20000
133803	20000
17995	20000
378	20000
36311	20000
64313	20000
205813	20000
210142	20000
209328	20000
33951	20000
60816	20000
328536	20000
32437	20000
267278	20000
55003	20000
57999	20000
56668	20000
265383	20000
265038	20000
45278	20000
19551	20000
137001	20000
16604	20000
263155	20000
19754	20000
16803	20000
2731	20000
45705	20000
11767	20000
267	20000
31042	20000
23486	20000
27979	20000
45754	20000
45804	20000
133296	20000
31202	20000
56528	20000
139734	20000
29357	20000
50475	20000
57844	20000
13681	20000
14979	20000
53764	20000
393573	20000
395471	20000
49192	20000
37783	20000
328395	20000
37682	20000
22941	20000
196755	20000
35699	20000
31452	20000
139970	20000
6515	20000
267815	20000
56264	20000
43533	20000
34718	20000
208751	20000
29785	20000
327849	20000
37529	20000
55002	20000
265974	20000
27688	20000
3242	20000
42064	20000
264570	20000
267032	20000
24008	20000
31169	20000
25374	20000
15960	20000
39029	20000
3737	20000
10103	20000
22591	20000
17378	20000
33445	20000
41088	20000
51088	20000
197301	20000
11383	20000
51395	20000
5662	20000
17707	20000
199524	20000
44513	20000
58715	20000
30259	20000
28265	20000
38527	20000
62240	20000
18881	20000
40328	20000
59112	20000
32425	20000
58678	20000
393670	20000
262868	20000
49690	20000
17113	20000
133315	20000
61805	20000
263049	20000
264331	20000
263124	20000
134293	20000
394994	20000
135193	20000
33771	20000
206125	20000
202766	20000
133680	20000
58430	20000
393420	20000
135098	20000
263151	20000
25853	20000
200738	20000
61873	20000
134715	20000
44030	20000
267513	20000
47043	20000
205099	20000
263258	20000
52201	20000
31430	20000
31122	20000
25091	20000
4721	20000
17939	20000
38195	20000
8660	20000
61174	20000
15738	20000
62856	20000
61186	20000
135126	20000
34119	19000
7020	19000
262684	19000
262346	19000
263833	19000
56550	19000
139967	19000
265426	18288
263089	18200
49405	18000
51646	18000
198440	18000
53139	18000
52932	18000
263774	18000
15734	18000
37479	18000
138296	18000
264514	18000
264925	17948
7908	17000
250	17000
23661	17000
262730	17000
17671	17000
262374	17000
47680	17000
263283	17000
60602	16600
49463	16500
14551	16500
30880	16000
17666	16000
23074	16000
50837	16000
38280	16000
16253	16000
8301	16000
38753	16000
5505	16000
55685	16000
45287	16000
51254	16000
45707	16000
132847	16000
136377	16000
136873	16000
263478	15600
22873	15500
31235	15500
200794	15500
20621	15500
53165	15400
262336	15360
12902	15000
15657	15000
2128	15000
33419	15000
15766	15000
41391	15000
8784	15000
25593	15000
8513	15000
13135	15000
8553	15000
20915	15000
37986	15000
39636	15000
13826	15000
27822	15000
43013	15000
34304	15000
18559	15000
4677	15000
51906	15000
55644	15000
39287	15000
43858	15000
37519	15000
197617	15000
54119	15000
45348	15000
46156	15000
11179	15000
53169	15000
52352	15000
27879	15000
28590	15000
53218	15000
38289	15000
24195	15000
47027	15000
53230	15000
549	15000
9519	15000
3067	15000
34768	15000
133720	15000
262993	15000
52765	15000
203086	15000
36868	15000
35313	15000
134622	15000
135484	15000
198091	15000
37482	15000
197447	15000
61968	15000
263251	15000
52973	15000
266177	15000
39816	15000
62227	15000
136302	15000
264518	15000
48067	15000
197204	15000
268548	15000
265158	15000
58482	15000
201214	15000
16191	14500
27865	14500
263589	14336
15589	14270
10135	14100
134375	14096
4434	14060
57633	14000
37090	14000
12502	14000
62838	14000
17069	14000
61928	14000
18840	14000
134707	14000
18103	14000
137410	14000
137331	14000
58460	14000
29838	14000
28292	14000
8565	13500
30999	13200
55832	13192
8545	13000
2595	13000
43890	13000
52911	13000
21140	13000
136373	13000
9129	13000
197692	12800
34624	12800
13237	12500
28657	12500
44431	12500
135526	12500
30132	12000
17920	12000
48292	12000
43942	12000
36731	12000
43323	12000
262952	12000
32563	12000
263308	12000
53088	12000
46886	12000
262902	12000
134021	12000
52967	12000
262770	12000
137352	12000
204196	12000
264996	12000
17482	12000
267554	12000
269060	12000
58500	12000
45184	12000
37053	12000
35655	11300
38310	11264
21101	11200
328160	11100
4777	11000
6851	11000
9104	11000
41090	11000
24028	11000
44295	11000
58404	11000
262792	11000
52965	11000
199660	11000
49605	11000
199150	11000
47727	11000
37656	11000
12143	11000
262557	11000
45288	11000
136841	11000
14259	11000
394330	11000
328051	11000
133648	11000
8486	11000
9153	10700
28065	10600
8554	10500
33845	10500
29286	10500
53116	10500
34683	10500
41153	10500
263378	10500
263739	10242
10704	10240
17754	10240
265141	10240
328032	10240
17439	10240
52300	10240
203885	10240
56507	10240
59816	10240
61895	10240
53112	10240
262743	10240
58408	10120
30447	10040
20799	10000
29452	10000
15290	10000
14280	10000
5409	10000
8195	10000
3224	10000
33811	10000
7829	10000
16467	10000
53459	10000
33082	10000
23712	10000
33072	10000
30129	10000
30134	10000
30128	10000
52243	10000
33558	10000
23711	10000
23709	10000
30962	10000
16842	10000
9710	10000
2863	10000
39104	10000
28001	10000
31383	10000
26228	10000
8222	10000
25152	10000
12634	10000
34997	10000
34021	10000
34781	10000
15782	10000
3561	10000
13284	10000
29083	10000
35156	10000
24973	10000
25976	10000
41960	10000
11190	10000
45037	10000
35584	10000
40015	10000
9583	10000
23752	10000
29846	10000
48484	10000
37652	10000
11796	10000
50032	10000
13722	10000
47836	10000
23829	10000
30295	10000
17961	10000
8587	10000
53424	10000
24753	10000
16523	10000
35719	10000
24951	10000
50244	10000
50763	10000
14232	10000
33835	10000
44902	10000
38437	10000
41289	10000
45816	10000
13157	10000
31662	10000
17088	10000
12775	10000
57315	10000
1304	10000
51896	10000
51483	10000
37312	10000
45932	10000
53727	10000
9123	10000
197422	10000
24029	10000
49604	10000
23949	10000
27665	10000
6660	10000
58560	10000
52462	10000
42204	10000
24518	10000
24550	10000
44608	10000
35799	10000
15072	10000
56990	10000
18206	10000
49300	10000
39783	10000
198423	10000
12290	10000
20555	10000
16168	10000
42400	10000
8789	10000
31328	10000
59410	10000
29263	10000
51406	10000
16174	10000
50737	10000
9328	10000
35834	10000
197653	10000
43190	10000
53698	10000
35180	10000
48972	10000
25093	10000
5602	10000
43252	10000
28757	10000
53494	10000
59620	10000
49360	10000
28239	10000
28141	10000
53140	10000
133023	10000
132837	10000
53869	10000
3324	10000
9165	10000
3220	10000
54643	10000
37628	10000
10133	10000
54523	10000
41847	10000
262500	10000
53861	10000
29881	10000
263499	10000
133389	10000
53178	10000
28615	10000
37775	10000
29583	10000
262933	10000
63034	10000
47228	10000
23673	10000
48504	10000
62537	10000
52431	10000
7772	10000
262737	10000
10617	10000
52323	10000
202042	10000
61924	10000
52877	10000
201877	10000
36898	10000
16162	10000
60899	10000
28216	10000
18046	10000
131584	10000
41059	10000
201791	10000
56182	10000
28327	10000
264470	10000
26563	10000
18393	10000
39072	10000
200700	10000
55427	10000
62502	10000
58627	10000
327939	10000
31459	10000
36909	10000
59933	10000
393874	10000
203851	10000
264590	10000
393350	10000
134295	10000
262645	10000
55699	10000
61397	10000
43558	10000
393662	10000
328023	10000
264723	10000
13006	10000
199610	10000
201990	10000
28323	10000
11399	10000
204019	10000
35585	10000
52079	10000
198416	10000
22518	10000
199410	10000
45561	10000
47627	10000
15190	10000
135543	10000
63529	10000
60458	10000
263070	10000
198391	10000
37324	10000
9893	10000
21774	10000
203741	10000
206894	10000
52009	10000
197418	10000
199413	10000
39107	10000
199338	10000
56783	10000
48742	10000
11046	10000
40752	10000
39560	10000
52101	10000
203548	10000
327751	10000
203230	10000
39729	10000
57221	10000
203223	10000
8550	10000
132734	10000
207101	10000
133613	10000
23169	10000
198591	10000
44974	10000
132004	10000
44503	10000
199451	10000
39566	10000
202971	10000
41882	10000
52909	10000
266630	10000
262195	10000
206373	10000
266346	10000
58894	10000
42180	10000
26198	10000
263675	10000
263728	10000
5401	10000
264815	10000
52680	10000
264923	10000
36640	10000
58927	10000
60430	10000
266400	10000
262518	10000
198891	10000
12630	10000
15035	10000
205296	10000
64234	10000
265806	10000
17537	10000
206442	10000
200480	10000
135869	10000
134856	10000
5500	10000
197645	10000
204536	10000
266866	10000
58146	10000
138174	10000
55679	10000
135843	10000
12565	10000
18350	10000
138009	10000
200278	10000
8393	10000
5406	10000
205442	10000
262453	10000
133410	10000
138570	10000
394151	10000
268126	10000
266972	10000
47203	10000
53356	10000
64115	10000
60945	10000
209400	10000
34569	10000
267522	10000
38524	10000
61064	10000
12883	10000
64300	10000
39923	10000
210323	10000
12365	10000
34762	10000
55352	10000
262772	10000
262387	10000
134326	10000
262612	10000
263495	10000
35280	10000
61056	10000
265188	10000
133372	10000
393490	10000
56583	10000
262470	10000
267242	10000
269075	10000
135760	10000
394581	10000
262898	10000
266298	10000
29129	10000
207310	10000
42156	10000
140362	10000
270436	10000
328633	10000
56472	10000
207274	10000
268546	10000
328598	10000
1410	10000
47116	10000
61602	10000
26388	10000
13951	10000
30622	10000
266853	10000
32097	10000
135223	10000
204526	10000
14642	10000
3214	10000
34655	10000
12586	10000
13618	10000
15808	10000
271	10000
41349	10000
17604	10000
5583	10000
19969	10000
29154	10000
8793	10000
198408	10000
22302	10000
58882	10000
23688	10000
327930	10000
133100	10000
1351	10000
20205	10000
9607	10000
133968	10000
132031	10000
50782	10000
134858	10000
19711	10000
135753	10000
197140	10000
328176	10000
3580	10000
45355	10000
33922	10000
134937	10000
21211	10000
38067	10000
43513	10000
328204	10000
328341	10000
138041	10000
268430	10000
44514	9500
24204	9300
328423	9216
138211	9200
136632	9192
31126	9100
34486	9000
15692	9000
38235	9000
33125	9000
45839	9000
45725	9000
37002	9000
25943	9000
55652	9000
59185	9000
202867	9000
22080	9000
36965	9000
35695	9000
48685	9000
262296	9000
133660	9000
45706	9000
265972	9000
7628	9000
135301	9000
267088	9000
135232	9000
137121	9000
49088	9000
138995	9000
4608	8600
36217	8500
48920	8500
31543	8500
7717	8500
202322	8400
20832	8200
209218	8166
15594	8000
42476	8000
33077	8000
14390	8000
31715	8000
26788	8000
8038	8000
36943	8000
12835	8000
199283	8000
28207	8000
4666	8000
198184	8000
58910	8000
38506	8000
60134	8000
29104	8000
37576	8000
134325	8000
60670	8000
38200	8000
200438	8000
60917	8000
7597	8000
48846	8000
265699	8000
137246	8000
137851	8000
51023	8000
45937	8000
133971	8000
29424	8000
138359	8000
37347	8000
268503	8000
24132	8000
263869	8000
55247	8000
28244	8000
55670	8000
131717	8000
45312	8000
138829	8000
6881	8000
42353	8000
16685	8000
7578	8000
51580	8000
3599	7500
48712	7500
47850	7500
327922	7500
262889	7500
34549	7500
205388	7400
44141	7300
43599	7200
266374	7168
29215	7000
8491	7000
28707	7000
24523	7000
132774	7000
52625	7000
22750	7000
5692	7000
47169	7000
20928	7000
54042	7000
60157	7000
53197	7000
200428	7000
28073	7000
264009	7000
133797	7000
23696	7000
17473	7000
45650	7000
262788	7000
266028	7000
267588	7000
136885	7000
137295	7000
43369	7000
263480	7000
200392	7000
37109	7000
133817	7000
50467	6900
4765	6900
2484	6700
50620	6600
17374	6500
7631	6500
198093	6500
262811	6400
7496	6200
27345	6144
196640	6144
52869	6144
58969	6144
132923	6144
133664	6144
27789	6120
200983	6100
266470	6096
37357	6048
24557	6000
40528	6000
16876	6000
24077	6000
30123	6000
25572	6000
27916	6000
58406	6000
23541	6000
9497	6000
28859	6000
25473	6000
17444	6000
7522	6000
8859	6000
44583	6000
35223	6000
5071	6000
40739	6000
50858	6000
50683	6000
45950	6000
44314	6000
28165	6000
39318	6000
39310	6000
38477	6000
51514	6000
5017	6000
54415	6000
51050	6000
12975	6000
49792	6000
52550	6000
132919	6000
21351	6000
263393	6000
264130	6000
16039	6000
198271	6000
327943	6000
133881	6000
7489	6000
48374	6000
201508	6000
134929	6000
59954	6000
2606	6000
42228	6000
202918	6000
201333	6000
131303	6000
135465	6000
199790	6000
264295	6000
135423	6000
262755	6000
265030	6000
25590	6000
266044	6000
28139	6000
137080	6000
131775	6000
135419	6000
61929	6000
58750	6000
209261	6000
42300	6000
206640	6000
394914	6000
37627	6000
397524	6000
328237	6000
33791	6000
29446	6000
267117	6000
208976	6000
34936	6000
206404	6000
263019	6000
267620	6000
134643	6000
136131	6000
135468	6000
59155	6000
24530	6000
139425	6000
136861	6000
139947	6000
60810	6000
61600	6000
39905	6000
53018	6000
327733	6000
133593	6000
202829	6000
204264	5620
132901	5620
268568	5600
9092	5500
2500	5500
20917	5500
29246	5500
17435	5500
2515	5500
39600	5500
31576	5500
29513	5500
196689	5500
44334	5500
14500	5500
16218	5500
16363	5500
199248	5500
199396	5500
62336	5500
198334	5500
32614	5500
23774	5500
23666	5500
327700	5500
133173	5500
13226	5400
18104	5300
50796	5300
50857	5200
22355	5200
22989	5120
35184	5120
56209	5120
27932	5120
263128	5120
262753	5120
12305	5120
26068	5120
28438	5120
263917	5120
44084	5120
41522	5120
135253	5120
198216	5120
29245	5120
58725	5120
135861	5120
37030	5120
30988	5120
57079	5120
28639	5120
136330	5120
25328	5120
267121	5120
136533	5120
136480	5120
133967	5120
263459	5120
133718	5072
37650	5050
58683	5000
19817	5000
10255	5000
12059	5000
28877	5000
31216	5000
16559	5000
13101	5000
19752	5000
3043	5000
25975	5000
5462	5000
20704	5000
8804	5000
4837	5000
10848	5000
31661	5000
5418	5000
26627	5000
14833	5000
19214	5000
25286	5000
32105	5000
40193	5000
46199	5000
15149	5000
27318	5000
24049	5000
27320	5000
33073	5000
28054	5000
30130	5000
30131	5000
40475	5000
8495	5000
15773	5000
4319	5000
36824	5000
13246	5000
42366	5000
40068	5000
38181	5000
26972	5000
5568	5000
29488	5000
8596	5000
43436	5000
11830	5000
24989	5000
15935	5000
34960	5000
29655	5000
34554	5000
14585	5000
31641	5000
40495	5000
6903	5000
12968	5000
38321	5000
4795	5000
3248	5000
8092	5000
6900	5000
18392	5000
42585	5000
56065	5000
8648	5000
5726	5000
49190	5000
24586	5000
41644	5000
8391	5000
48519	5000
12348	5000
22781	5000
44259	5000
13871	5000
44765	5000
39915	5000
25795	5000
393225	5000
10745	5000
393220	5000
394018	5000
31972	5000
17579	5000
48885	5000
42416	5000
23308	5000
14866	5000
15857	5000
39449	5000
42760	5000
7296	5000
7595	5000
9167	5000
46195	5000
49492	5000
31474	5000
24796	5000
13214	5000
48514	5000
19528	5000
21336	5000
42605	5000
46656	5000
31147	5000
1133	5000
29243	5000
9266	5000
48315	5000
4280	5000
49854	5000
43782	5000
43911	5000
47328	5000
20569	5000
5683	5000
26088	5000
28196	5000
21864	5000
49820	5000
24321	5000
49983	5000
44219	5000
50066	5000
42973	5000
38948	5000
48284	5000
12541	5000
50087	5000
38149	5000
9026	5000
30162	5000
38544	5000
9877	5000
30583	5000
52841	5000
1850	5000
26546	5000
51040	5000
6850	5000
8950	5000
12347	5000
23779	5000
53582	5000
22300	5000
20501	5000
48528	5000
37113	5000
50370	5000
9003	5000
50292	5000
51224	5000
50719	5000
53093	5000
20633	5000
36052	5000
15388	5000
29297	5000
30640	5000
25139	5000
38199	5000
46064	5000
46235	5000
19842	5000
51218	5000
15301	5000
196621	5000
41628	5000
55915	5000
44009	5000
16217	5000
8330	5000
2470	5000
46309	5000
13573	5000
20738	5000
16866	5000
28192	5000
2108	5000
46231	5000
33005	5000
6834	5000
52102	5000
21911	5000
7753	5000
49232	5000
197764	5000
13746	5000
31564	5000
26918	5000
56848	5000
29152	5000
9931	5000
57124	5000
53837	5000
3401	5000
30998	5000
53948	5000
45144	5000
54046	5000
27464	5000
12757	5000
57423	5000
38278	5000
27541	5000
51823	5000
18588	5000
50387	5000
198239	5000
29553	5000
39470	5000
42841	5000
57202	5000
20924	5000
41872	5000
27626	5000
12540	5000
46215	5000
4224	5000
53389	5000
48362	5000
52328	5000
41811	5000
46664	5000
132111	5000
14746	5000
12327	5000
24582	5000
54444	5000
57381	5000
33361	5000
6086	5000
57516	5000
198570	5000
34510	5000
198818	5000
59560	5000
16004	5000
40999	5000
45945	5000
34233	5000
36959	5000
50372	5000
41695	5000
33854	5000
57228	5000
28654	5000
198492	5000
34942	5000
40850	5000
262787	5000
3633	5000
48297	5000
19233	5000
50468	5000
61215	5000
197219	5000
55350	5000
51886	5000
50206	5000
198288	5000
10654	5000
9208	5000
10367	5000
132435	5000
34868	5000
21461	5000
18638	5000
132730	5000
132536	5000
29998	5000
198554	5000
197736	5000
27193	5000
49902	5000
49505	5000
36958	5000
16737	5000
38781	5000
132426	5000
56833	5000
21360	5000
262680	5000
262757	5000
53235	5000
28640	5000
60532	5000
12362	5000
262839	5000
29231	5000
14558	5000
52896	5000
61337	5000
50968	5000
20338	5000
32738	5000
197589	5000
37079	5000
59554	5000
26320	5000
262501	5000
132876	5000
3842	5000
60362	5000
3250	5000
52836	5000
52944	5000
3186	5000
15691	5000
10431	5000
62929	5000
62182	5000
22919	5000
393316	5000
16798	5000
62947	5000
199706	5000
12650	5000
262492	5000
26689	5000
51744	5000
14613	5000
11045	5000
29606	5000
15398	5000
199937	5000
46873	5000
24290	5000
4270	5000
200163	5000
53901	5000
263062	5000
14829	5000
45680	5000
62588	5000
28152	5000
57007	5000
52275	5000
58792	5000
53022	5000
132933	5000
393431	5000
46110	5000
262805	5000
20681	5000
393470	5000
131291	5000
52465	5000
45496	5000
20686	5000
263337	5000
200187	5000
21478	5000
201764	5000
52317	5000
61470	5000
262189	5000
52420	5000
52498	5000
52824	5000
17673	5000
29844	5000
29305	5000
45910	5000
58436	5000
10670	5000
29897	5000
39373	5000
52380	5000
63128	5000
12236	5000
24226	5000
61816	5000
35949	5000
201962	5000
201505	5000
32432	5000
11514	5000
45884	5000
27790	5000
62782	5000
33781	5000
22402	5000
50710	5000
13064	5000
263460	5000
4594	5000
28026	5000
11114	5000
28364	5000
9355	5000
32678	5000
30691	5000
40966	5000
52736	5000
3669	5000
196670	5000
54039	5000
133678	5000
50597	5000
393717	5000
36273	5000
45133	5000
61026	5000
32397	5000
59102	5000
2607	5000
201506	5000
262871	5000
133936	5000
199188	5000
59370	5000
47608	5000
57660	5000
37177	5000
37181	5000
22748	5000
51728	5000
263432	5000
9559	5000
132848	5000
131475	5000
48588	5000
132917	5000
20448	5000
63383	5000
21832	5000
12276	5000
201222	5000
36483	5000
52490	5000
60116	5000
52401	5000
26312	5000
39391	5000
34916	5000
53173	5000
63450	5000
11986	5000
34450	5000
10925	5000
393945	5000
32546	5000
18986	5000
29355	5000
26414	5000
63863	5000
19381	5000
30076	5000
30919	5000
134355	5000
394010	5000
11301	5000
53154	5000
198095	5000
28670	5000
264101	5000
9916	5000
25081	5000
200780	5000
6082	5000
133344	5000
53191	5000
46047	5000
28941	5000
52795	5000
39764	5000
262229	5000
32764	5000
11948	5000
48294	5000
12696	5000
44994	5000
64200	5000
200759	5000
394356	5000
132142	5000
49524	5000
52399	5000
263126	5000
201206	5000
327894	5000
198342	5000
16652	5000
3624	5000
57141	5000
18534	5000
37629	5000
7530	5000
53164	5000
52631	5000
42555	5000
15154	5000
17832	5000
262878	5000
198313	5000
201020	5000
202030	5000
30247	5000
62363	5000
131602	5000
25581	5000
47814	5000
11342	5000
28317	5000
49855	5000
263395	5000
48461	5000
37399	5000
33623	5000
18650	5000
39532	5000
262607	5000
262650	5000
263818	5000
41721	5000
63126	5000
265159	5000
34723	5000
262949	5000
135036	5000
23352	5000
21889	5000
52348	5000
12929	5000
394514	5000
264062	5000
52381	5000
50333	5000
198913	5000
262149	5000
57961	5000
60435	5000
52999	5000
203112	5000
28635	5000
63421	5000
37634	5000
196949	5000
202054	5000
27734	5000
27884	5000
131603	5000
53233	5000
21919	5000
262585	5000
51551	5000
52702	5000
135247	5000
43578	5000
264704	5000
55043	5000
264116	5000
8542	5000
262378	5000
204028	5000
20193	5000
56190	5000
203591	5000
30892	5000
20015	5000
135192	5000
28118	5000
3061	5000
262614	5000
327960	5000
30986	5000
26968	5000
17014	5000
199888	5000
198269	5000
31394	5000
202744	5000
327859	5000
33772	5000
200001	5000
201986	5000
23641	5000
197186	5000
3165	5000
32334	5000
131911	5000
64415	5000
27733	5000
202921	5000
199517	5000
199645	5000
49761	5000
32337	5000
52601	5000
196969	5000
200142	5000
12102	5000
31479	5000
263768	5000
327821	5000
207195	5000
199550	5000
198430	5000
201049	5000
199787	5000
20714	5000
26343	5000
198909	5000
50515	5000
204121	5000
202994	5000
52455	5000
8458	5000
201068	5000
264191	5000
11844	5000
207028	5000
133130	5000
62373	5000
131274	5000
200577	5000
9648	5000
197046	5000
201953	5000
263873	5000
393907	5000
135793	5000
61487	5000
198072	5000
202177	5000
26317	5000
52290	5000
62560	5000
264527	5000
59686	5000
14211	5000
199842	5000
132535	5000
35047	5000
206999	5000
395152	5000
199981	5000
265639	5000
264797	5000
199201	5000
14845	5000
7270	5000
262685	5000
133232	5000
196928	5000
15765	5000
207156	5000
40165	5000
264152	5000
42717	5000
56745	5000
18568	5000
50016	5000
264785	5000
61864	5000
199468	5000
38805	5000
29571	5000
31510	5000
24743	5000
265672	5000
37103	5000
263897	5000
266210	5000
136300	5000
52596	5000
37623	5000
262167	5000
46401	5000
328125	5000
327900	5000
52716	5000
136417	5000
56441	5000
263235	5000
28103	5000
206720	5000
59670	5000
266610	5000
262786	5000
262452	5000
134366	5000
136552	5000
10778	5000
28160	5000
36730	5000
37055	5000
265041	5000
134319	5000
264282	5000
7663	5000
32806	5000
52327	5000
52372	5000
30900	5000
265771	5000
206108	5000
263968	5000
10217	5000
27935	5000
133007	5000
263120	5000
267507	5000
264230	5000
265995	5000
52236	5000
37027	5000
131483	5000
263384	5000
264471	5000
52349	5000
263228	5000
52413	5000
263190	5000
16350	5000
24806	5000
5385	5000
27259	5000
265760	5000
265729	5000
57508	5000
265952	5000
201950	5000
328232	5000
136323	5000
25563	5000
61527	5000
43009	5000
135639	5000
132097	5000
51484	5000
18021	5000
200799	5000
19147	5000
197518	5000
395612	5000
395627	5000
47989	5000
205260	5000
132722	5000
265871	5000
15757	5000
200960	5000
42325	5000
263248	5000
136764	5000
263713	5000
263963	5000
37616	5000
263572	5000
5397	5000
327941	5000
131446	5000
43154	5000
137144	5000
266657	5000
131248	5000
31914	5000
203146	5000
63998	5000
60752	5000
59572	5000
134736	5000
52169	5000
134305	5000
135801	5000
198330	5000
60314	5000
265016	5000
24620	5000
60082	5000
267294	5000
266926	5000
16827	5000
204086	5000
204558	5000
203255	5000
205389	5000
198279	5000
132836	5000
64477	5000
204346	5000
202488	5000
21388	5000
46506	5000
61242	5000
59986	5000
48487	5000
134264	5000
132974	5000
136713	5000
328275	5000
205535	5000
268222	5000
45954	5000
263698	5000
28050	5000
28748	5000
265209	5000
197529	5000
136287	5000
263606	5000
18875	5000
3268	5000
328339	5000
37916	5000
396914	5000
202086	5000
133915	5000
328346	5000
23676	5000
266840	5000
264297	5000
206483	5000
23038	5000
37281	5000
200736	5000
132046	5000
136668	5000
25557	5000
263732	5000
63945	5000
396951	5000
394650	5000
396960	5000
61633	5000
266835	5000
137236	5000
31277	5000
37999	5000
56140	5000
209874	5000
394366	5000
58239	5000
25946	5000
48027	5000
57136	5000
266640	5000
209086	5000
29169	5000
9145	5000
51313	5000
37266	5000
266020	5000
199121	4500
17996	4500
27877	4500
52532	4500
25467	4500
20984	4400
9872	4400
33081	4300
53096	4300
328144	4300
52458	4200
9051	4100
135180	4096
135850	4096
135792	4096
137608	4096
137627	4096
264238	4096
262727	4090
136338	4048
53106	4048
132540	4048
23713	4000
42755	4000
34419	4000
28855	4000
15562	4000
21315	4000
31251	4000
52640	4000
29438	4000
198738	4000
203679	4000
41201	4000
30261	4000
57118	4000
203640	4000
200753	4000
47529	4000
20677	4000
63320	4000
18918	4000
51191	4000
38595	4000
395378	4000
265983	4000
263084	4000
61749	4000
40861	4000
205191	4000
20218	4000
263401	4000
26038	4000
267102	4000
137042	4000
262818	4000
206048	4000
328167	4000
202519	4000
63069	4000
134152	4000
328152	4000
132160	4000
136670	4000
138195	4000
209678	4000
210144	4000
18647	4000
17716	4000
396472	4000
136749	4000
30730	4000
19523	4000
37130	4000
267746	4000
13837	4000
15414	4000
52503	4000
137824	4000
132641	4000
54037	4000
39671	4000
61221	4000
138847	4000
134178	4000
31611	4000
209287	4000
208188	4000
207622	4000
397715	4000
265056	4000
266140	4000
61802	4000
268144	4000
22798	4000
131749	4000
17538	4000
59139	4000
137363	4000
24527	4000
138838	4000
58474	4000
133352	4000
58485	4000
38148	4000
38783	4000
45701	4000
135464	4000
138131	4000
59613	4000
30272	4000
135763	4000
207618	4000
133808	4000
209752	4000
139075	4000
52436	4000
59766	4000
268710	4000
34225	4000
29636	4000
20766	4000
33078	4000
44134	4000
33597	4000
38915	4000
30803	4000
28846	4000
41497	4000
56511	4000
202032	4000
30933	4000
134078	4000
327909	4000
262644	4000
18931	4000
264580	4000
52547	4000
202053	4000
39233	4000
24446	4000
264992	4000
134946	4000
24243	4000
34458	3900
266092	3900
33554	3600
25471	3600
266300	3600
267649	3600
23708	3500
13878	3500
28056	3500
200077	3500
52884	3500
136990	3500
52952	3500
267326	3500
268619	3500
138686	3300
208970	3300
38456	3200
265865	3200
44977	3200
37186	3100
139641	3090
38457	3072
264290	3072
134883	3072
132562	3072
134035	3072
135854	3072
131215	3072
58438	3072
263374	3072
134278	3072
262756	3072
135202	3072
131442	3072
58405	3072
135184	3048
38712	3024
202384	3020
53192	3020
39469	3000
12414	3000
33074	3000
30122	3000
27848	3000
30133	3000
27319	3000
27322	3000
6102	3000
26790	3000
12759	3000
24469	3000
21013	3000
49432	3000
43407	3000
1798	3000
50234	3000
19875	3000
10929	3000
34362	3000
14651	3000
25689	3000
55799	3000
41357	3000
19468	3000
8916	3000
33522	3000
134391	3000
134399	3000
134395	3000
134396	3000
18210	3000
58620	3000
134390	3000
48291	3000
50809	3000
22431	3000
262561	3000
56260	3000
56233	3000
13926	3000
52789	3000
34274	3000
135754	3000
37674	3000
393626	3000
49695	3000
40809	3000
199863	3000
132515	3000
45294	3000
26156	3000
201353	3000
393280	3000
50607	3000
52769	3000
17445	3000
262957	3000
11910	3000
37455	3000
28307	3000
133487	3000
19807	3000
264311	3000
52938	3000
135028	3000
43503	3000
37704	3000
132988	3000
262338	3000
43126	3000
265644	3000
48276	3000
37429	3000
38742	3000
206506	3000
200608	3000
134663	3000
35489	3000
265027	3000
28189	3000
264022	3000
12732	3000
136358	3000
133638	3000
267573	3000
45170	3000
205344	3000
328119	3000
131609	3000
328110	3000
267282	3000
45587	3000
47884	3000
205819	3000
266803	3000
262711	3000
133354	3000
328287	3000
62445	3000
263645	3000
266149	3000
327743	3000
131314	3000
210234	3000
48825	3000
268490	3000
135841	3000
38004	3000
39855	3000
24076	3000
136908	3000
14224	3000
203649	3000
37695	3000
197686	3000
201553	3000
39126	3000
63981	3000
15739	3000
35711	3000
52786	3000
209408	3000
36394	3000
60930	3000
200147	3000
23938	3000
267859	3000
266715	3000
37777	3000
34235	3000
12976	3000
37428	3000
209673	3000
207146	3000
50377	3000
43065	3000
46939	3000
328476	3000
137178	3000
268809	3000
135383	3000
328223	3000
132445	3000
199976	3000
327906	3000
262231	3000
38150	3000
135234	3000
138276	3000
266260	3000
197197	3000
50903	3000
59164	3000
134009	3000
61092	3000
135780	3000
135269	3000
48626	2950
21056	2800
265238	2800
47748	2700
52419	2600
131310	2500
34407	2500
28801	2500
28187	2500
262695	2500
31222	2500
61902	2500
52722	2500
52669	2500
60501	2500
52813	2500
57254	2500
202627	2500
134832	2500
198374	2500
262466	2500
264708	2500
264795	2500
133615	2500
23667	2500
267219	2500
52326	2500
264752	2400
204994	2400
55680	2320
197890	2300
265715	2300
200303	2200
207401	2200
48126	2200
37638	2200
24005	2200
24594	2100
201494	2100
137069	2100
132268	2100
267540	2048
7532	2048
42235	2048
136230	2048
27754	2048
205086	2048
138115	2048
27659	2048
58898	2048
134605	2048
27967	2048
393807	2048
132559	2048
134922	2048
53127	2048
135226	2048
52688	2048
5560	2000
2854	2000
51446	2000
198290	2000
263978	2000
266365	2000
205381	2000
204981	2000
202313	2000
266494	2000
135597	2000
265409	2000
37698	2000
24691	2000
200590	2000
6233	2000
205844	2000
135055	2000
209263	2000
33582	2000
33569	2000
43338	2000
398202	2000
202347	2000
139329	2000
134522	2000
43928	2000
29097	2000
206945	2000
200191	2000
31673	2000
205168	2000
133089	2000
268525	2000
267386	2000
266598	2000
268523	2000
266545	2000
270383	2000
265297	2000
52477	2000
135480	2000
24207	2000
138130	2000
137378	2000
24212	2000
138887	2000
38776	2000
63882	2000
134863	2000
196922	2000
139605	2000
50311	2000
63874	2000
137316	2000
139446	2000
56239	2000
139972	2000
208817	2000
139909	2000
31960	2000
36865	2000
201714	2000
138627	2000
328543	2000
139956	2000
135323	2000
135415	2000
131636	2000
55789	2000
137159	2000
28602	2000
26709	2000
263720	2000
135964	2000
396841	2000
52356	2000
263762	2000
7727	2000
138876	2000
135719	2000
37708	2000
6505	2000
135218	2000
138745	2000
139528	2000
269258	2000
60304	2000
30286	2000
43518	2000
209152	2000
6373	2000
47442	2000
139833	2000
209109	2000
41666	2000
34927	2000
207549	2000
138365	2000
207317	2000
208097	2000
327720	2000
23679	2000
38143	2000
49781	2000
138143	2000
139431	2000
45296	2000
131773	2000
58401	2000
139978	2000
138119	2000
138079	2000
136088	2000
137358	2000
14295	2000
18520	2000
132448	2000
38771	2000
34019	2000
8201	2000
23342	2000
3130	2000
24541	2000
27781	2000
39145	2000
12826	2000
29449	2000
41495	2000
8820	2000
47617	2000
18221	2000
46609	2000
41471	2000
35260	2000
36687	2000
14333	2000
45500	2000
39583	2000
26253	2000
55761	2000
47297	2000
38757	2000
11624	2000
55658	2000
132646	2000
199516	2000
17561	2000
263536	2000
28328	2000
52344	2000
15672	2000
197922	2000
19116	2000
37363	2000
204005	2000
263555	2000
61913	2000
327850	2000
22549	2000
264262	2000
134877	2000
131459	2000
38515	2000
134259	2000
266344	2000
328033	2000
59432	2000
263043	2000
54721	2000
327814	2000
48105	2000
263143	2000
262887	2000
133651	2000
52923	2000
394102	2000
265959	2000
59368	2000
135848	2000
42774	2000
60975	2000
136255	2000
136708	2000
35135	2000
327817	2000
24953	2000
30126	2000
2042	2000
41393	2000
197669	2000
20406	2000
23201	2000
56203	2000
29170	2000
133536	2000
38496	2000
52936	2000
327761	2000
37302	2000
328262	2000
268060	1950
52681	1800
61785	1800
263755	1800
56791	1750
262527	1750
47522	1600
266280	1600
53209	1600
13917	1500
47138	1500
35053	1500
16210	1500
29140	1500
6853	1500
1880	1500
53114	1500
28589	1500
53166	1500
61319	1500
37098	1500
264555	1500
263356	1500
62100	1500
264754	1500
42183	1500
262307	1500
12577	1400
37223	1400
51159	1400
24206	1400
198721	1400
6083	1300
48252	1300
61203	1300
43573	1300
49653	1250
137935	1200
15401	1200
43853	1200
139249	1124
131668	1100
17890	1100
267427	1024
133989	1024
23893	1024
55806	1024
18230	1024
9115	1004
29876	1000
36184	1000
23710	1000
24048	1000
21476	1000
12381	1000
29259	1000
18227	1000
55865	1000
40034	1000
39931	1000
197551	1000
63829	1000
35551	1000
51349	1000
48310	1000
47628	1000
17400	1000
263290	1000
42310	1000
24232	1000
49933	1000
51786	1000
263893	1000
133501	1000
264608	1000
60718	1000
24880	1000
45956	1000
39010	1000
131247	1000
135000	1000
137937	1000
25516	1000
266896	1000
52387	1000
27024	1000
23923	1000
201695	1000
131644	1000
21659	1000
134933	1000
57166	1000
267654	1000
138988	1000
262416	1000
207654	1000
207491	1000
6735	1000
60391	1000
52545	1000
52998	1000
58145	1000
7562	1000
266571	1000
268280	1000
30362	1000
267732	1000
37622	1000
39070	1000
36827	1000
267830	1000
269040	1000
267062	1000
21058	1000
267833	1000
16921	1000
328518	1000
53057	1000
269432	1000
49752	1000
51001	1000
63027	1000
133809	1000
207770	1000
136244	1000
207439	1000
45424	1000
131091	1000
139021	1000
22425	1000
269091	1000
206215	1000
205920	1000
269875	1000
139449	1000
213377	1000
268268	1000
36198	1000
23855	1000
139628	1000
213342	1000
41051	1000
134917	1000
62321	1000
135225	1000
35568	1000
138663	1000
36936	1000
268821	1000
53046	1000
53185	1000
54728	1000
57695	1000
136370	1000
57782	1000
58731	1000
328441	1000
4618	1000
138910	1000
20932	1000
24050	1000
33071	1000
34505	1000
6775	1000
7469	1000
17824	1000
42473	1000
15177	1000
37159	1000
3595	1000
27413	1000
59414	1000
47692	1000
31402	1000
28198	1000
27693	1000
202194	1000
26753	1000
24492	1000
132679	1000
133043	1000
17469	1000
199230	1000
327908	1000
45951	1000
50677	1000
262568	1000
17416	1000
262713	1000
25435	1000
53094	1000
132372	1000
41651	1000
135876	1000
134204	1000
135425	1000
136451	1000
52373	1000
41139	1000
48507	1000
134265	1000
133311	1000
39650	1000
204708	1000
136175	1000
328255	1000
205614	1000
205964	1000
205718	1000
37395	1000
328043	1000
136982	1000
137273	1000
203976	1000
204671	1000
32030	1000
57581	1000
204633	1000
328229	1000
206262	1000
33932	1000
135190	1000
42181	1000
137016	1000
35579	900
54210	900
58475	900
209530	900
209291	900
9341	900
21246	900
45220	800
24129	800
17895	800
9189	800
42587	800
266355	800
266133	800
6066	775
28262	750
267126	750
18052	700
263548	700
206782	700
24892	600
266475	600
204909	600
13049	550
55420	550
30889	500
23310	500
11271	500
34746	500
33472	500
15436	500
25752	500
30141	500
41037	500
20507	500
41399	500
1982	500
8481	500
25504	500
29430	500
14970	500
34764	500
13105	500
34144	500
21840	500
44212	500
28929	500
23677	500
20081	500
9290	500
15716	500
31555	500
20483	500
31653	500
33211	500
42937	500
45425	500
24238	500
49867	500
3661	500
4641	500
14166	500
47302	500
17501	500
196967	500
28182	500
36275	500
46373	500
197439	500
2597	500
196763	500
32586	500
26106	500
12431	500
45444	500
48913	500
13591	500
10015	500
57821	500
18149	500
38190	500
35399	500
61044	500
24006	500
47762	500
31319	500
18612	500
36315	500
173	500
27983	500
133444	500
12822	500
11008	500
59752	500
17747	500
199547	500
8310	500
132645	500
8922	500
56109	500
24347	500
59919	500
17970	500
263928	500
37120	500
56204	500
50623	500
25491	500
48847	500
11947	500
35001	500
49640	500
24634	500
21201	500
393629	500
205610	500
262266	500
131996	500
38217	500
57089	500
37190	500
62230	500
267673	500
202806	500
266687	500
204662	500
17689	500
264650	500
34527	500
12556	500
138632	500
53061	500
9601	500
52920	450
35090	400
39615	400
38887	400
31680	400
25433	400
6734	400
16347	400
42492	400
12854	400
197038	400
52186	400
133072	400
328107	400
52051	400
203040	400
204185	400
265890	400
268539	400
5377	400
204188	400
205927	400
28215	400
37472	400
263486	400
327822	400
264602	400
203968	400
28211	400
265356	400
265464	400
267520	400
4558	324
5764	300
10678	300
29471	300
36388	300
9327	300
39180	300
19089	300
48344	300
34578	300
24632	300
45054	300
262716	300
52828	300
28303	300
133318	300
46045	300
264756	300
44207	300
264382	300
137936	300
267801	300
27806	300
32398	300
267083	280
29006	250
265702	250
62166	250
37192	225
29590	200
31055	200
59340	200
328522	200
13287	200
201146	200
61903	200
18719	200
48821	200
268713	200
37286	200
36369	200
207454	200
140219	200
51778	200
328585	200
207394	200
209645	200
208063	200
47902	200
24776	200
39196	200
24381	200
35821	200
9892	200
8338	200
30528	200
5111	200
56662	200
132022	200
58578	200
53216	200
132882	200
327775	200
132376	200
133309	200
134232	200
36889	200
8661	200
132531	120
2499	100
327981	100
44024	100
204438	100
140244	100
213386	100
10557	100
135206	100
27744	100
202301	100
213253	100
55784	100
21158	100
209833	100
16242	100
9229	100
56911	100
33983	100
131477	100
38592	100
138023	100
202479	100
206610	100
203615	60
15434	50
50088	50
13357	50
393853	50
37224	50
213330	50
20291	50
16503	45
55822	40
15469	30
37044	30
36997	30
61417	30
39271	30
43660	25
37209	21
132003	20
269163	20
54049	10
269104	10
21693	10
37062	6
263855	6
37133	5
52423	4
137653	2
13594	2
13273	2
270320	1
6762	0
32787	0
2519	0
31133	0
26193	0
8015	0
17222	0
60497	0
21339	0
8470	0
51324	0
21083	0
327692	0
4755	0
6895	0
327976	0
56196	0
15932	0
57724	0
200125	0
41841	0
56575	0
198529	0
44124	0
196883	0
37424	0
6300	0
198035	0
197318	0
38942	0
42935	0
20530	0
198187	0
48694	0
43171	0
50095	0
200602	0
35199	0
200750	0
197181	0
3169	0
199510	0
44784	0
197345	0
22541	0
200089	0
52031	0
55714	0
43495	0
198007	0
48629	0
41833	0
62328	0
197697	0
199774	0
203937	0
203742	0
35787	0
206910	0
51863	0
197809	0
41379	0
42374	0
197099	0
42852	0
60755	0
29070	0
61154	0
202936	0
197295	0
198709	0
198424	0
198906	0
199265	0
197572	0
203505	0
203306	0
59611	0
198214	0
206489	0
10355	0
263097	0
57890	0
203765	0
199005	0
51101	0
62201	0
197375	0
199381	0
60219	0
196979	0
395478	0
56983	0
57665	0
3352	0
198766	0
201531	0
197437	0
201001	0
51960	0
199341	0
51068	0
265692	0
262690	0
206762	0
37087	0
52414	0
3582	0
59776	0
201332	0
264857	0
57945	0
197766	0
203157	0
33494	0
135895	0
49633	0
264853	0
10803	0
133859	0
206736	0
205073	0
21030	0
52664	0
62184	0
3249	0
206406	0
263699	0
264013	0
199473	0
132556	0
36707	0
205384	0
57332	0
198493	0
56324	0
57701	0
202626	0
57101	0
203582	0
136857	0
197837	0
136336	0
41044	0
50916	0
198081	0
37345	0
19091	0
28468	0
41297	0
203667	0
138222	0
31230	0
327753	0
60265	0
209854	0
24064	0
202434	0
328111	0
268801	0
396300	0
47237	0
206460	0
137597	0
136994	0
328401	0
52473	0
27017	0
10361	0
131954	0
49941	0
12833	0
60119	0
52544	0
199138	0
58158	0
32082	0
37550	0
27993	0
395326	0
209451	0
207306	0
43824	0
134331	0
207834	0
269826	0
328055	0
51185	0
265777	0
205897	0
207071	0
18997	0
56523	0
59598	0
204479	0
24257	0
38207	0
206479	0
135031	0
2486	0
33333	0
47950	0
17048	0
210283	0
50321	0
51262	0
63830	0
26930	0
