32934	29560000
16509	28750000
714	28700000
8075	21380000
13335	16770000
54113	13950000
20940	11656000
22822	9640000
16276	7510000
46489	5640000
6939	5538000
17676	5420000
6805	4080000
33891	4030000
3209	3760000
7342	3400000
31334	3120000
2516	2942000
39386	2910000
3356	2498000
6461	2405000
9498	2160000
2497	2140000
64049	2140000
328058	2000000
4230	1890000
29990	1860000
19679	1840000
8447	1800000
28604	1750000
2119	1740000
6667	1686000
20115	1680000
9002	1672000
63293	1670000
12389	1660000
2856	1600000
1136	1600000
49544	1536000
2518	1500000
5650	1420000
3216	1398000
15133	1390000
2635	1370000
8966	1354000
4181	1312000
2914	1280000
4637	1241000
1267	1240200
8473	1240000
12552	1240000
226	1220000
55391	1200000
38022	1200000
41095	1171000
6730	1140000
17511	1140000
5607	1140000
57344	1120000
21320	1100000
5578	1070000
2527	1040000
9009	1030000
5400	1026000
6830	1020000
15169	1020000
36459	1020000
37447	1001000
15435	1000000
16086	1000000
265950	1000000
6774	960000
52320	920000
8359	912000
7843	910000
61832	892000
12874	880000
2514	880000
12189	880000
56478	880000
15305	860000
29314	860000
36408	851000
5410	840000
5089	820000
25933	820000
12430	820000
20485	810000
22356	806000
6327	802000
34756	800000
2907	800000
328045	800000
16591	790000
2686	782000
680	770000
12989	760000
2818	750000
15557	750000
28663	744000
6079	740000
2603	740000
1103	732000
61955	730000
5645	720000
4760	720000
13285	710000
58453	710000
45899	710000
12713	700000
11164	700000
15704	700000
38634	700000
1547	694000
32098	652000
13030	650000
7195	650000
15412	644000
12322	610000
47541	610000
38082	604000
1273	600000
24203	600000
18734	600000
327693	600000
23620	600000
62041	600000
35228	560000
6507	560000
4556	560000
202276	560000
9304	556000
13768	538000
8717	530000
6509	526000
52580	502000
11260	500000
46786	500000
24785	500000
37100	490000
23393	482000
36692	482000
3292	480000
11404	480000
3630	480000
25192	462000
3265	460000
23520	460000
9534	460000
20880	460000
4800	446000
786	440000
2711	440000
9824	440000
12479	440000
30722	440000
25506	440000
5588	420000
19151	420000
1257	420000
668	420000
23881	420000
29535	420000
132203	420000
27381	420000
13760	420000
264144	420000
14413	416000
7575	404000
812	400000
16637	400000
5432	400000
9121	400000
35320	400000
6661	400000
39651	400000
42708	400000
47377	400000
2510	400000
262206	400000
2851	400000
15962	400000
22646	400000
23563	400000
11888	400000
40356	400000
137872	400000
17072	400000
9318	398000
8657	380000
50384	380000
9680	370000
12083	360000
20504	360000
15802	360000
38091	360000
6057	350000
53180	350000
12714	347000
11232	340000
23576	340000
30600	340000
6128	340000
4134	330000
4739	330000
5378	330000
34224	325000
42525	322000
43531	322000
28368	322000
8529	320000
1741	320000
37662	320000
8426	314000
18403	310000
34984	310000
53013	310000
5413	304000
31500	304000
37271	304000
55818	302200
28580	302000
396253	301000
59605	292000
7738	282000
13037	280000
2852	280000
23184	280000
4685	280000
26615	280000
7545	274000
9269	270000
30517	270000
47764	270000
9505	262000
109	261000
12200	260000
4766	260000
7029	260000
3255	260000
29119	260000
197595	260000
40788	260000
28146	260000
52941	260000
200981	260000
14630	260000
702	255200
3327	254000
18081	250000
3741	246100
2116	242000
262503	242000
2828	240000
7795	240000
31027	240000
4648	240000
9050	240000
12849	240000
58073	240000
19009	240000
6768	240000
393565	240000
46450	240000
262740	240000
137922	240000
53162	234000
38880	232000
13170	232000
2906	230000
48237	230000
31655	230000
62887	230000
3491	228000
4761	228000
23473	222000
47605	222000
4713	220000
293	220000
9930	220000
7992	220000
35753	220000
5009	220000
52840	220000
34218	220000
263327	220000
6697	220000
11269	220000
262287	220000
24115	214000
17451	211000
5713	210210
36089	210000
50304	210000
55900	210000
62955	210000
30081	210000
15224	208000
25180	204000
10474	204000
9231	202000
17639	202000
45158	202000
136106	202000
559	200000
15542	200000
40428	200000
24940	200000
31939	200000
6614	200000
3601	200000
33362	200000
16904	200000
58682	200000
61449	200000
24748	200000
49378	200000
267056	200000
265937	200000
36062	200000
20943	200000
132825	200000
6465	200000
202425	200000
59930	200000
209222	200000
7418	200000
47582	200000
49477	200000
49374	200000
15600	190000
13489	190000
197790	190000
263903	190000
30844	187000
30094	186000
28343	185000
14868	183500
9116	180000
14282	180000
9723	180000
6866	180000
8455	180000
10143	180000
52925	180000
39608	180000
7155	180000
21976	180000
28260	180000
62904	180000
21245	180000
2559	180000
205216	180000
44050	174000
30781	173000
11686	170000
4773	170000
43727	170000
38883	166000
17559	162000
22689	161600
8781	161000
2110	160000
39202	160000
28338	160000
33915	160000
10030	160000
18121	160000
766	160000
35407	160000
62	160000
54183	160000
54312	160000
34867	160000
27715	160000
28126	160000
28158	160000
26801	160000
53766	160000
196925	160000
263297	160000
63221	160000
201641	160000
37153	160000
52871	160000
54133	160000
23889	160000
27475	160000
59027	160000
17885	160000
14061	160000
26415	158000
703	155200
39326	155000
7473	150000
7552	150000
33132	150000
18106	150000
12353	150000
3786	150000
53158	150000
23404	150000
200455	150000
45780	144000
21574	144000
264668	144000
6908	142000
6412	142000
262355	142000
200020	141000
852	140000
29550	140000
12956	140000
13445	140000
577	140000
25885	140000
2860	140000
9595	140000
5603	140000
24033	140000
13124	140000
44053	140000
43205	140000
4258	140000
25512	140000
38790	140000
28331	140000
41998	140000
8095	140000
61400	140000
266989	140000
43332	140000
267469	140000
36924	137000
48919	137000
262773	136000
26162	136000
2687	133000
58507	133000
8632	132000
18705	130000
11758	130000
7670	130000
2611	130000
132132	130000
7679	130000
61102	130000
30990	130000
51069	130000
12731	125000
4788	124000
39912	124000
27471	124000
138132	124000
23148	123000
9924	122450
21385	122400
9031	122000
35432	122000
28716	122000
37168	122000
262848	122000
35213	121000
2152	120200
5769	120000
21502	120000
9070	120000
4787	120000
29695	120000
6181	120000
38858	120000
43646	120000
21321	120000
32184	120000
38819	120000
17709	120000
28171	120000
5483	120000
45204	120000
262428	120000
263073	120000
6848	120000
49685	120000
7415	120000
263665	120000
46	120000
52005	120000
41798	120000
206819	120000
6471	120000
23498	110000
28624	110000
8462	110000
133612	110000
15085	110000
17941	110000
9365	110000
262729	110000
53184	110000
52908	110000
266931	110000
62668	110000
9729	108000
13189	106000
262778	106000
7862	106000
6407	105000
16302	104000
27988	104000
9342	104000
137	103000
13193	102000
26803	102000
34244	102000
262659	102000
262807	102000
25358	101000
1828	101000
10310	100000
5511	100000
25899	100000
19108	100000
13249	100000
30419	100000
9500	100000
7632	100000
36040	100000
58601	100000
34700	100000
49158	100000
13576	100000
263080	100000
262468	100000
8452	100000
7049	100000
42830	100000
197482	100000
12709	100000
23693	100000
31272	100000
19324	100000
6922	100000
35362	100000
327987	100000
45558	100000
264215	100000
136743	100000
10036	100000
21808	100000
50473	100000
26077	100000
131160	100000
4694	100000
28598	100000
133496	100000
20347	100000
50129	100000
20394	100000
47422	100000
38466	96000
6447	95800
15419	92000
37282	92000
53065	92000
22724	91000
43561	90000
17924	90000
27747	90000
12129	90000
14026	90000
262476	90000
52696	90000
43668	90000
11979	90000
58580	88000
58530	88000
26554	87000
14340	86600
9044	86000
8308	86000
28330	86000
24130	84000
12678	84000
52551	84000
3300	83000
12041	83000
3267	82200
19165	82000
6067	82000
22691	82000
3302	82000
11814	82000
9299	82000
15958	82000
32286	82000
8968	82000
35745	82000
28202	82000
52579	82000
37417	82000
45638	82000
14969	82000
64315	82000
28649	81000
38622	80000
8365	80000
29422	80000
11096	80000
17819	80000
27589	80000
38107	80000
44684	80000
25577	80000
21371	80000
39102	80000
36351	80000
39704	80000
25668	80000
20845	80000
60339	80000
31242	80000
8535	80000
35717	80000
15517	80000
1424	80000
13147	80000
8866	80000
4635	80000
21232	80000
22742	80000
41678	80000
28666	80000
5391	80000
28267	80000
1241	80000
18278	80000
9650	80000
8448	80000
19996	80000
18260	80000
18182	80000
56396	80000
16700	80000
41164	80000
35193	80000
28665	80000
36937	80000
58209	80000
47242	80000
24751	80000
21413	80000
25255	80000
10158	80000
48634	80000
54998	80000
38333	80000
22147	80000
8445	80000
5403	80000
28191	80000
10118	80000
17054	80000
51852	80000
262664	80000
53037	80000
197451	80000
12392	80000
56038	80000
132215	80000
9667	80000
3261	80000
63242	80000
58243	80000
17012	80000
132680	80000
48620	80000
50204	80000
394497	80000
44735	80000
719	80000
28576	80000
327991	80000
36873	80000
13807	80000
34058	80000
44416	80000
27919	80000
40526	80000
3754	80000
28554	80000
30818	80000
58941	80000
64220	80000
33438	80000
61157	80000
131917	80000
39899	80000
6307	80000
135262	80000
132296	80000
24703	80000
262731	80000
22697	80000
266167	80000
136784	80000
41194	80000
25019	80000
55182	80000
56444	80000
27925	80000
41206	80000
38327	80000
202409	80000
54827	80000
17583	80000
136907	80000
1759	80000
267484	80000
26446	80000
8540	80000
262847	76000
44843	76000
47481	76000
262760	74000
14492	72000
14361	72000
4657	72000
9354	72000
34610	72000
17922	72000
197888	72000
28125	72000
41018	72000
37613	72000
48166	71000
10098	70200
27524	70000
26496	70000
1680	70000
30041	70000
50643	70000
40029	70000
58307	70000
28229	70000
37693	70000
63516	70000
1659	70000
63290	70000
53240	70000
60169	70000
30838	70000
52468	70000
34120	70000
396356	70000
137831	70000
50050	70000
43729	70000
41275	70000
17665	69000
263421	68000
24324	68000
16570	68000
3320	66000
12859	66000
23930	66000
33011	66000
8674	66000
13000	66000
10003	66000
38758	66000
41552	65000
37358	65000
7475	64200
11666	64000
8487	64000
9264	64000
12310	64000
10029	64000
7311	64000
20121	64000
56258	64000
262865	64000
38987	64000
35761	64000
1239	63000
4780	63000
45352	62600
49290	62500
262532	62464
134697	62100
1836	62000
15576	62000
3701	62000
8399	62000
3262	62000
9246	62000
17547	62000
47195	62000
9957	62000
31463	62000
30539	62000
11142	62000
262505	62000
9902	62000
37678	62000
199319	62000
3257	61000
18283	61000
57866	61000
9749	61000
12654	60200
10835	60200
701	60000
24916	60000
2381	60000
21409	60000
19318	60000
12871	60000
237	60000
6695	60000
29009	60000
2529	60000
12306	60000
20773	60000
40511	60000
7782	60000
36944	60000
6473	60000
41420	60000
39605	60000
11403	60000
26163	60000
9008	60000
48918	60000
1406	60000
8530	60000
33083	60000
25148	60000
13370	60000
17534	60000
18268	60000
34056	60000
39545	60000
36012	60000
59536	60000
1422	60000
18200	60000
26677	60000
36280	60000
10302	60000
45031	60000
42000	60000
35575	60000
2614	60000
55569	60000
23786	60000
47708	60000
47264	60000
7671	60000
18450	60000
36222	60000
38651	60000
262403	60000
13825	60000
61374	60000
52752	60000
51409	60000
10002	60000
24277	60000
39444	60000
23778	60000
9993	60000
3128	60000
10578	60000
19889	60000
202023	60000
21488	60000
63270	60000
9997	60000
3252	60000
28370	60000
262732	60000
21777	60000
262485	60000
197727	60000
37892	60000
9834	60000
53078	60000
262343	60000
133403	60000
12847	60000
9029	60000
16851	60000
327901	60000
36734	60000
21559	60000
53152	60000
134139	60000
30028	60000
28605	60000
42981	60000
41508	60000
16110	60000
18747	60000
48956	60000
35434	60000
196729	60000
43656	60000
59460	60000
133120	60000
265399	60000
26133	60000
202103	60000
131912	60000
206548	60000
202196	60000
29107	60000
263998	60000
40217	60000
18255	60000
56931	60000
23105	60000
45011	60000
39551	60000
39251	60000
8819	60000
131934	60000
54198	60000
131937	60000
49824	60000
39507	60000
60893	60000
205139	60000
35709	60000
35640	60000
263271	60000
20144	58000
58396	58000
20459	57000
20804	56000
28258	56000
27955	56000
13896	56000
266448	55000
28166	54000
55329	54000
398131	53000
13009	52000
3225	52000
199503	52000
41202	52000
59699	51200
262794	51200
56308	51000
28201	51000
132770	51000
32217	51000
31727	50000
4818	50000
23783	50000
8544	50000
12387	50000
23114	50000
40220	50000
54329	50000
50629	50000
35805	50000
19189	50000
262444	50000
52751	50000
10001	50000
7162	50000
290	50000
263880	50000
32505	50000
11550	50000
132934	50000
23704	50000
50073	50000
53147	50000
136557	50000
199408	50000
9457	50000
21367	50000
32233	50000
61189	50000
263616	50000
328437	50000
14860	50000
24429	50000
52937	49000
42	48600
18059	48000
38322	48000
24183	48000
22363	48000
58057	47000
42456	46200
35619	46200
12350	46000
33763	46000
9297	46000
55581	46000
37150	46000
224	46000
26613	46000
24709	45000
37254	45000
20910	45000
43607	45000
60474	44200
34245	44000
1280	44000
13122	44000
34803	44000
10021	44000
16839	44000
4770	44000
24852	44000
327698	44000
53115	44000
28359	44000
132255	44000
7600	44000
51706	44000
327824	44000
204053	44000
327984	44000
41096	44000
204222	44000
51060	44000
44646	44000
38861	44000
50083	44000
133930	44000
136119	44000
268331	43200
62040	43008
25818	42300
10490	42000
7752	42000
16586	42000
27008	42000
27924	42000
15399	42000
4844	42000
16371	42000
6663	42000
13243	42000
38583	42000
4628	42000
22772	42000
25460	42000
57169	42000
55720	42000
57353	42000
50272	42000
24535	42000
57463	42000
262516	42000
28978	42000
51018	42000
262441	42000
49102	42000
199723	42000
200889	42000
200539	42000
395561	42000
16374	42000
60191	42000
137367	42000
55359	42000
38623	41200
37028	41100
53187	41000
59842	41000
264005	41000
262725	41000
197113	41000
328146	41000
11377	40960
7610	40600
45931	40200
9245	40200
61512	40200
8607	40000
8763	40000
15422	40000
6619	40000
25441	40000
25309	40000
35028	40000
16150	40000
3605	40000
8897	40000
27552	40000
17356	40000
6315	40000
35916	40000
30212	40000
18150	40000
41690	40000
15366	40000
16713	40000
30914	40000
6677	40000
25761	40000
12312	40000
31477	40000
16082	40000
5467	40000
2857	40000
20161	40000
8732	40000
2544	40000
2044	40000
21221	40000
12969	40000
8343	40000
855	40000
12676	40000
34594	40000
8608	40000
13868	40000
59900	40000
9293	40000
16735	40000
35819	40000
36416	40000
8057	40000
13536	40000
48971	40000
7713	40000
8903	40000
17514	40000
1930	40000
32869	40000
37105	40000
8896	40000
11030	40000
50295	40000
34555	40000
18678	40000
15474	40000
9186	40000
49788	40000
17955	40000
59835	40000
15763	40000
6679	40000
34456	40000
394739	40000
7642	40000
8821	40000
55480	40000
47155	40000
10297	40000
15440	40000
21099	40000
62047	40000
39832	40000
5619	40000
15497	40000
35017	40000
50606	40000
10973	40000
13730	40000
1251	40000
23316	40000
23678	40000
19169	40000
14265	40000
23089	40000
51243	40000
11835	40000
18129	40000
10094	40000
43833	40000
30950	40000
13360	40000
17882	40000
46043	40000
393223	40000
3333	40000
262744	40000
18978	40000
56329	40000
39642	40000
23314	40000
60955	40000
12996	40000
20836	40000
22799	40000
28224	40000
28667	40000
11815	40000
8055	40000
28668	40000
15502	40000
262854	40000
7057	40000
37596	40000
26609	40000
12338	40000
62752	40000
61231	40000
32204	40000
393523	40000
39184	40000
62715	40000
36112	40000
263311	40000
200052	40000
39090	40000
53597	40000
54665	40000
56828	40000
62455	40000
52962	40000
26120	40000
26479	40000
57864	40000
263055	40000
28349	40000
22085	40000
44356	40000
31115	40000
26292	40000
199860	40000
12670	40000
197013	40000
10733	40000
61438	40000
13739	40000
11468	40000
6994	40000
31950	40000
54527	40000
11924	40000
52689	40000
262696	40000
28131	40000
4581	40000
59384	40000
11280	40000
17310	40000
24611	40000
6325	40000
63124	40000
20952	40000
28310	40000
20850	40000
14627	40000
46435	40000
263544	40000
33713	40000
263535	40000
17809	40000
4809	40000
41046	40000
23669	40000
59899	40000
9615	40000
4557	40000
264397	40000
202119	40000
58708	40000
24249	40000
264543	40000
262699	40000
58589	40000
27364	40000
25083	40000
44914	40000
37439	40000
37515	40000
134053	40000
1342	40000
20717	40000
20715	40000
200852	40000
42504	40000
38924	40000
28145	40000
9146	40000
22442	40000
12735	40000
54290	40000
29866	40000
11240	40000
18419	40000
6122	40000
13977	40000
47438	40000
262457	40000
265206	40000
35205	40000
56890	40000
62499	40000
27618	40000
263516	40000
8387	40000
132323	40000
41549	40000
32212	40000
9946	40000
48793	40000
27216	40000
263482	40000
17726	40000
202895	40000
15669	40000
264437	40000
56282	40000
52531	40000
61584	40000
262676	40000
28134	40000
51619	40000
36866	40000
263427	40000
198537	40000
41026	40000
11014	40000
200594	40000
198948	40000
197667	40000
24271	40000
198418	40000
134033	40000
28545	40000
265130	40000
47254	40000
58863	40000
55805	40000
34092	40000
60860	40000
43509	40000
198525	40000
52106	40000
57249	40000
51636	40000
206890	40000
41160	40000
204126	40000
199250	40000
203658	40000
48503	40000
50705	40000
51390	40000
5582	40000
50767	40000
43571	40000
133206	40000
202228	40000
37700	40000
37701	40000
37699	40000
62622	40000
43679	40000
135814	40000
266409	40000
199434	40000
21171	40000
395466	40000
13381	40000
58942	40000
58943	40000
63839	40000
63832	40000
64219	40000
64216	40000
64222	40000
395081	40000
18274	40000
58548	40000
395383	40000
394625	40000
202120	40000
24745	40000
198551	40000
9694	40000
15924	40000
37340	40000
3662	40000
203165	40000
266211	40000
39431	40000
206314	40000
2590	40000
262548	40000
35614	40000
53231	40000
6917	40000
61917	40000
28658	40000
3479	40000
134312	40000
40317	40000
39840	40000
39871	40000
45187	40000
13767	40000
198371	40000
265061	40000
262594	40000
394308	40000
45269	40000
15659	40000
131920	40000
34612	40000
136838	40000
8895	40000
58713	40000
4673	40000
56318	40000
56635	40000
35237	40000
57279	40000
35539	40000
55872	40000
201105	40000
7337	40000
52766	40000
61053	40000
264450	40000
53156	40000
56864	40000
31004	40000
18390	40000
17608	40000
265359	40000
17889	40000
39798	40000
198612	40000
328278	40000
2682	40000
54578	40000
62282	40000
51048	40000
25454	40000
266444	40000
267530	40000
37317	40000
394073	40000
266341	40000
15624	40000
393979	40000
33166	40000
267201	40000
264023	40000
46276	40000
10947	40000
264270	40000
55943	40000
36493	40000
9435	40000
202414	40000
32564	40000
7838	40000
135662	40000
34702	40000
137562	40000
262456	40000
48287	40000
31200	40000
8369	40000
132692	40000
137557	40000
205881	40000
27745	40000
60415	40000
12455	40000
267624	40000
136518	40000
397095	40000
132528	40000
14593	40000
23540	40000
137280	40000
134220	40000
56309	40000
264150	40000
49624	40000
52007	40000
29588	40000
2526	40000
396125	40000
4652	40000
328170	40000
9795	40000
263779	40000
328417	40000
18676	40000
133898	40000
47478	40000
58171	40000
46375	40000
32415	40000
9136	40000
52772	40000
6846	40000
61201	40000
4857	40000
37468	40000
131745	38200
16211	38000
44654	38000
12693	37500
55666	35500
37333	35000
37157	35000
131744	35000
4851	34000
3462	34000
5416	34000
393891	34000
5564	33000
61573	33000
135060	33000
8752	33000
22438	32000
33182	32000
51918	32000
9416	32000
12470	32000
28250	32000
53171	32000
132453	32000
200043	32000
31257	32000
262409	32000
63859	32000
58376	32000
52662	31100
25542	31000
12779	31000
12703	31000
28130	31000
12926	31000
38511	31000
14380	31000
202004	31000
8280	31000
34577	31000
328242	31000
9155	31000
264460	30400
3856	30020
197091	30010
30972	30000
7784	30000
16245	30000
10594	30000
22561	30000
10075	30000
803	30000
31252	30000
49835	30000
22652	30000
23700	30000
5541	30000
50821	30000
56030	30000
16243	30000
10019	30000
15191	30000
28309	30000
262765	30000
54540	30000
45498	30000
262493	30000
199335	30000
55785	30000
26827	30000
45356	30000
53196	30000
52694	30000
15054	30000
262293	30000
263405	30000
262715	30000
262983	30000
52930	30000
264359	30000
11708	30000
52940	30000
5518	30000
9244	30000
14828	30000
263321	30000
263982	30000
197588	30000
50153	30000
199585	30000
207073	30000
266468	30000
264582	30000
264052	30000
265496	30000
263347	30000
264367	30000
262365	30000
263336	30000
264223	30000
264564	30000
59964	30000
41693	30000
266131	30000
25615	30000
265886	30000
48452	30000
262463	30000
210	30000
264493	30000
200478	30000
13329	30000
7539	30000
268221	30000
61751	30000
131627	30000
133380	30000
32798	30000
202709	30000
55766	30000
137575	30000
41327	30000
13786	30000
199995	30000
9976	30000
56381	30000
267590	30000
266453	30000
266608	30000
24532	30000
45298	30000
7381	30000
44061	30000
48422	30000
209116	30000
328388	30000
32299	29000
72	29000
39792	28000
55862	28000
57119	28000
24186	28000
37273	27000
263542	27000
20634	26000
13002	26000
4775	26000
45896	26000
14717	26000
15699	26000
52888	26000
28209	26000
52660	26000
14701	26000
64475	26000
5118	26000
63928	26000
265278	26000
266498	26000
204805	26000
197473	26000
44964	26000
37451	26000
39823	26000
7131	26000
138064	26000
132476	25800
38220	25000
51795	25000
20960	25000
17828	25000
196879	25000
53052	25000
34006	24220
29608	24200
264598	24096
5430	24000
6130	24000
17660	24000
20969	24000
4927	24000
43708	24000
34108	24000
39869	24000
8902	24000
20764	24000
34087	24000
43545	24000
58451	24000
34790	24000
8246	24000
21430	24000
16178	24000
49455	24000
18229	24000
57151	24000
48559	24000
57356	24000
52439	24000
14633	24000
58779	24000
58980	24000
262318	24000
51263	24000
37276	24000
28124	24000
53102	24000
198736	24000
263265	24000
28226	24000
263394	24000
263329	24000
132164	24000
56099	24000
199846	24000
35306	24000
197400	24000
263237	24000
9652	24000
7656	24000
200781	24000
57513	24000
38769	24000
2847	24000
39067	24000
55259	24000
328327	24000
28169	23600
49888	23400
23871	23200
34347	23000
267521	23000
39479	23000
42947	23000
48539	22528
327962	22528
327756	22528
262352	22048
21069	22000
2915	22000
2153	22000
16186	22000
4150	22000
286	22000
25459	22000
30827	22000
35244	22000
10881	22000
26785	22000
24167	22000
8788	22000
29611	22000
8723	22000
23171	22000
5631	22000
13272	22000
29141	22000
42093	22000
39637	22000
45411	22000
42612	22000
12684	22000
25151	22000
31167	22000
50572	22000
36149	22000
44099	22000
48850	22000
16175	22000
47408	22000
39904	22000
262429	22000
11233	22000
29834	22000
6777	22000
49349	22000
36817	22000
1126	22000
52866	22000
28287	22000
53589	22000
39279	22000
58940	22000
21485	22000
28132	22000
17625	22000
36907	22000
43406	22000
53889	22000
61287	22000
29462	22000
37619	22000
23550	22000
39351	22000
262259	22000
327745	22000
28110	22000
15008	22000
262454	22000
262288	22000
262481	22000
32867	22000
4678	22000
32338	22000
20904	22000
63028	22000
37645	22000
51055	22000
52438	22000
60610	22000
61211	22000
327794	22000
262388	22000
64044	22000
133324	22000
53587	22000
264268	22000
57896	22000
24651	22000
20412	22000
199803	22000
133421	22000
29522	22000
38197	22000
47551	22000
202020	22000
7540	22000
38714	22000
56949	22000
198151	22000
47252	22000
198389	22000
61709	22000
201290	22000
198517	22000
197592	22000
197747	22000
197262	22000
198401	22000
198040	22000
199754	22000
50550	22000
199978	22000
200176	22000
264811	22000
200668	22000
56449	22000
24338	22000
52666	22000
25509	22000
395400	22000
133840	22000
263396	22000
42490	22000
198380	22000
15188	22000
49409	22000
31726	22000
135697	22000
133616	22000
47626	22000
8194	22000
49028	22000
58495	22000
37720	22000
37675	22000
202454	22000
264138	22000
262537	22000
46723	22000
198910	22000
6798	22000
45305	22000
58821	22000
55674	21600
132894	21400
21859	21000
31708	21000
22556	21000
16206	21000
10204	21000
21709	21000
34934	21000
56246	21000
57731	21000
48728	21000
262706	21000
262761	21000
14576	21000
263584	21000
61094	21000
36923	21000
30813	21000
51948	21000
328216	21000
62597	21000
62275	21000
59288	21000
37786	21000
58477	21000
4007	20600
28183	20480
29918	20480
45194	20480
134881	20480
132137	20480
133001	20480
262691	20480
61686	20480
196695	20480
61666	20480
53107	20480
11062	20480
264404	20480
17306	20240
42669	20200
6738	20200
197133	20100
60261	20000
55429	20000
63311	20000
13657	20000
24043	20000
7091	20000
8560	20000
8190	20000
5605	20000
30176	20000
26347	20000
29748	20000
21947	20000
6405	20000
29686	20000
2685	20000
12008	20000
35985	20000
25466	20000
23686	20000
24121	20000
9989	20000
11537	20000
20080	20000
24931	20000
34106	20000
6623	20000
23260	20000
31736	20000
394070	20000
17645	20000
13054	20000
36683	20000
6423	20000
26914	20000
31400	20000
7303	20000
3512	20000
29208	20000
24642	20000
35843	20000
14793	20000
4764	20000
43683	20000
5539	20000
7568	20000
26792	20000
39598	20000
23265	20000
13354	20000
13041	20000
43284	20000
16814	20000
12360	20000
5577	20000
42227	20000
35332	20000
11051	20000
42184	20000
13692	20000
8744	20000
29562	20000
18530	20000
20712	20000
47172	20000
47841	20000
47215	20000
42005	20000
11995	20000
47344	20000
33737	20000
24105	20000
48943	20000
46484	20000
6295	20000
47490	20000
21724	20000
11664	20000
45668	20000
33130	20000
38478	20000
33139	20000
19117	20000
20985	20000
9137	20000
33796	20000
12316	20000
47143	20000
19750	20000
11071	20000
18077	20000
21250	20000
12188	20000
33470	20000
41601	20000
52892	20000
44788	20000
11922	20000
59895	20000
11798	20000
29404	20000
35470	20000
41572	20000
22546	20000
6739	20000
53131	20000
38657	20000
513	20000
30851	20000
46849	20000
22653	20000
4058	20000
14116	20000
45711	20000
8728	20000
13703	20000
26531	20000
12042	20000
44160	20000
53070	20000
18209	20000
29037	20000
49895	20000
46793	20000
20718	20000
39138	20000
16095	20000
19531	20000
40581	20000
51929	20000
6723	20000
23627	20000
13857	20000
20811	20000
21525	20000
24554	20000
19844	20000
10024	20000
27887	20000
41412	20000
25764	20000
6336	20000
9621	20000
12578	20000
600	20000
53175	20000
32613	20000
23816	20000
19782	20000
37235	20000
27947	20000
197377	20000
48500	20000
11123	20000
17246	20000
32365	20000
54154	20000
26167	20000
10653	20000
45634	20000
43852	20000
34270	20000
14877	20000
54652	20000
21412	20000
18199	20000
25780	20000
9584	20000
53306	20000
8823	20000
53100	20000
1120	20000
44858	20000
5056	20000
12033	20000
45280	20000
11242	20000
42239	20000
53349	20000
54376	20000
50673	20000
54225	20000
16724	20000
132267	20000
10102	20000
54327	20000
63060	20000
57187	20000
18400	20000
7849	20000
58656	20000
199339	20000
45437	20000
25273	20000
59940	20000
58010	20000
60717	20000
27026	20000
20771	20000
41281	20000
8245	20000
57068	20000
18049	20000
33604	20000
28277	20000
28294	20000
28153	20000
262777	20000
28306	20000
262903	20000
28571	20000
28284	20000
53066	20000
28591	20000
262780	20000
14571	20000
25447	20000
132857	20000
12536	20000
53195	20000
53130	20000
53080	20000
11475	20000
10996	20000
17685	20000
59497	20000
38043	20000
57029	20000
22177	20000
11081	20000
199364	20000
29485	20000
11195	20000
54929	20000
29933	20000
262333	20000
14103	20000
57193	20000
40700	20000
33606	20000
55923	20000
36444	20000
18516	20000
32421	20000
33515	20000
62239	20000
40413	20000
10993	20000
23274	20000
26288	20000
62915	20000
262434	20000
25653	20000
5664	20000
62874	20000
26838	20000
28366	20000
196844	20000
53143	20000
40676	20000
62523	20000
262704	20000
31877	20000
32479	20000
32100	20000
262420	20000
15267	20000
22921	20000
15108	20000
52251	20000
262150	20000
18094	20000
133534	20000
262620	20000
10886	20000
53221	20000
58299	20000
262230	20000
27833	20000
20207	20000
6368	20000
262724	20000
52558	20000
14463	20000
24730	20000
61951	20000
11414	20000
61871	20000
133579	20000
57963	20000
198203	20000
62469	20000
30466	20000
262989	20000
59214	20000
52846	20000
262377	20000
42775	20000
43317	20000
54002	20000
262402	20000
264531	20000
264492	20000
53224	20000
53122	20000
262675	20000
27768	20000
36445	20000
133420	20000
28163	20000
52685	20000
61950	20000
4540	20000
9022	20000
15280	20000
199256	20000
262667	20000
62183	20000
50148	20000
35074	20000
56301	20000
28066	20000
32710	20000
28219	20000
24278	20000
133873	20000
49063	20000
198477	20000
10481	20000
264425	20000
42845	20000
11976	20000
46455	20000
60690	20000
327893	20000
5690	20000
24309	20000
16832	20000
17483	20000
327826	20000
40028	20000
393965	20000
61244	20000
15433	20000
9999	20000
25068	20000
262256	20000
263587	20000
23913	20000
134363	20000
42567	20000
31769	20000
263668	20000
4043	20000
263789	20000
18616	20000
25003	20000
132167	20000
48642	20000
18351	20000
26271	20000
59	20000
819	20000
32277	20000
263822	20000
6561	20000
61942	20000
263569	20000
29244	20000
263797	20000
25165	20000
9038	20000
25227	20000
201602	20000
133959	20000
198785	20000
7687	20000
11174	20000
42511	20000
8714	20000
42334	20000
16130	20000
8680	20000
43391	20000
58815	20000
263363	20000
28270	20000
28308	20000
11279	20000
53407	20000
262413	20000
35998	20000
17429	20000
263626	20000
29788	20000
13549	20000
19082	20000
15102	20000
134055	20000
55270	20000
21632	20000
25248	20000
52726	20000
51164	20000
52363	20000
20559	20000
133590	20000
25961	20000
18683	20000
54661	20000
28154	20000
24572	20000
19689	20000
135246	20000
52794	20000
262474	20000
134809	20000
52519	20000
52968	20000
263990	20000
133934	20000
8008	20000
394437	20000
55256	20000
196968	20000
328400	20000
62943	20000
264016	20000
52878	20000
58762	20000
45684	20000
202831	20000
64255	20000
203629	20000
52989	20000
197524	20000
45775	20000
264961	20000
201782	20000
327952	20000
19310	20000
52981	20000
61836	20000
62818	20000
198235	20000
199494	20000
51394	20000
64223	20000
201838	20000
133652	20000
32165	20000
27895	20000
10299	20000
197615	20000
43733	20000
32743	20000
263154	20000
264768	20000
58965	20000
52686	20000
27951	20000
46692	20000
57608	20000
262186	20000
264575	20000
27272	20000
263674	20000
35760	20000
50533	20000
40731	20000
48716	20000
200414	20000
199551	20000
51337	20000
134012	20000
35891	20000
60098	20000
53211	20000
29974	20000
25472	20000
262791	20000
55507	20000
53172	20000
35491	20000
60884	20000
57033	20000
394141	20000
27382	20000
36008	20000
202566	20000
199496	20000
55957	20000
11109	20000
206758	20000
52195	20000
265065	20000
199226	20000
262316	20000
57121	20000
7004	20000
28037	20000
263483	20000
57478	20000
264111	20000
60534	20000
27964	20000
39716	20000
41966	20000
262494	20000
59862	20000
18615	20000
202220	20000
7806	20000
395573	20000
395768	20000
136026	20000
52153	20000
57613	20000
262766	20000
61478	20000
50411	20000
41319	20000
395470	20000
265303	20000
17077	20000
395578	20000
50017	20000
42667	20000
206499	20000
58689	20000
31857	20000
135292	20000
263702	20000
49565	20000
23423	20000
48408	20000
395880	20000
134674	20000
1101	20000
11178	20000
35007	20000
23307	20000
264517	20000
59060	20000
197672	20000
51648	20000
13838	20000
202050	20000
132976	20000
264562	20000
6718	20000
395719	20000
135739	20000
133952	20000
394740	20000
328145	20000
57219	20000
201026	20000
394676	20000
34296	20000
14832	20000
58906	20000
29614	20000
6503	20000
61826	20000
263961	20000
45265	20000
12687	20000
52643	20000
12690	20000
25385	20000
44692	20000
202169	20000
131915	20000
202761	20000
264344	20000
263793	20000
131916	20000
265101	20000
263411	20000
196749	20000
263625	20000
205811	20000
61521	20000
328064	20000
201081	20000
196865	20000
135278	20000
27553	20000
53591	20000
53189	20000
135011	20000
265478	20000
198604	20000
38627	20000
23419	20000
24251	20000
262643	20000
7514	20000
264294	20000
28032	20000
199330	20000
60890	20000
206299	20000
36515	20000
50270	20000
131914	20000
28114	20000
63772	20000
328036	20000
6712	20000
22908	20000
41138	20000
17303	20000
38851	20000
52542	20000
53454	20000
6752	20000
132449	20000
265436	20000
198496	20000
56972	20000
42812	20000
197902	20000
327790	20000
393455	20000
41480	20000
265021	20000
395332	20000
46155	20000
40545	20000
62632	20000
41691	20000
53338	20000
35518	20000
262610	20000
394146	20000
396503	20000
62406	20000
25190	20000
266995	20000
19465	20000
27286	20000
137250	20000
135607	20000
40773	20000
63343	20000
54483	20000
264127	20000
13415	20000
61588	20000
61943	20000
204789	20000
266420	20000
204821	20000
199421	20000
15426	20000
32389	20000
8637	20000
15011	20000
49020	20000
267196	20000
44979	20000
20874	20000
266977	20000
267452	20000
263985	20000
266156	20000
134739	20000
263523	20000
205100	20000
43848	20000
31236	20000
196776	20000
265019	20000
5760	20000
31445	20000
23777	20000
18407	20000
51790	20000
23379	20000
132890	20000
394140	20000
27660	20000
63131	20000
263461	20000
64233	20000
63774	20000
267428	20000
60051	20000
38949	20000
41006	20000
197155	20000
265999	20000
134895	20000
28319	20000
202006	20000
267075	20000
51920	20000
1226	20000
262662	20000
54574	20000
266430	20000
25637	20000
268267	20000
132771	20000
47723	20000
20846	20000
37897	20000
11077	20000
11751	20000
262970	20000
131273	20000
197294	20000
265032	20000
18024	20000
131933	20000
54086	20000
57424	20000
200185	20000
55140	20000
137912	20000
265086	20000
136769	20000
40339	20000
196819	20000
29091	20000
393434	20000
136521	20000
11635	20000
39335	20000
132491	20000
37545	20000
263250	20000
29689	20000
198426	20000
27255	20000
134359	20000
2588	20000
49457	20000
31617	20000
61462	20000
266961	20000
266144	20000
138147	20000
266721	20000
41033	20000
131296	20000
40244	20000
32067	20000
3145	20000
47095	20000
59371	20000
267289	20000
397116	20000
201447	20000
394449	20000
202281	20000
267587	20000
50698	20000
131895	20000
196714	20000
197146	20000
209835	20000
19186	20000
44358	20000
50794	20000
36813	20000
203942	20000
46950	20000
56373	20000
3132	20000
50554	20000
63298	20000
30168	20000
35913	20000
268133	20000
35795	20000
6696	20000
12459	20000
29900	20000
264679	20000
9910	20000
132808	20000
57073	20000
25837	20000
33044	20000
52760	20000
23808	20000
266968	20000
197522	20000
23618	20000
23775	20000
210264	20000
264398	20000
14726	20000
265294	20000
397544	20000
265892	20000
51520	20000
268952	20000
37653	20000
17197	20000
328480	20000
264017	20000
131896	20000
264210	20000
267593	20000
265954	20000
266192	20000
209208	20000
2675	20000
57276	20000
16342	20000
9952	20000
267348	20000
267360	20000
328517	20000
263852	20000
204006	20000
208431	20000
26484	20000
266927	20000
37294	20000
266480	20000
15391	20000
37110	20000
46475	20000
199362	20000
19045	20000
14288	20000
45361	20000
8803	20000
20618	20000
56655	20000
32621	20000
207972	20000
7941	20000
19306	20000
138840	20000
268819	20000
264998	20000
262964	20000
52639	20000
27984	20000
41985	20000
20657	20000
137373	20000
22534	20000
328538	20000
37020	20000
37453	20000
327738	20000
39065	20000
134369	20000
39902	20000
396501	20000
133339	20000
9891	20000
35137	20000
397806	20000
43060	20000
207353	20000
264524	19000
208477	18100
7500	18000
39806	18000
6648	17000
262819	17000
205081	17000
25482	16384
14609	16000
35833	16000
33480	16000
21880	16000
39543	16000
7048	16000
35940	16000
268323	16000
31800	15200
48072	15100
58820	15000
15447	15000
264491	15000
265484	15000
59156	15000
264939	15000
61570	14000
262822	14000
17978	14000
53246	14000
266152	14000
202805	14000
263531	13500
55653	13500
8943	13200
29668	13000
33920	13000
45769	13000
262828	13000
61888	13000
131755	13000
263649	13000
52977	13000
52444	13000
262417	13000
55814	13000
56286	13000
57877	13000
48011	13000
38896	13000
9326	13000
58392	13000
63862	13000
135582	13000
137166	12288
199659	12200
47275	12200
327750	12048
21396	12000
18779	12000
9313	12000
40300	12000
198440	12000
2602	12000
2134	12000
57928	12000
21267	12000
33725	12000
262733	12000
61730	12000
37154	12000
264228	12000
49638	12000
263089	12000
23860	12000
327950	12000
133676	12000
37195	12000
38541	12000
203687	12000
59945	12000
43760	12000
18422	12000
52661	12000
263647	12000
266263	12000
137142	12000
266347	12000
138816	12000
206478	12000
264514	12000
267055	12000
133838	12000
38147	12000
138100	12000
263442	11500
31250	11500
61134	11264
206184	11264
51784	11100
53142	11024
327992	11024
13680	11000
29551	11000
7521	11000
21513	11000
9658	11000
23756	11000
36143	11000
8677	11000
51944	11000
33302	11000
45763	11000
7005	11000
53708	11000
56229	11000
132931	11000
133658	11000
23628	11000
263661	11000
32160	11000
28773	11000
201106	11000
59953	11000
51681	11000
11647	11000
36914	11000
49787	11000
48727	11000
24536	11000
134316	11000
21140	11000
39192	11000
263591	11000
137331	11000
33544	11000
51569	11000
42692	11000
136093	11000
39505	11000
59279	11000
9830	11000
264925	10600
43500	10240
18886	10240
17439	10240
59816	10240
328164	10240
265451	10240
45528	10240
53097	10150
30740	10000
5459	10000
16265	10000
21392	10000
20495	10000
42455	10000
15743	10000
48268	10000
39591	10000
6643	10000
5524	10000
53563	10000
48292	10000
24521	10000
49909	10000
5396	10000
55879	10000
12941	10000
58587	10000
198781	10000
17506	10000
23465	10000
262750	10000
23106	10000
262394	10000
262539	10000
53008	10000
262673	10000
7020	10000
9201	10000
25375	10000
133854	10000
56910	10000
28352	10000
264360	10000
33808	10000
263801	10000
262979	10000
52858	10000
17426	10000
134732	10000
262893	10000
17997	10000
262346	10000
265147	10000
263314	10000
52911	10000
263833	10000
52539	10000
199610	10000
59444	10000
264577	10000
50231	10000
201754	10000
13150	10000
29465	10000
262692	10000
131607	10000
133613	10000
262268	10000
61006	10000
53199	10000
200064	10000
38442	10000
52973	10000
263270	10000
265429	10000
24173	10000
263196	10000
52339	10000
45118	10000
45349	10000
204861	10000
49296	10000
267095	10000
266713	10000
266400	10000
22324	10000
203261	10000
267280	10000
396040	10000
20919	10000
39337	10000
267399	10000
48438	10000
263947	10000
263840	10000
209813	10000
133410	10000
138570	10000
394151	10000
268126	10000
47203	10000
53356	10000
268548	10000
64115	10000
394302	10000
6059	10000
1640	10000
11272	10000
138576	10000
54506	10000
29802	10000
1916	10000
202596	10000
60945	10000
10279	10000
33164	10000
7516	10000
196954	10000
42705	10000
21277	10000
12857	10000
207588	10000
201102	10000
10099	10000
207199	10000
48128	10000
210278	10000
131960	10000
46595	10000
135010	10000
134618	10000
139225	10000
267522	10000
37680	10000
52951	10000
263518	10000
262900	10000
268749	10000
28656	10000
269462	10000
263067	10000
266059	10000
270299	10000
264186	10000
269499	10000
264596	10000
269208	10000
46023	10000
138839	10000
24299	10000
38081	10000
20001	10000
19035	10000
62712	10000
62819	10000
9751	10000
207054	10000
12796	10000
37356	10000
59276	10000
133803	10000
17995	10000
378	10000
36311	10000
64313	10000
205813	10000
210142	10000
209328	10000
33951	10000
60816	10000
328536	10000
32437	10000
267278	10000
55003	10000
57999	10000
56668	10000
3223	10000
263009	10000
265383	10000
265038	10000
45278	10000
19551	10000
137001	10000
16604	10000
263155	10000
19754	10000
16803	10000
2731	10000
45705	10000
11767	10000
267	10000
31042	10000
23486	10000
27979	10000
45754	10000
45804	10000
133296	10000
12883	10000
31202	10000
56528	10000
139734	10000
29357	10000
50475	10000
57844	10000
13681	10000
14979	10000
53764	10000
393573	10000
395471	10000
49192	10000
37783	10000
328395	10000
37682	10000
22941	10000
64300	10000
196755	10000
39923	10000
35699	10000
31452	10000
139970	10000
6515	10000
267815	10000
59347	10000
56264	10000
43533	10000
210323	10000
35847	10000
12365	10000
34718	10000
208751	10000
29785	10000
198857	9900
44953	9000
12597	9000
31595	9000
51290	9000
262488	9000
9785	9000
28890	9000
136696	9000
131758	9000
48424	8800
34135	8600
31078	8400
44123	8400
53237	8300
30071	8200
52475	8192
51945	8100
57723	8048
3213	8000
35706	8000
41692	8000
33079	8000
24047	8000
25061	8000
33843	8000
39301	8000
8664	8000
32880	8000
34171	8000
25295	8000
42004	8000
42303	8000
55518	8000
20722	8000
197000	8000
29014	8000
38280	8000
29545	8000
197692	8000
47622	8000
29680	8000
8301	8000
20365	8000
133075	8000
199947	8000
32563	8000
393513	8000
262464	8000
27940	8000
28009	8000
5505	8000
263076	8000
327813	8000
38565	8000
4508	8000
45287	8000
55521	8000
30798	8000
61928	8000
28257	8000
203421	8000
58650	8000
37342	8000
45686	8000
263774	8000
264765	8000
14522	8000
206342	8000
262509	8000
328156	8000
132847	8000
263776	8000
61822	8000
137410	8000
33452	8000
265656	8000
23815	8000
17482	8000
267554	8000
136873	8000
263478	7800
265426	7096
7908	7000
15211	7000
49405	7000
23074	7000
50837	7000
51646	7000
38753	7000
262730	7000
55685	7000
17671	7000
45707	7000
53050	7000
45288	7000
136841	7000
263378	7000
49463	6600
30880	6400
51254	6400
22873	6200
31235	6200
53165	6200
200794	6200
24204	6200
262336	6144
55832	6096
15589	6068
4434	6020
12902	6000
15657	6000
2128	6000
33419	6000
250	6000
15766	6000
41391	6000
8784	6000
25593	6000
8513	6000
17920	6000
13135	6000
8553	6000
44980	6000
17666	6000
20915	6000
37986	6000
39636	6000
13826	6000
27822	6000
43013	6000
34304	6000
18559	6000
4677	6000
51906	6000
55644	6000
39287	6000
57633	6000
58404	6000
16253	6000
37090	6000
43858	6000
37519	6000
52965	6000
197617	6000
54119	6000
45348	6000
46156	6000
11179	6000
53169	6000
52352	6000
27879	6000
28590	6000
53218	6000
53088	6000
38289	6000
24195	6000
53139	6000
47027	6000
549	6000
262684	6000
9519	6000
3067	6000
34768	6000
394530	6000
133720	6000
262993	6000
203086	6000
36868	6000
52932	6000
35313	6000
134622	6000
135484	6000
36965	6000
198091	6000
37482	6000
197447	6000
133660	6000
61968	6000
263251	6000
132004	6000
37479	6000
266177	6000
39816	6000
265972	6000
18103	6000
62227	6000
136302	6000
136373	6000
9129	6000
48067	6000
197204	6000
138296	6000
262453	6000
138995	6000
269060	6000
266346	5500
209218	5444
328423	5120
34624	5100
13237	5000
8545	5000
2595	5000
43890	5000
42459	5000
43942	5000
36731	5000
43323	5000
28657	5000
44431	5000
48504	5000
263308	5000
53230	5000
262902	5000
60134	5000
52765	5000
135526	5000
328160	5000
137352	5000
137121	5000
204196	5000
266972	5000
262889	5000
50472	5000
209400	5000
34569	5000
34549	5000
265158	5000
38524	5000
139967	5000
61064	5000
8565	4600
35655	4500
135301	4500
9104	4400
41090	4400
24028	4400
44295	4400
199660	4400
199150	4400
28065	4300
9153	4200
8554	4200
33845	4200
31543	4200
29286	4200
53116	4200
34683	4200
41153	4200
138211	4100
38310	4096
10704	4096
52869	4096
17754	4096
265141	4096
328032	4096
52300	4096
263739	4096
203885	4096
56507	4096
58408	4048
20799	4000
20640	4000
15594	4000
29452	4000
15290	4000
14280	4000
34486	4000
34119	4000
5409	4000
8195	4000
3224	4000
41913	4000
33811	4000
7829	4000
16467	4000
53459	4000
33082	4000
23712	4000
33072	4000
30129	4000
33077	4000
30134	4000
30128	4000
52243	4000
30132	4000
33558	4000
23711	4000
23709	4000
58406	4000
30962	4000
16842	4000
9710	4000
2863	4000
39104	4000
28001	4000
31383	4000
26228	4000
37996	4000
8222	4000
25152	4000
12634	4000
34997	4000
34021	4000
34781	4000
15782	4000
3561	4000
13284	4000
29083	4000
35156	4000
24973	4000
25976	4000
41960	4000
11190	4000
45037	4000
35584	4000
8038	4000
40015	4000
9583	4000
23752	4000
29846	4000
48484	4000
37652	4000
36943	4000
11796	4000
50032	4000
13722	4000
47836	4000
23829	4000
30295	4000
17961	4000
43100	4000
8587	4000
4777	4000
53424	4000
24753	4000
16523	4000
35719	4000
24951	4000
50244	4000
50763	4000
14232	4000
33835	4000
44902	4000
38437	4000
41289	4000
45816	4000
13157	4000
31662	4000
17088	4000
12775	4000
57315	4000
44314	4000
1304	4000
51896	4000
51483	4000
6851	4000
37312	4000
45932	4000
53727	4000
9123	4000
197422	4000
24029	4000
38235	4000
49604	4000
23949	4000
27665	4000
6660	4000
58560	4000
52462	4000
42204	4000
24518	4000
24550	4000
44608	4000
35799	4000
15072	4000
56990	4000
18206	4000
49300	4000
51514	4000
39783	4000
198423	4000
45839	4000
12290	4000
20555	4000
16168	4000
42400	4000
8789	4000
31328	4000
59410	4000
29263	4000
262792	4000
51406	4000
16174	4000
50737	4000
9328	4000
35834	4000
197653	4000
43190	4000
53698	4000
35180	4000
199283	4000
48972	4000
49605	4000
25093	4000
5602	4000
43252	4000
28757	4000
53494	4000
59620	4000
49360	4000
28239	4000
28141	4000
53140	4000
28279	4000
133023	4000
45725	4000
132837	4000
262952	4000
53869	4000
3324	4000
9165	4000
47727	4000
3220	4000
54643	4000
37628	4000
10133	4000
198184	4000
54523	4000
41847	4000
262500	4000
53861	4000
29881	4000
37002	4000
263499	4000
133389	4000
262862	4000
53178	4000
28615	4000
37775	4000
29583	4000
262933	4000
63034	4000
47228	4000
23673	4000
62537	4000
52431	4000
7772	4000
262737	4000
10617	4000
52323	4000
202042	4000
37656	4000
12143	4000
61924	4000
52877	4000
36898	4000
16162	4000
60899	4000
38506	4000
28216	4000
18046	4000
46886	4000
131584	4000
41059	4000
201791	4000
56182	4000
55652	4000
28327	4000
59185	4000
264470	4000
26563	4000
18393	4000
29104	4000
37576	4000
39072	4000
200700	4000
55427	4000
62502	4000
58627	4000
133881	4000
327939	4000
31459	4000
36909	4000
59933	4000
393874	4000
203851	4000
264590	4000
134325	4000
393350	4000
134295	4000
262645	4000
55699	4000
134021	4000
61397	4000
201508	4000
60670	4000
43558	4000
393662	4000
328023	4000
59954	4000
264723	4000
202867	4000
13006	4000
201990	4000
28323	4000
11399	4000
204019	4000
35585	4000
52079	4000
203140	4000
200438	4000
198416	4000
22518	4000
60917	4000
199410	4000
45561	4000
47627	4000
202918	4000
15190	4000
135543	4000
63529	4000
7597	4000
15734	4000
60458	4000
20832	4000
52967	4000
263070	4000
198391	4000
37324	4000
9893	4000
21774	4000
203741	4000
206894	4000
52009	4000
197418	4000
199413	4000
39107	4000
199338	4000
56783	4000
48742	4000
48685	4000
11046	4000
40752	4000
39560	4000
52101	4000
131303	4000
203548	4000
327751	4000
59165	4000
203230	4000
39729	4000
57221	4000
203223	4000
8550	4000
132734	4000
207101	4000
23169	4000
198591	4000
44974	4000
262770	4000
45706	4000
44503	4000
199451	4000
39566	4000
202971	4000
41882	4000
52909	4000
48846	4000
266630	4000
262195	4000
206373	4000
58894	4000
42180	4000
263445	4000
26198	4000
267588	4000
263675	4000
263728	4000
5401	4000
265699	4000
205388	4000
264815	4000
52680	4000
264923	4000
36640	4000
136885	4000
58927	4000
10022	4000
60430	4000
137080	4000
262518	4000
198891	4000
12630	4000
15035	4000
205296	4000
64234	4000
265806	4000
17537	4000
137246	4000
206442	4000
137851	4000
131775	4000
200480	4000
135869	4000
134856	4000
5500	4000
197645	4000
137295	4000
204536	4000
51023	4000
266866	4000
58146	4000
135419	4000
138174	4000
49088	4000
55679	4000
264996	4000
135843	4000
12565	4000
45937	4000
133971	4000
29424	4000
18350	4000
138009	4000
138359	4000
200278	4000
37347	4000
8393	4000
5406	4000
205442	4000
47680	4000
268503	4000
24132	4000
209261	4000
263869	4000
55247	4000
42300	4000
206640	4000
394914	4000
37627	4000
397524	4000
328237	4000
33791	4000
29446	4000
267117	4000
34936	4000
37109	4000
28244	4000
55670	4000
131717	4000
45312	4000
138829	4000
135763	4000
4608	3600
262557	3600
44514	3500
4765	3450
17374	3200
36217	3200
48920	3200
60602	3200
202322	3200
53096	3100
266470	3048
31126	3040
37357	3024
34011	3000
42476	3000
14390	3000
31715	3000
26788	3000
8491	3000
12835	3000
15692	3000
7522	3000
23661	3000
3599	3000
33125	3000
24523	3000
28207	3000
4666	3000
52458	3000
58910	3000
5692	3000
20928	3000
25943	3000
263393	3000
200428	3000
28073	3000
25471	3000
264009	3000
133797	3000
134929	3000
23696	3000
22080	3000
38200	3000
201333	3000
35695	3000
48712	3000
47850	3000
135465	3000
327922	3000
264297	3000
263480	3000
136632	3000
200392	3000
209086	3000
134178	3000
135383	3000
206404	3000
263019	3000
267620	3000
134643	3000
136131	3000
135468	3000
58482	3000
59155	3000
24530	3000
139425	3000
133817	3000
38150	3000
136861	3000
139947	3000
60810	3000
61600	3000
44141	2900
262811	2800
2484	2600
7717	2600
268568	2600
266092	2600
9145	2500
23541	2400
44583	2400
50858	2400
45950	2400
38477	2400
201877	2400
21351	2400
198271	2400
48374	2400
10135	2400
17473	2400
135423	2400
267649	2400
50467	2300
204264	2248
132901	2248
9092	2200
2500	2200
20917	2200
29246	2200
17435	2200
39600	2200
31576	2200
50620	2200
7631	2200
29513	2200
20984	2200
44334	2200
9872	2200
14500	2200
198093	2200
16218	2200
16191	2200
13226	2200
16363	2200
199248	2200
199396	2200
17996	2200
62336	2200
27865	2200
198334	2200
32614	2200
23774	2200
23666	2200
25467	2200
43019	2200
14551	2200
327700	2200
133173	2200
328144	2200
138686	2200
208970	2200
33081	2100
18104	2100
50796	2100
44977	2100
139641	2060
22989	2048
35184	2048
27345	2048
196640	2048
263589	2048
56209	2048
27932	2048
263128	2048
27789	2048
262753	2048
12305	2048
58969	2048
26068	2048
28438	2048
263917	2048
44084	2048
41522	2048
135253	2048
198216	2048
29245	2048
135180	2048
58725	2048
135861	2048
131215	2048
135850	2048
266374	2048
37030	2048
30988	2048
135792	2048
57079	2048
28639	2048
132923	2048
136330	2048
25328	2048
267121	2048
136533	2048
136480	2048
133967	2048
133664	2048
137608	2048
135202	2048
263459	2048
267540	2048
137627	2048
262727	2030
133718	2024
37650	2020
58683	2000
19817	2000
10255	2000
12059	2000
28877	2000
31216	2000
16559	2000
13101	2000
19752	2000
3043	2000
25975	2000
5462	2000
20704	2000
8804	2000
4837	2000
10848	2000
29215	2000
31661	2000
5418	2000
26627	2000
14833	2000
24557	2000
19214	2000
25286	2000
40528	2000
16876	2000
32105	2000
40193	2000
46199	2000
15149	2000
24077	2000
27318	2000
30123	2000
23713	2000
25572	2000
24049	2000
27320	2000
27916	2000
33073	2000
28054	2000
30130	2000
30131	2000
40475	2000
8495	2000
15773	2000
4319	2000
36824	2000
13246	2000
42366	2000
40068	2000
38181	2000
26972	2000
9497	2000
42755	2000
34419	2000
5568	2000
29488	2000
8596	2000
43436	2000
11830	2000
24989	2000
15935	2000
34960	2000
28859	2000
29655	2000
34554	2000
14585	2000
31641	2000
40495	2000
6903	2000
12968	2000
38321	2000
4795	2000
3248	2000
8092	2000
6900	2000
18392	2000
42585	2000
56065	2000
8648	2000
5726	2000
49190	2000
25473	2000
21101	2000
24586	2000
41644	2000
8391	2000
48519	2000
12348	2000
22781	2000
44259	2000
50857	2000
13871	2000
21013	2000
44765	2000
39915	2000
25795	2000
393225	2000
10745	2000
393220	2000
394018	2000
31972	2000
17579	2000
48885	2000
42416	2000
23308	2000
14866	2000
15857	2000
39449	2000
42760	2000
49432	2000
7296	2000
7595	2000
9167	2000
46195	2000
49492	2000
31474	2000
24796	2000
13214	2000
48514	2000
19528	2000
21336	2000
42605	2000
46656	2000
31147	2000
38456	2000
1133	2000
29243	2000
9266	2000
48315	2000
4280	2000
49854	2000
43782	2000
43911	2000
47328	2000
20569	2000
5683	2000
26088	2000
28196	2000
21864	2000
49820	2000
24321	2000
49983	2000
44219	2000
50066	2000
42973	2000
38948	2000
28855	2000
48284	2000
12541	2000
17444	2000
50087	2000
38149	2000
9026	2000
30162	2000
38544	2000
8859	2000
9877	2000
30583	2000
52841	2000
1850	2000
26546	2000
51040	2000
6850	2000
35223	2000
5071	2000
8950	2000
12347	2000
23779	2000
53582	2000
22300	2000
40739	2000
20501	2000
48528	2000
37113	2000
50370	2000
9003	2000
50292	2000
51224	2000
50719	2000
53093	2000
20633	2000
36052	2000
15388	2000
29297	2000
30640	2000
25139	2000
38199	2000
46064	2000
196689	2000
46235	2000
19842	2000
51218	2000
15301	2000
196621	2000
41628	2000
28707	2000
55799	2000
50683	2000
55915	2000
44009	2000
16217	2000
8330	2000
2470	2000
46309	2000
13573	2000
20738	2000
16866	2000
28192	2000
43599	2000
2108	2000
46231	2000
33005	2000
6834	2000
52102	2000
21911	2000
7753	2000
49232	2000
197764	2000
13746	2000
31564	2000
26918	2000
56848	2000
29152	2000
9931	2000
57124	2000
53837	2000
3401	2000
30998	2000
53948	2000
45144	2000
54046	2000
27464	2000
12757	2000
57423	2000
38278	2000
27541	2000
51823	2000
18588	2000
28165	2000
39318	2000
50387	2000
198239	2000
29553	2000
39310	2000
39470	2000
33522	2000
42841	2000
57202	2000
20924	2000
41872	2000
27626	2000
12540	2000
46215	2000
4224	2000
53389	2000
48362	2000
52328	2000
41811	2000
46664	2000
132111	2000
14746	2000
12327	2000
33748	2000
24582	2000
5017	2000
54444	2000
54415	2000
57381	2000
33361	2000
6086	2000
51050	2000
57516	2000
198570	2000
15562	2000
34510	2000
198818	2000
12502	2000
59560	2000
16004	2000
40999	2000
45945	2000
34233	2000
12975	2000
36959	2000
50372	2000
41695	2000
33854	2000
21315	2000
57228	2000
28654	2000
198492	2000
34942	2000
40850	2000
262787	2000
3633	2000
48297	2000
19233	2000
50468	2000
61215	2000
197219	2000
55350	2000
51886	2000
50206	2000
31251	2000
198288	2000
10654	2000
9208	2000
10367	2000
132435	2000
34868	2000
21461	2000
18638	2000
132730	2000
132536	2000
29998	2000
198554	2000
197736	2000
27193	2000
49902	2000
49505	2000
36958	2000
16737	2000
38781	2000
132426	2000
9280	2000
56833	2000
21360	2000
262680	2000
52640	2000
262757	2000
53235	2000
28640	2000
132774	2000
262721	2000
60532	2000
12362	2000
262839	2000
29231	2000
52625	2000
14558	2000
52896	2000
61337	2000
50968	2000
20338	2000
32738	2000
49792	2000
197589	2000
22750	2000
37079	2000
59554	2000
26320	2000
29438	2000
262501	2000
132876	2000
198738	2000
3842	2000
60362	2000
3250	2000
52836	2000
203679	2000
52944	2000
3186	2000
15691	2000
10431	2000
52550	2000
62929	2000
62182	2000
22919	2000
393316	2000
16798	2000
62947	2000
199706	2000
12650	2000
262492	2000
26689	2000
51744	2000
14613	2000
11045	2000
29606	2000
15398	2000
199937	2000
46873	2000
24290	2000
4270	2000
200163	2000
53901	2000
263062	2000
14829	2000
45680	2000
62588	2000
28152	2000
57007	2000
62838	2000
52275	2000
58792	2000
53022	2000
132933	2000
393431	2000
46110	2000
262805	2000
20681	2000
393470	2000
131291	2000
52465	2000
45496	2000
20686	2000
263337	2000
200187	2000
21478	2000
201764	2000
52317	2000
61470	2000
262189	2000
52420	2000
52498	2000
52824	2000
17673	2000
29844	2000
29305	2000
45910	2000
58436	2000
10670	2000
29897	2000
39373	2000
52380	2000
63128	2000
12236	2000
17069	2000
24226	2000
61816	2000
35949	2000
201962	2000
201505	2000
47169	2000
32432	2000
11514	2000
45884	2000
27790	2000
62782	2000
33781	2000
41201	2000
22402	2000
50710	2000
13064	2000
263460	2000
4594	2000
28026	2000
11114	2000
132919	2000
28364	2000
9355	2000
32678	2000
30691	2000
40966	2000
52736	2000
3669	2000
196670	2000
54039	2000
133678	2000
50597	2000
393717	2000
36273	2000
45133	2000
61026	2000
32397	2000
59102	2000
2607	2000
201506	2000
262871	2000
133936	2000
200983	2000
199188	2000
59370	2000
47608	2000
57660	2000
30261	2000
37177	2000
37181	2000
22748	2000
51728	2000
263432	2000
9559	2000
132848	2000
131475	2000
199863	2000
48588	2000
132917	2000
20448	2000
63383	2000
21832	2000
12276	2000
54042	2000
201222	2000
36483	2000
52490	2000
60116	2000
52401	2000
26312	2000
39391	2000
34916	2000
53173	2000
63450	2000
11986	2000
34450	2000
10925	2000
393945	2000
32546	2000
18986	2000
29355	2000
26414	2000
63863	2000
19381	2000
30076	2000
30919	2000
134355	2000
394010	2000
11301	2000
53154	2000
57118	2000
198095	2000
28670	2000
264101	2000
9916	2000
25081	2000
200780	2000
6082	2000
60157	2000
133344	2000
53191	2000
46047	2000
53197	2000
28941	2000
52795	2000
39764	2000
262229	2000
32764	2000
11948	2000
48294	2000
12696	2000
44994	2000
201353	2000
64200	2000
200759	2000
394356	2000
132142	2000
49524	2000
264130	2000
52399	2000
263126	2000
201206	2000
327894	2000
16039	2000
198342	2000
16652	2000
327943	2000
55219	2000
3624	2000
57141	2000
18534	2000
37629	2000
201054	2000
7530	2000
53164	2000
52631	2000
42555	2000
203640	2000
15154	2000
17832	2000
200753	2000
7489	2000
262878	2000
198313	2000
201020	2000
202030	2000
30247	2000
62363	2000
131602	2000
25581	2000
47814	2000
11342	2000
28317	2000
49855	2000
263395	2000
48461	2000
37399	2000
33623	2000
18650	2000
39532	2000
262607	2000
262650	2000
263818	2000
41721	2000
63126	2000
133487	2000
265159	2000
34723	2000
262949	2000
135036	2000
23352	2000
21889	2000
30999	2000
52348	2000
12929	2000
394514	2000
264062	2000
52381	2000
50333	2000
198913	2000
262149	2000
57961	2000
60435	2000
52999	2000
203112	2000
28635	2000
63421	2000
37634	2000
196949	2000
202054	2000
27734	2000
19807	2000
27884	2000
131603	2000
53233	2000
21919	2000
262585	2000
51551	2000
52702	2000
135247	2000
43578	2000
264704	2000
55043	2000
264116	2000
8542	2000
262374	2000
262378	2000
204028	2000
20193	2000
56190	2000
203591	2000
30892	2000
20015	2000
47529	2000
2606	2000
135192	2000
28118	2000
20677	2000
52938	2000
3061	2000
262614	2000
327960	2000
30986	2000
63320	2000
42228	2000
26968	2000
17014	2000
199888	2000
198269	2000
31394	2000
202744	2000
18840	2000
327859	2000
33772	2000
200001	2000
201986	2000
23641	2000
197186	2000
3165	2000
32334	2000
135028	2000
43503	2000
131911	2000
64415	2000
27733	2000
202921	2000
199517	2000
199645	2000
49761	2000
32337	2000
52601	2000
196969	2000
200142	2000
12102	2000
31479	2000
263768	2000
327821	2000
207195	2000
199550	2000
198430	2000
201049	2000
199787	2000
20714	2000
26343	2000
198909	2000
9051	2000
50515	2000
204121	2000
202994	2000
52455	2000
8458	2000
201068	2000
264191	2000
11844	2000
207028	2000
133130	2000
62373	2000
37704	2000
131274	2000
200577	2000
9648	2000
197046	2000
262296	2000
201953	2000
263873	2000
393907	2000
135793	2000
61487	2000
45650	2000
198072	2000
202177	2000
26317	2000
52290	2000
62560	2000
264527	2000
59686	2000
14211	2000
199842	2000
18918	2000
132535	2000
35047	2000
206999	2000
395152	2000
199981	2000
265639	2000
264797	2000
199201	2000
43126	2000
14845	2000
7270	2000
262685	2000
133232	2000
196928	2000
15765	2000
207156	2000
262788	2000
199790	2000
40165	2000
264152	2000
42717	2000
56745	2000
18568	2000
50016	2000
134707	2000
264785	2000
61864	2000
199468	2000
37429	2000
38805	2000
29571	2000
264295	2000
38742	2000
31510	2000
51191	2000
24743	2000
265672	2000
37103	2000
206506	2000
263897	2000
262755	2000
266210	2000
136300	2000
52596	2000
37623	2000
262167	2000
46401	2000
38595	2000
328125	2000
327900	2000
52716	2000
136417	2000
56441	2000
263235	2000
28103	2000
200608	2000
206720	2000
59670	2000
266610	2000
262786	2000
262452	2000
134366	2000
136552	2000
10778	2000
28160	2000
395378	2000
36730	2000
37055	2000
265041	2000
134319	2000
264282	2000
7663	2000
32806	2000
265983	2000
52327	2000
52372	2000
30900	2000
265771	2000
206108	2000
263968	2000
10217	2000
12732	2000
27935	2000
133007	2000
263084	2000
263120	2000
267507	2000
264230	2000
265995	2000
52236	2000
37027	2000
266300	2000
131483	2000
263384	2000
264471	2000
52349	2000
263228	2000
52413	2000
263190	2000
16350	2000
24806	2000
5385	2000
27259	2000
265760	2000
266028	2000
265729	2000
57508	2000
265030	2000
40861	2000
265952	2000
205191	2000
201950	2000
328232	2000
136323	2000
25563	2000
61527	2000
43009	2000
135639	2000
132097	2000
51484	2000
18021	2000
200799	2000
19147	2000
7628	2000
197518	2000
20218	2000
395612	2000
395627	2000
45170	2000
25590	2000
47989	2000
205260	2000
132722	2000
265871	2000
15757	2000
200960	2000
42325	2000
263248	2000
136764	2000
266044	2000
263713	2000
263963	2000
37616	2000
28139	2000
263572	2000
26038	2000
267102	2000
5397	2000
137042	2000
327941	2000
131446	2000
43154	2000
137144	2000
328119	2000
266657	2000
131248	2000
31914	2000
203146	2000
63998	2000
60752	2000
59572	2000
134736	2000
52169	2000
134305	2000
135801	2000
198330	2000
267282	2000
60314	2000
265016	2000
24620	2000
262818	2000
267088	2000
60082	2000
267294	2000
266926	2000
16827	2000
204086	2000
204558	2000
203255	2000
205389	2000
198279	2000
132836	2000
64477	2000
204346	2000
202488	2000
21388	2000
46506	2000
61242	2000
266803	2000
59986	2000
48487	2000
134264	2000
135232	2000
132974	2000
136713	2000
328275	2000
205535	2000
268222	2000
264518	2000
45954	2000
263698	2000
28050	2000
28748	2000
265209	2000
197529	2000
136287	2000
266494	2000
328287	2000
206048	2000
18875	2000
43369	2000
202384	2000
3268	2000
328339	2000
37916	2000
396914	2000
202086	2000
133915	2000
328346	2000
23676	2000
266840	2000
328167	2000
328351	2000
206483	2000
23038	2000
37281	2000
200736	2000
132046	2000
210234	2000
202519	2000
136668	2000
25557	2000
61929	2000
136377	2000
132146	2000
63069	2000
263732	2000
63945	2000
396951	2000
394650	2000
396960	2000
61633	2000
266835	2000
58460	2000
134152	2000
137236	2000
328152	2000
48825	2000
31277	2000
37999	2000
58750	2000
132160	2000
56140	2000
209874	2000
394366	2000
58239	2000
38004	2000
25946	2000
48027	2000
57136	2000
266640	2000
136670	2000
138195	2000
209678	2000
210144	2000
18647	2000
17716	2000
396472	2000
136749	2000
30730	2000
19523	2000
37130	2000
267746	2000
13837	2000
15414	2000
39855	2000
52503	2000
24076	2000
137824	2000
132641	2000
136908	2000
14224	2000
54037	2000
39671	2000
203649	2000
61221	2000
37695	2000
197686	2000
33582	2000
201553	2000
39126	2000
63981	2000
15739	2000
35711	2000
52786	2000
209408	2000
36394	2000
60930	2000
200147	2000
23938	2000
138847	2000
267859	2000
266715	2000
37777	2000
34235	2000
12976	2000
37428	2000
209673	2000
207146	2000
208976	2000
50377	2000
43065	2000
46939	2000
328476	2000
137178	2000
268809	2000
328223	2000
132445	2000
199976	2000
327906	2000
29169	2000
31611	2000
209287	2000
200303	2000
208188	2000
207622	2000
397715	2000
265056	2000
266140	2000
61802	2000
268144	2000
22798	2000
131749	2000
17538	2000
59139	2000
137363	2000
24527	2000
138838	2000
58474	2000
133352	2000
58485	2000
38148	2000
38783	2000
45701	2000
135464	2000
138131	2000
59613	2000
30272	2000
207618	2000
133808	2000
209752	2000
139075	2000
199121	1800
27877	1800
61749	1600
264752	1600
52532	1500
56550	1500
262231	1500
24206	1400
28056	1400
200077	1400
136990	1400
265238	1400
21056	1300
34458	1300
268060	1300
23708	1200
33554	1200
13878	1200
2515	1200
52419	1200
52952	1200
55680	1160
48626	1150
265715	1100
137069	1100
207401	1100
48126	1100
37638	1100
38457	1024
264290	1024
134883	1024
132562	1024
134035	1024
135854	1024
58438	1024
263374	1024
134278	1024
262756	1024
7532	1024
42235	1024
136230	1024
27754	1024
205086	1024
138115	1024
136338	1024
27659	1024
58898	1024
134605	1024
39469	1000
12414	1000
33074	1000
30122	1000
27848	1000
30133	1000
27319	1000
27322	1000
6102	1000
26790	1000
12759	1000
24469	1000
43407	1000
1798	1000
50234	1000
19875	1000
10929	1000
34362	1000
14651	1000
25689	1000
51446	1000
41357	1000
55555	1000
19468	1000
8916	1000
131310	1000
134391	1000
134399	1000
134395	1000
134396	1000
18210	1000
58620	1000
134390	1000
34407	1000
48291	1000
28801	1000
50809	1000
28187	1000
22431	1000
262561	1000
56260	1000
262695	1000
56233	1000
13926	1000
52789	1000
31222	1000
34274	1000
135754	1000
37674	1000
61902	1000
393626	1000
49695	1000
40809	1000
132515	1000
45294	1000
26156	1000
52722	1000
393280	1000
52669	1000
50607	1000
60501	1000
52769	1000
17445	1000
262957	1000
11910	1000
37455	1000
28307	1000
132220	1000
264311	1000
49933	1000
52813	1000
51786	1000
57254	1000
202627	1000
52884	1000
134832	1000
135184	1000
198374	1000
132988	1000
262338	1000
262466	1000
265644	1000
48276	1000
264708	1000
38712	1000
134663	1000
35489	1000
265027	1000
28189	1000
264022	1000
264795	1000
136358	1000
201494	1000
133638	1000
133615	1000
267573	1000
265865	1000
23667	1000
263401	1000
205381	1000
205344	1000
131609	1000
328110	1000
204981	1000
45587	1000
47884	1000
205819	1000
131247	1000
135000	1000
262711	1000
133354	1000
267219	1000
202313	1000
137937	1000
263606	1000
62445	1000
135597	1000
25516	1000
263645	1000
266149	1000
327743	1000
131314	1000
265409	1000
52326	1000
24691	1000
268490	1000
135841	1000
200590	1000
6233	1000
205844	1000
135055	1000
209263	1000
23923	1000
201695	1000
131644	1000
21659	1000
134933	1000
57166	1000
267654	1000
138988	1000
33569	1000
43338	1000
398202	1000
202347	1000
139329	1000
134522	1000
43928	1000
29097	1000
206945	1000
200191	1000
31673	1000
205168	1000
133089	1000
268525	1000
267386	1000
266598	1000
268523	1000
266545	1000
270383	1000
265297	1000
52477	1000
135480	1000
24207	1000
138130	1000
137378	1000
24212	1000
138887	1000
38776	1000
63882	1000
134863	1000
196922	1000
139605	1000
50311	1000
63874	1000
137316	1000
139446	1000
56239	1000
139972	1000
208817	1000
139909	1000
31960	1000
36865	1000
201714	1000
138627	1000
328543	1000
139956	1000
135323	1000
135415	1000
131636	1000
55789	1000
135234	1000
137159	1000
28602	1000
26709	1000
263720	1000
135964	1000
396841	1000
52356	1000
263762	1000
7727	1000
138876	1000
135719	1000
37708	1000
6505	1000
135218	1000
138745	1000
139528	1000
269258	1000
60304	1000
30286	1000
43518	1000
209152	1000
6373	1000
47442	1000
139833	1000
209109	1000
41666	1000
34927	1000
207549	1000
138365	1000
207317	1000
207654	1000
208097	1000
327720	1000
23679	1000
38143	1000
49781	1000
207491	1000
138143	1000
139431	1000
45296	1000
131773	1000
58401	1000
139978	1000
138119	1000
138079	1000
136088	1000
137358	1000
14295	1000
18520	1000
5560	800
2854	800
198290	800
263978	800
266365	800
266280	800
24594	700
56791	700
263548	700
209291	700
264555	650
13917	600
47138	600
35053	600
16210	600
29140	600
1880	600
53114	600
53166	600
61319	600
52681	600
48252	600
24232	600
61785	600
263356	600
264754	600
58475	600
47522	600
6083	500
28589	500
49653	500
37098	500
62100	500
42183	500
262307	500
27024	500
206782	500
262416	500
29876	400
36184	400
23710	400
45220	400
24048	400
21476	400
35579	400
12381	400
9189	400
29259	400
18227	400
55865	400
40034	400
39931	400
197551	400
63829	400
35551	400
51349	400
48310	400
47628	400
17400	400
263290	400
42310	400
263893	400
61203	400
133501	400
264608	400
60718	400
24880	400
45956	400
39010	400
266896	400
52387	400
209530	400
138632	400
6066	310
24129	300
17895	300
54210	300
28262	300
262527	250
267126	250
62166	250
13049	220
55420	220
30889	200
23310	200
34746	200
18052	200
33472	200
35090	200
39615	200
15436	200
25752	200
30141	200
12577	200
41037	200
20507	200
41399	200
1982	200
8481	200
25504	200
38887	200
29430	200
14970	200
34764	200
13105	200
34144	200
21840	200
44212	200
28929	200
23677	200
20081	200
31680	200
9290	200
15716	200
31555	200
20483	200
25433	200
31653	200
33211	200
42937	200
45425	200
24238	200
6734	200
49867	200
3661	200
4641	200
16347	200
14166	200
42492	200
6853	200
47302	200
17501	200
196967	200
28182	200
36275	200
46373	200
37223	200
197439	200
12854	200
2597	200
196763	200
32586	200
26106	200
12431	200
45444	200
51159	200
48913	200
13591	200
10015	200
57821	200
18149	200
38190	200
35399	200
197038	200
52186	200
61044	200
24006	200
198721	200
47762	200
31319	200
18612	200
36315	200
173	200
27983	200
133444	200
12822	200
11008	200
59752	200
17747	200
199547	200
8310	200
132645	200
8922	200
56109	200
24347	200
59919	200
17970	200
47748	200
263928	200
37120	200
56204	200
50623	200
133072	200
328107	200
25491	200
48847	200
11947	200
35001	200
49640	200
52051	200
24892	200
24634	200
266475	200
21201	200
203040	200
393629	200
205610	200
262266	200
131996	200
38217	200
57089	200
37190	200
62230	200
267673	200
202806	200
204909	200
266687	200
204662	200
17689	200
204185	200
264650	200
34527	200
12556	200
265890	200
268539	200
5377	200
267801	200
27806	200
32398	200
328522	200
204188	200
205927	200
28215	200
37472	200
52920	150
264756	120
5764	100
10678	100
11271	100
29006	100
29471	100
36388	100
9327	100
4558	100
29590	100
39180	100
19089	100
48344	100
34578	100
24632	100
45054	100
262716	100
52828	100
28303	100
133318	100
46045	100
197890	100
265702	100
44207	100
264382	100
137936	100
44024	100
137935	100
204438	100
59340	100
13287	100
201146	100
61903	100
18719	100
48821	100
268713	100
37286	100
36369	100
207454	100
140219	100
51778	100
328585	100
207394	100
209645	100
208063	100
37192	90
31055	80
132531	60
2499	40
327981	40
15434	20
50088	20
13357	20
61417	20
393853	20
30447	20
203615	20
37224	20
39271	20
16503	15
15469	10
37044	10
36997	10
43660	10
132003	8
37209	7
55822	4
54049	4
37062	2
37133	2
9115	2
52423	2
137653	1
6762	0
32787	0
15830	0
2519	0
31133	0
26193	0
8015	0
17222	0
60497	0
21339	0
8470	0
51324	0
21083	0
327692	0
4755	0
6895	0
327976	0
56196	0
15932	0
57724	0
200125	0
41841	0
56575	0
198529	0
44124	0
196883	0
37424	0
6300	0
198035	0
197318	0
38942	0
42935	0
20530	0
198187	0
48694	0
43171	0
50095	0
200602	0
35199	0
200750	0
197181	0
3169	0
199510	0
44784	0
197345	0
22541	0
200089	0
52031	0
55714	0
43495	0
198007	0
48629	0
41833	0
62328	0
197697	0
199774	0
203937	0
203742	0
35787	0
206910	0
51863	0
197809	0
41379	0
42374	0
197099	0
42852	0
60755	0
29070	0
61154	0
202936	0
197295	0
198709	0
198424	0
198906	0
199265	0
197572	0
203505	0
203306	0
59611	0
198214	0
206489	0
10355	0
263097	0
57890	0
203765	0
199005	0
51101	0
62201	0
197375	0
199381	0
328065	0
60219	0
196979	0
395478	0
61582	0
56983	0
57665	0
3352	0
198766	0
201531	0
197437	0
201001	0
51960	0
199341	0
51068	0
265692	0
262690	0
206762	0
37087	0
52414	0
3582	0
59776	0
201332	0
264857	0
57945	0
197766	0
203157	0
33494	0
135895	0
49633	0
264853	0
10803	0
133859	0
206736	0
205073	0
21030	0
52664	0
62184	0
3249	0
206406	0
263699	0
264013	0
199473	0
132556	0
36707	0
205384	0
57332	0
198493	0
56324	0
57701	0
202626	0
57101	0
203582	0
136857	0
197837	0
136336	0
41044	0
50916	0
198081	0
37345	0
19091	0
28468	0
41297	0
37698	0
203667	0
138222	0
31230	0
327753	0
60265	0
209854	0
24064	0
202434	0
328111	0
268801	0
396300	0
47237	0
206460	0
137597	0
136994	0
328401	0
52473	0
27017	0
10361	0
131954	0
49941	0
12833	0
60119	0
52544	0
199138	0
58158	0
32082	0
37550	0
27993	0
395326	0
209451	0
207306	0
43824	0
134331	0
207834	0
269826	0
328055	0
