32934	263470000
714	236040000
16509	232680000
8075	161180000
13335	142120000
54113	106250000
20940	101900000
22822	77310000
16276	63340000
6939	48284000
46489	47080000
17676	44110000
6805	34700000
33891	32670000
7342	28900000
3209	26910000
31334	26520000
39386	23781000
2516	22407000
3356	19916000
6461	19587000
9498	18340000
64049	18310000
2497	18040000
328058	17000000
19679	15740000
4230	15470000
29990	15380000
8447	15300000
28604	14910000
2119	14800000
9002	13437000
25506	13430000
20115	13180000
49544	12833000
6667	12671000
12389	12570000
15169	12320000
2856	11850000
5650	11830000
1136	11800000
63293	11600000
8966	11528000
3216	11333000
2635	11320000
2518	11240000
4181	11198000
2914	10440000
8473	10430000
4637	10401000
226	10370000
38022	10200000
1267	10121700
5607	9690000
41095	9673000
12552	9610000
17511	9440000
15133	9420000
6830	9350010
6730	9316000
9009	8950000
5578	8660000
55391	8640000
5400	8592000
265950	8413000
21320	8365000
8359	8192000
12874	7810000
20485	7570000
2527	7320000
2514	7290000
6774	7247000
25933	7198000
5410	7140000
36408	7127000
12989	7050000
57344	7000000
36459	6960000
34756	6800000
328045	6800000
6327	6717000
2686	6647000
15435	6560000
29314	6540000
16086	6500000
5089	6470000
2907	6404000
2818	6400000
56478	6400000
13285	6390000
680	6375000
12189	6348000
2603	6290000
38634	6200000
61832	6136060
4760	6120000
58453	6020000
270346	6000000
52320	5960000
6079	5930000
1103	5912000
15557	5890000
22356	5881000
1547	5824000
7843	5630000
45899	5600000
16591	5520000
12713	5500000
47541	5490000
15412	5439000
28663	5377000
15305	5370000
11164	5360000
5645	5220000
13030	5190000
38082	5154000
132164	5144000
1273	5100000
18734	5100000
23620	5100000
32098	5077000
61955	5010020
9304	5008000
37447	5005000
52580	4866000
12322	4810000
35228	4760000
11260	4760000
15704	4760000
4556	4760000
6509	4451000
46786	4400000
6507	4400000
13768	4325000
3292	4280000
23393	4097000
11404	4080000
37100	4029000
24785	4000000
9121	3980000
3265	3910000
9534	3890000
36692	3881300
20880	3880000
12430	3820000
24203	3810000
25192	3808000
2510	3800000
12083	3740000
786	3740000
30722	3740000
9824	3730000
1257	3690600
39651	3662000
327693	3660000
5588	3630000
812	3610000
42708	3610000
62041	3600000
29535	3590000
23520	3570000
668	3570000
2711	3560000
14413	3521000
40356	3520000
19151	3470000
7575	3434000
27381	3430000
5432	3400000
6661	3400000
262206	3400000
15962	3400000
11888	3400000
202276	3400000
8717	3370000
16637	3360000
9318	3308000
38091	3300000
137872	3200000
3630	3180000
20504	3060000
15802	3060000
55818	3038700
18403	3020000
28368	3005000
4739	3000000
4800	2991000
12479	2940000
5378	2930000
23576	2890000
34224	2872500
35320	2860000
12714	2829500
23563	2820000
50384	2780000
9680	2770000
205216	2770000
43531	2757000
9269	2740000
42525	2737000
34984	2700000
8529	2688000
26615	2680000
5713	2650210
37271	2624000
3255	2620000
8426	2615000
6057	2610000
47377	2600000
264144	2580000
11232	2550000
37662	2530000
13445	2527000
13760	2520000
13037	2510000
59605	2507000
7155	2460000
1741	2450000
5413	2444000
53180	2440000
47764	2430000
30600	2430000
7738	2397000
23184	2370000
30517	2340000
12849	2310000
132203	2310000
2851	2260000
38895	2250000
22646	2230000
31500	2224000
109	2211000
12200	2210000
7029	2210000
40788	2210000
15542	2200000
8657	2200000
4766	2180000
31027	2180000
702	2174700
52941	2140000
3327	2137000
23881	2130000
9505	2107000
4134	2100000
9050	2100000
3741	2092300
4648	2080000
197595	2080000
262503	2069000
46450	2060000
3491	2050000
2828	2040000
34867	2040000
58073	2040000
393565	2040000
13489	2020000
6128	2010000
139023	2000000
2116	1977000
38880	1972000
18081	1960000
7195	1950000
62887	1930000
31655	1920000
6768	1920000
17072	1920000
200981	1900000
36089	1890000
28580	1884000
4713	1870000
293	1870000
11269	1870000
7545	1864000
4761	1854000
48237	1852500
23473	1826000
6614	1820000
28343	1807000
101	1800000
14630	1798000
47605	1797000
396253	1785000
2852	1780000
28126	1760000
28146	1760000
50304	1740000
10474	1734000
40428	1720000
9930	1710000
14282	1703000
3601	1700000
33362	1700000
58682	1700000
49378	1700000
47582	1700000
64050	1700000
13170	1687000
197790	1680000
17451	1659000
25180	1644000
2906	1640000
55900	1640000
4685	1630000
196925	1620000
15600	1610000
21245	1610000
34218	1600000
132825	1600000
30081	1600000
38622	1590000
43727	1590000
15224	1588000
30094	1581000
29119	1580000
28260	1580000
30844	1570000
17639	1567000
14868	1559750
39326	1548000
9723	1530000
10143	1530000
39608	1530000
62955	1530000
2559	1530000
16904	1520000
61449	1520000
6697	1520000
24748	1500000
7795	1480000
31939	1480000
53013	1480000
9231	1479000
10026	1475840
44050	1458000
18705	1450000
4773	1450000
24115	1448000
38883	1444000
262355	1436000
11686	1430000
263903	1430000
137922	1430000
8455	1420000
52871	1420000
200455	1410000
267056	1410000
52925	1400000
20943	1400000
6465	1400000
202425	1400000
35753	1395000
30781	1393000
53766	1392000
35407	1390000
6866	1390000
61400	1390000
28158	1381000
52840	1380000
17559	1377000
22689	1373600
262740	1370000
27471	1368000
26415	1363000
39202	1360000
33915	1360000
10030	1360000
766	1360000
62	1360000
54183	1360000
54312	1360000
27715	1360000
21976	1360000
63221	1360000
201641	1360000
59027	1360000
262287	1350020
7552	1350000
263073	1350000
263327	1342000
36062	1340000
8781	1331000
28338	1330000
9116	1330000
9354	1322000
2110	1320000
19009	1320000
23404	1320000
25358	1313000
2611	1300000
12353	1300000
5009	1300000
54133	1300000
18106	1282000
53162	1280000
33132	1270000
5603	1260000
6908	1251000
7473	1250000
2860	1250000
9595	1250000
4651	1250000
263297	1240000
27475	1240000
8220	1236000
62904	1230000
58507	1224000
6412	1217000
26801	1210000
18121	1200000
3786	1200000
28598	1200000
200020	1196000
852	1190000
29550	1190000
577	1190000
13124	1190000
25512	1190000
38790	1190000
8095	1190000
4258	1170000
43332	1170000
24940	1160000
53158	1160000
266470	1152928
703	1147100
26162	1142000
23148	1130000
43205	1130000
8632	1122000
5483	1120000
25885	1110000
262659	1107000
39832	1100000
209222	1100000
7418	1100000
28716	1097000
45158	1095000
2687	1090000
24033	1090000
7679	1090000
30990	1090000
136106	1090000
45780	1089000
15830	1085000
33438	1080000
9605	1080000
21574	1071000
1680	1070000
9500	1070000
12731	1062500
7992	1060000
262848	1054000
23889	1053000
44053	1046400
12956	1045000
36924	1044000
9924	1041350
21385	1040400
12392	1040000
6407	1033000
2152	1021500
21502	1020000
9070	1020000
29695	1020000
43646	1020000
21321	1020000
32184	1020000
38819	1020000
45204	1020000
6848	1020000
49685	1020000
7415	1020000
6922	1020000
6471	1020000
4788	1014500
38858	1010000
39912	1006000
37153	1000000
59930	1000000
49477	1000000
17709	990000
48919	982000
132132	980000
41798	980000
51500	980000
37168	977000
262773	972000
35213	971000
28171	960000
262729	960000
5769	950000
12871	950000
6181	950000
8462	945000
262428	940000
35432	938000
9031	935000
43561	921000
5511	920000
11758	920000
9365	920000
41998	920000
265937	920000
9342	914000
46	900000
62044	900000
42000	890000
137831	890000
264668	888000
137	886000
13189	881000
263665	880000
23693	880000
22616	880000
138132	879000
262807	870500
49158	870000
13193	867000
26803	867000
17941	860000
7862	857000
31272	854800
25899	850000
13249	850000
28624	850000
7632	850000
34700	850000
52005	850000
42830	850000
197482	850000
19324	850000
35362	850000
327987	850000
50473	850000
262778	841000
719	840000
266989	840000
36040	830000
13576	830000
9729	830000
36236	825000
10310	820000
7670	820000
12129	810000
133612	810000
8452	810000
559	800000
19108	800000
263080	800000
11979	800000
17885	800000
49374	800000
9902	797000
58601	780000
27988	780000
62668	780000
37282	777000
206819	772000
15419	770000
51069	770000
14026	765000
34244	764000
53184	760960
262468	760000
11814	757000
39642	750000
7049	750000
28331	750000
14969	750000
10036	750000
58530	748000
15502	740000
9667	740000
327991	740000
131917	740000
26554	736000
63242	730000
61102	730000
30838	730000
45558	730000
43668	730000
136743	730000
4787	720000
30419	720000
51852	720000
34305	720000
1828	719000
52551	718100
24130	714000
12678	714000
22724	711000
23498	710000
21371	710000
15085	710000
58580	709000
53065	707000
19165	706000
12041	704000
28202	700000
20347	700000
50129	700000
3267	698700
6067	697000
15958	697000
20144	696000
36937	695000
132296	695000
38466	692000
9650	692000
49824	690000
9044	682000
4635	682000
6447	681000
27524	680000
8365	680000
29422	680000
11096	680000
17819	680000
25577	680000
39102	680000
36351	680000
39704	680000
20845	680000
60339	680000
31242	680000
8535	680000
15517	680000
1424	680000
13147	680000
8866	680000
41678	680000
28666	680000
28267	680000
8448	680000
19996	680000
18260	680000
41164	680000
35193	680000
58209	680000
47242	680000
25255	680000
48634	680000
54998	680000
22147	680000
8445	680000
5403	680000
10118	680000
17054	680000
197451	680000
56038	680000
3261	680000
17012	680000
132680	680000
48620	680000
50204	680000
44735	680000
28576	680000
13807	680000
27919	680000
40526	680000
3754	680000
28554	680000
30818	680000
6307	680000
135262	680000
266167	680000
55182	680000
27925	680000
52579	677000
25668	670000
265399	670000
24703	670000
3320	669000
4657	666000
14492	665000
16302	663500
48166	661000
17924	660000
262476	660000
53037	660000
202023	660000
12709	660000
58941	660000
64220	660000
54827	660000
47481	659000
27747	650000
38333	650000
264215	650000
266931	650000
28649	641000
50643	640000
18182	640000
21413	640000
10158	640000
262664	640000
56444	640000
27589	636000
28330	635000
11666	634000
37417	634000
8308	633000
32286	633000
5391	630000
24751	630000
58243	630000
53240	630000
267469	630000
31898	630000
44843	628000
3300	622000
10098	621700
26496	620000
18278	620000
41206	620000
26446	620000
41018	617000
9299	615000
45638	615000
47422	613000
34610	612000
197888	612000
14340	611800
30041	610000
1241	610000
52696	610000
11550	610000
262731	610000
262760	604000
7600	604000
8674	602000
35717	600000
28229	600000
44416	600000
59783	600000
44066	600000
47872	600000
17922	597000
8968	597000
38987	594000
263616	590000
17583	590000
64315	585000
16735	580000
56396	580000
28191	580000
43729	580000
24324	578000
16570	578000
17665	577500
136784	575000
7782	570000
40029	570000
26120	570000
263421	570000
63290	570000
267484	570000
13000	564000
35745	563000
12859	561000
33011	561000
38107	560000
44684	560000
21232	560000
37693	560000
60169	560000
25019	560000
210278	560000
1239	558000
136557	557000
22691	553000
134697	552900
16110	550000
37678	549000
41552	546000
8487	544400
12310	544000
7311	544000
56258	544000
35761	544000
14361	542000
28125	542000
24916	540000
29009	540000
20773	540000
6677	540000
16700	540000
28665	540000
24277	540000
21488	540000
10003	540000
41194	540000
15598	540000
262865	539000
20121	537000
9264	536000
10029	534000
45352	532100
133403	530000
12847	530000
3701	527000
8399	527000
3262	527000
17547	527000
31463	527000
199319	527000
30950	520000
59384	520000
63516	520000
56931	520000
15377	520000
37697	520000
9749	518000
30539	517000
18283	517000
11142	517000
12654	511700
10835	511700
701	510000
2381	510000
237	510000
6695	510000
2529	510000
12306	510000
40511	510000
36944	510000
39605	510000
11403	510000
26163	510000
9008	510000
48918	510000
1406	510000
8530	510000
33083	510000
25148	510000
18268	510000
34056	510000
39545	510000
36012	510000
26677	510000
36280	510000
10302	510000
2614	510000
55569	510000
23786	510000
47708	510000
47264	510000
36222	510000
57866	510000
35805	510000
38651	510000
262403	510000
13825	510000
61374	510000
52752	510000
51409	510000
9993	510000
3128	510000
10578	510000
63270	510000
3252	510000
262485	510000
9834	510000
53078	510000
9029	510000
16851	510000
36734	510000
30028	510000
42981	510000
41508	510000
18747	510000
48956	510000
35434	510000
196729	510000
202103	510000
202196	510000
29107	510000
18255	510000
39251	510000
8819	510000
131937	510000
39507	510000
205139	510000
262847	509000
1836	507000
20459	507000
38327	506000
23930	505000
21777	501000
1422	500000
394497	500000
36873	500000
45269	500000
45011	500000
21808	500000
32440	500000
10010	500000
9957	497000
21409	490000
41420	490000
23089	490000
9997	490000
327901	490000
53152	490000
34120	490000
199503	487000
7475	481500
59900	480000
43656	480000
52468	480000
202409	480000
8540	480000
3257	476000
27955	476000
37613	472000
18450	470000
9457	470000
7385	470000
132215	469000
49290	467500
9246	467000
262505	467000
35575	465000
13896	463000
7713	462000
13122	461000
4780	461000
7671	460000
39444	460000
39551	460000
131934	460000
396356	460000
55002	460000
3302	457000
133120	452500
19318	450000
6473	450000
12693	450000
17534	450000
59536	450000
18200	450000
45031	450000
28370	450000
1659	450000
131912	450000
61157	450000
38758	449000
224	448000
13009	442000
3225	442000
39899	440200
44788	440000
52751	440000
262434	440000
37892	440000
134139	440000
34058	440000
136907	440000
47195	434000
28166	434000
56308	431000
37358	431000
22742	430000
54329	430000
17882	430000
19189	430000
262444	430000
263055	430000
262343	430000
26133	430000
266448	430000
50050	430000
15763	426500
55329	424000
133930	424000
4818	420000
23783	420000
13370	420000
23114	420000
132770	420000
4557	420000
59460	420000
35640	420000
197727	417000
61189	417000
9297	415000
52937	412500
58057	411000
12387	410000
40220	410000
10002	410000
23778	410000
7162	410000
23704	410000
22363	408000
60474	405600
42	405000
59699	404400
41096	404000
262532	403456
31727	400000
37105	400000
6679	400000
11835	400000
56329	400000
23314	400000
59776	400000
22697	400000
21367	400000
32233	400000
1759	400000
41275	400000
26077	400000
131160	400000
133496	400000
20394	400000
376	400000
37611	400000
6663	396000
19889	395000
32217	393000
38322	392000
12350	391000
16839	391000
37150	391000
26613	391000
5541	390000
16243	390000
55785	390000
21559	390000
199408	390000
137280	390000
267590	390000
42456	388900
20910	387000
34803	386000
24709	384000
202004	381000
37254	380000
54665	380000
32505	380000
53147	380000
13786	380000
37468	380000
4770	376000
34245	374000
24852	374000
327698	374000
204053	374000
204222	374000
51060	374000
44646	374000
56828	373000
132255	373000
58307	371000
8544	370000
56030	370000
40581	370000
10094	370000
50629	370000
52689	370000
42504	370000
28145	370000
263880	370000
24572	370000
11014	370000
40317	370000
15399	369000
28258	369000
10021	368000
38861	368000
53115	366000
62040	365568
55720	364000
327984	364000
50083	364000
28201	363000
18150	360000
25818	360000
15440	360000
26479	360000
206548	360000
35614	360000
56309	360000
17717	360000
10490	357000
7752	357000
16586	357000
27008	357000
4844	357000
16371	357000
13243	357000
4628	357000
22772	357000
25460	357000
57353	357000
50272	357000
262516	357000
28978	357000
262441	357000
49102	357000
199723	357000
200889	357000
60191	357000
23105	357000
51018	355000
197113	353000
8343	351000
53080	350000
28349	350000
52908	350000
37515	350000
9146	350000
200539	350000
199250	350000
40217	350000
35709	350000
37028	349900
262732	346000
263482	345500
7610	345140
262854	345000
9293	343000
53187	343000
12996	342000
39184	342000
28605	342000
266211	342000
9435	342000
9245	341500
23678	341000
55805	341000
8607	340000
15422	340000
25441	340000
25309	340000
35028	340000
3605	340000
8897	340000
27552	340000
6315	340000
15366	340000
16713	340000
30914	340000
25761	340000
12312	340000
31477	340000
16082	340000
5467	340000
20161	340000
8732	340000
2544	340000
2044	340000
21221	340000
12969	340000
855	340000
34594	340000
8608	340000
13868	340000
35819	340000
36416	340000
8057	340000
48971	340000
8903	340000
17514	340000
1930	340000
32869	340000
8896	340000
11030	340000
50295	340000
34555	340000
18678	340000
15474	340000
9186	340000
49788	340000
17955	340000
59835	340000
34456	340000
394739	340000
7642	340000
8821	340000
55480	340000
47155	340000
10297	340000
21099	340000
62047	340000
5619	340000
35017	340000
50606	340000
10973	340000
13730	340000
1251	340000
23316	340000
19169	340000
14265	340000
51243	340000
18129	340000
43833	340000
24183	340000
46043	340000
393223	340000
3333	340000
18978	340000
17506	340000
60955	340000
20836	340000
22799	340000
28224	340000
28667	340000
11815	340000
8055	340000
28668	340000
7057	340000
37596	340000
26609	340000
12338	340000
62752	340000
61231	340000
32204	340000
393523	340000
62715	340000
36112	340000
263311	340000
53597	340000
57864	340000
44356	340000
26292	340000
199860	340000
12670	340000
197013	340000
10733	340000
13739	340000
11468	340000
6994	340000
31950	340000
54527	340000
11924	340000
262696	340000
11280	340000
17310	340000
24611	340000
6325	340000
63124	340000
20952	340000
28310	340000
20850	340000
14627	340000
46435	340000
33713	340000
263535	340000
4809	340000
41046	340000
23669	340000
9615	340000
202119	340000
24249	340000
58589	340000
25083	340000
44914	340000
37439	340000
134053	340000
20717	340000
20715	340000
200852	340000
38924	340000
22442	340000
12735	340000
54290	340000
29866	340000
11240	340000
18419	340000
6122	340000
13977	340000
47438	340000
262457	340000
35205	340000
56890	340000
62499	340000
27618	340000
41549	340000
32212	340000
48793	340000
27216	340000
17726	340000
202895	340000
15669	340000
264437	340000
56282	340000
61584	340000
51619	340000
198537	340000
41026	340000
200594	340000
198948	340000
197667	340000
24271	340000
198418	340000
28545	340000
47254	340000
58863	340000
34092	340000
60860	340000
43509	340000
198525	340000
52106	340000
51636	340000
206890	340000
41160	340000
204126	340000
48503	340000
50705	340000
51390	340000
5582	340000
50767	340000
43571	340000
133206	340000
202228	340000
62622	340000
43679	340000
135814	340000
21171	340000
395466	340000
13381	340000
58942	340000
58943	340000
63839	340000
63832	340000
64219	340000
64222	340000
58548	340000
395383	340000
394625	340000
24745	340000
198551	340000
15924	340000
3662	340000
203165	340000
39431	340000
206314	340000
2590	340000
53231	340000
6917	340000
61917	340000
28658	340000
3479	340000
134312	340000
39840	340000
39871	340000
45187	340000
198371	340000
394308	340000
15659	340000
34612	340000
4673	340000
56635	340000
57279	340000
35539	340000
55872	340000
201105	340000
7337	340000
61053	340000
264450	340000
56864	340000
31004	340000
18390	340000
17608	340000
17889	340000
39798	340000
198612	340000
54578	340000
62282	340000
25454	340000
267530	340000
15624	340000
393979	340000
33166	340000
264023	340000
36493	340000
32564	340000
7838	340000
135662	340000
34702	340000
137562	340000
262456	340000
48287	340000
31200	340000
132692	340000
27745	340000
60415	340000
61323	340000
27924	337000
22438	335000
34577	334500
264493	334000
6619	332000
50821	330000
10019	330000
10001	330000
52531	330000
9694	330000
263998	330000
328278	330000
54198	330000
1280	329000
51706	328000
262794	327440
58396	326000
131744	324000
37699	322000
266341	321000
13536	320000
59899	320000
27364	320000
265206	320000
37701	320000
64216	320000
395081	320000
135739	320000
48452	320000
13329	320000
2682	320000
37317	320000
46276	320000
199995	320000
263009	320000
3238	320000
6799	320000
20804	319000
28130	314000
53171	314000
201054	314000
61438	313300
22561	310000
13360	310000
264543	310000
9946	310000
265130	310000
137912	310000
132528	310000
328437	310000
16211	309500
328146	309000
327824	308000
11377	307200
9416	307000
12470	306000
8763	304000
45437	304000
5564	303000
136119	302000
44654	300400
33763	300000
16150	300000
17356	300000
23700	300000
57169	300000
5056	300000
26827	300000
17809	300000
5518	300000
50153	300000
199585	300000
37340	300000
131920	300000
136838	300000
8895	300000
51048	300000
55943	300000
205881	300000
14593	300000
23540	300000
262595	300000
23059	300000
32261	300000
32703	300000
5078	300000
29073	300000
33588	300000
47147	300000
43607	299000
2857	295000
62455	295000
28359	294000
395561	294000
37157	293000
267201	292000
4581	290000
15054	290000
262699	290000
11708	290000
290	290000
50073	290000
264270	290000
397095	290000
4851	289000
38623	288900
28250	287000
263544	286000
55581	285700
45629	282000
52662	281600
30972	280000
16245	280000
30212	280000
22652	280000
28309	280000
39090	280000
52962	280000
22085	280000
262293	280000
262983	280000
264005	280000
8387	280000
262676	280000
266409	280000
18274	280000
265496	280000
202120	280000
58713	280000
56318	280000
35237	280000
53156	280000
266444	280000
394073	280000
264150	280000
49624	280000
198792	280000
15576	279000
262548	277000
262594	276000
52940	275000
34934	273000
200043	272000
31257	272000
43142	272000
45931	271700
55666	270500
20960	270000
20771	270000
54540	270000
31115	270000
45356	270000
132323	270000
60893	270000
267624	270000
44061	270000
131745	268500
12676	268000
63859	268000
203658	268000
28131	266000
53196	265000
132453	264000
24535	262000
264052	262000
197133	261300
34087	261000
35916	260000
34106	260000
12360	260000
41572	260000
6739	260000
62523	260000
262150	260000
263321	260000
263427	260000
266468	260000
263347	260000
264367	260000
393891	260000
13767	260000
395332	260000
41691	260000
50698	260000
134220	260000
52007	260000
29588	260000
2526	260000
4652	260000
264460	258400
262715	255000
52930	255000
197588	255000
266131	255000
199434	254000
328170	252000
268331	250400
7784	250000
49835	250000
28591	250000
8680	250000
264582	250000
32798	250000
265061	248000
262409	247000
135060	247000
262365	242000
14380	241000
3856	240650
35619	240300
18059	240000
32299	240000
27887	240000
262765	240000
52694	240000
61871	240000
264359	240000
267075	240000
268221	240000
9795	240000
6846	240000
7381	240000
48422	240000
61201	240000
27901	240000
13649	240000
3910	240000
132476	239500
39792	238000
57119	238000
28209	238000
3462	238000
24186	238000
38511	236000
266498	236000
137367	235000
262537	235000
37273	234000
37700	232000
16374	231000
196879	231000
28294	230960
24105	230000
38657	230000
20718	230000
55862	230000
262493	230000
199335	230000
263626	230000
132934	230000
263982	230000
64255	230000
264111	230000
264223	230000
59964	230000
41693	230000
131627	230000
4857	230000
35176	230000
8647	230000
28134	229600
57463	229000
39869	228000
61573	227500
51918	226000
12455	226000
72	224000
132146	224000
25542	223000
12703	223000
12926	223000
264575	222048
52888	222000
202414	222000
20634	221000
4775	221000
14717	221000
262761	221000
14701	221000
5118	221000
63928	221000
263237	221000
133840	221000
267521	221000
197473	221000
44964	221000
39823	221000
29686	220000
10594	220000
14793	220000
6295	220000
18077	220000
4058	220000
15497	220000
262744	220000
15191	220000
200052	220000
263405	220000
46455	220000
58708	220000
263516	220000
134033	220000
198517	220000
57249	220000
264517	220000
264344	220000
263625	220000
264564	220000
265886	220000
52766	220000
210	220000
265359	220000
266156	220000
265019	220000
10947	220000
136518	220000
203942	220000
263779	220000
18676	220000
32415	220000
9136	220000
266453	220000
27984	220000
35612	220000
264556	220000
38220	217000
39279	217000
59842	217000
17828	217000
328242	217000
398131	217000
15699	215000
262318	214000
263394	214000
7131	214000
46723	214000
21859	213000
45896	213000
56246	213000
51795	212500
42511	212000
3908	212000
50316	211750
262463	210480
10075	210000
803	210000
38583	210000
59497	210000
37645	210000
14828	210000
6718	210000
25615	210000
7539	210000
136521	210000
133380	210000
41202	210000
264397	208000
33182	207000
36149	207000
24338	207000
263329	206000
52666	206000
34006	205870
43545	205000
50572	205000
52439	205000
43406	205000
61709	205000
8752	204040
5430	204000
6130	204000
17660	204000
20969	204000
4927	204000
43708	204000
34108	204000
8902	204000
58451	204000
34790	204000
21430	204000
49455	204000
57356	204000
58779	204000
58980	204000
198736	204000
263265	204000
199846	204000
35306	204000
197400	204000
5416	204000
56449	204000
7656	204000
263542	204000
57513	204000
2847	204000
39067	204000
37333	203000
1342	202800
8246	202000
265278	202000
132449	202000
14537	201024
28124	201000
9038	200900
3303	200200
7568	200000
20712	200000
28277	200000
28153	200000
28284	200000
25447	200000
22177	200000
15280	200000
62943	200000
53211	200000
35007	200000
200781	200000
61588	200000
61751	200000
137557	200000
267289	200000
328417	200000
133898	200000
47478	200000
14860	200000
209116	200000
60171	200000
24955	200000
8757	200000
39572	200000
13999	200000
49888	198900
34347	196000
32867	196000
13002	195000
13272	195000
9280	195000
20764	194000
263336	194000
14633	193000
44099	192000
51263	192000
23913	192000
58376	192000
48539	191488
327962	191488
327756	191488
132976	191024
262725	191000
13354	190000
45411	190000
196968	190000
10299	190000
58965	190000
17077	190000
263702	190000
44692	190000
201081	190000
46155	190000
58495	190000
265086	190000
202709	190000
52772	190000
55359	189000
2915	187000
2153	187000
16186	187000
4150	187000
286	187000
30827	187000
35244	187000
26785	187000
24167	187000
8788	187000
29611	187000
23171	187000
5631	187000
29141	187000
39637	187000
42612	187000
25151	187000
31167	187000
48850	187000
16175	187000
47408	187000
39904	187000
11233	187000
6777	187000
36817	187000
1126	187000
28132	187000
17625	187000
36907	187000
53889	187000
29462	187000
23550	187000
327745	187000
28110	187000
15008	187000
262454	187000
262288	187000
262481	187000
4678	187000
32338	187000
20904	187000
51055	187000
60610	187000
262388	187000
64044	187000
24651	187000
20412	187000
199803	187000
133421	187000
29522	187000
38197	187000
47551	187000
7540	187000
38714	187000
56949	187000
198151	187000
47252	187000
198389	187000
201290	187000
197592	187000
197747	187000
197262	187000
198401	187000
198040	187000
199754	187000
50550	187000
199978	187000
200176	187000
8280	187000
25509	187000
263396	187000
42490	187000
198380	187000
49409	187000
31726	187000
133616	187000
47626	187000
8194	187000
37720	187000
37675	187000
264138	187000
55259	187000
28287	186000
204805	186000
42947	186000
21485	185000
52438	185000
12779	184000
30851	184000
28226	184000
53587	184000
61512	183300
262706	183000
61094	183000
15188	183000
328216	183000
16206	182000
132894	181900
8637	181440
31708	181000
22556	181000
57731	181000
14576	181000
197091	180060
55429	180000
20080	180000
16814	180000
19750	180000
18400	180000
262903	180000
262675	180000
15433	180000
133590	180000
36866	180000
40731	180000
25472	180000
58689	180000
264562	180000
15011	180000
63774	180000
265032	180000
8369	180000
56373	180000
396125	180000
263271	180000
46375	180000
9976	180000
266608	180000
45298	180000
16030	180000
61012	180000
23947	180000
52866	179000
52660	179000
263584	179000
30813	178500
51948	178500
39351	178000
263445	178000
202454	178000
327750	177408
42093	177000
53195	177000
37619	177000
15447	177000
264268	177000
29834	176000
59288	176000
45280	175000
9244	175000
36923	175000
263154	175000
28183	174080
29918	174080
61686	174080
196695	174080
53107	174080
24043	174000
18229	174000
207073	174000
18351	173000
17306	172640
132857	172000
58299	172000
37276	172000
28154	172000
42669	171700
28169	171600
9155	171000
131296	170960
60261	170000
63311	170000
7091	170000
8560	170000
8190	170000
5605	170000
30176	170000
26347	170000
29748	170000
21947	170000
12008	170000
35985	170000
23686	170000
24121	170000
9989	170000
11537	170000
24931	170000
6623	170000
23260	170000
31736	170000
17645	170000
36683	170000
6423	170000
31400	170000
3512	170000
29208	170000
24642	170000
35843	170000
43683	170000
5539	170000
26792	170000
39598	170000
23265	170000
13041	170000
43284	170000
5577	170000
42227	170000
35332	170000
11051	170000
42184	170000
13692	170000
8744	170000
29562	170000
47172	170000
47841	170000
47215	170000
11995	170000
47344	170000
33737	170000
48943	170000
46484	170000
47490	170000
31252	170000
11664	170000
45668	170000
38478	170000
33139	170000
20985	170000
33796	170000
12316	170000
47143	170000
11071	170000
21250	170000
12188	170000
33470	170000
41601	170000
52892	170000
11922	170000
59895	170000
11798	170000
29404	170000
22546	170000
53131	170000
513	170000
46849	170000
22653	170000
14116	170000
45711	170000
8728	170000
44160	170000
53070	170000
29037	170000
46793	170000
16095	170000
19531	170000
51929	170000
6723	170000
23627	170000
13857	170000
21525	170000
24554	170000
19844	170000
10024	170000
41412	170000
25764	170000
6336	170000
12578	170000
600	170000
53175	170000
32613	170000
23816	170000
19782	170000
27947	170000
197377	170000
48500	170000
17246	170000
32365	170000
54154	170000
26167	170000
10653	170000
45634	170000
43852	170000
34270	170000
54652	170000
21412	170000
18199	170000
25780	170000
9584	170000
53306	170000
8823	170000
53100	170000
1120	170000
44858	170000
12033	170000
11242	170000
42239	170000
54376	170000
50673	170000
16724	170000
132267	170000
10102	170000
54327	170000
63060	170000
57187	170000
7849	170000
58656	170000
199339	170000
25273	170000
58010	170000
60717	170000
27026	170000
41281	170000
8245	170000
57068	170000
18049	170000
33604	170000
262777	170000
28306	170000
28571	170000
262780	170000
14571	170000
12536	170000
11475	170000
10996	170000
17685	170000
38043	170000
57029	170000
11081	170000
199364	170000
29485	170000
54929	170000
29933	170000
262333	170000
14103	170000
57193	170000
40700	170000
33606	170000
55923	170000
36444	170000
18516	170000
32421	170000
33515	170000
40413	170000
10993	170000
23274	170000
26288	170000
62915	170000
25653	170000
5664	170000
28366	170000
196844	170000
40676	170000
262704	170000
31877	170000
32100	170000
15267	170000
22921	170000
15108	170000
52251	170000
18094	170000
133534	170000
262620	170000
10886	170000
53221	170000
27833	170000
20207	170000
6368	170000
262724	170000
52558	170000
14463	170000
24730	170000
61951	170000
11414	170000
133579	170000
57963	170000
198203	170000
62469	170000
30466	170000
262989	170000
52846	170000
262377	170000
42775	170000
43317	170000
54002	170000
262402	170000
264531	170000
264492	170000
53224	170000
53122	170000
27768	170000
36445	170000
133420	170000
28163	170000
61950	170000
9022	170000
199256	170000
262667	170000
62183	170000
50148	170000
56301	170000
28066	170000
32710	170000
24278	170000
133873	170000
49063	170000
198477	170000
10481	170000
42845	170000
11976	170000
327893	170000
5690	170000
16832	170000
40028	170000
393965	170000
61244	170000
9999	170000
25068	170000
262256	170000
134363	170000
42567	170000
31769	170000
263668	170000
4043	170000
263789	170000
18616	170000
25003	170000
132167	170000
48642	170000
26271	170000
59	170000
819	170000
32277	170000
263822	170000
61942	170000
263569	170000
29244	170000
263797	170000
25165	170000
25227	170000
201602	170000
133959	170000
198785	170000
7687	170000
11174	170000
8714	170000
42334	170000
16130	170000
43391	170000
58815	170000
263363	170000
28270	170000
28308	170000
11279	170000
53407	170000
262413	170000
35998	170000
17429	170000
29788	170000
19082	170000
15102	170000
55270	170000
21632	170000
25248	170000
52726	170000
51164	170000
52363	170000
20559	170000
18683	170000
54661	170000
19689	170000
135246	170000
52794	170000
134809	170000
52519	170000
8008	170000
394437	170000
328400	170000
264016	170000
52878	170000
58762	170000
45684	170000
202831	170000
203629	170000
52989	170000
197524	170000
45775	170000
264961	170000
201782	170000
327952	170000
52981	170000
62818	170000
198235	170000
199494	170000
51394	170000
133652	170000
32165	170000
27895	170000
197615	170000
43733	170000
264768	170000
27951	170000
46692	170000
57608	170000
262186	170000
27272	170000
263674	170000
35760	170000
50533	170000
200414	170000
199551	170000
51337	170000
134012	170000
35891	170000
60098	170000
29974	170000
262791	170000
35491	170000
60884	170000
57033	170000
394141	170000
27382	170000
36008	170000
55957	170000
11109	170000
206758	170000
52195	170000
199226	170000
7004	170000
57478	170000
60534	170000
27964	170000
39716	170000
41966	170000
59862	170000
202220	170000
7806	170000
395768	170000
52153	170000
262766	170000
50411	170000
41319	170000
395470	170000
265303	170000
395578	170000
50017	170000
42667	170000
135292	170000
49565	170000
23423	170000
395880	170000
134674	170000
1101	170000
11178	170000
23307	170000
59060	170000
197672	170000
51648	170000
13838	170000
202050	170000
395719	170000
133952	170000
394740	170000
57219	170000
201026	170000
394676	170000
34296	170000
14832	170000
58906	170000
29614	170000
6503	170000
61826	170000
45265	170000
12687	170000
12690	170000
25385	170000
202169	170000
131915	170000
202761	170000
131916	170000
265101	170000
196749	170000
205811	170000
61521	170000
328064	170000
196865	170000
135278	170000
27553	170000
53591	170000
53189	170000
135011	170000
265478	170000
198604	170000
38627	170000
23419	170000
24251	170000
262643	170000
7514	170000
28032	170000
206299	170000
36515	170000
50270	170000
28114	170000
63772	170000
328036	170000
6712	170000
22908	170000
41138	170000
17303	170000
38851	170000
52542	170000
53454	170000
6752	170000
265436	170000
198496	170000
56972	170000
42812	170000
327790	170000
393455	170000
41480	170000
265021	170000
40545	170000
62632	170000
53338	170000
35518	170000
394146	170000
62406	170000
25190	170000
266995	170000
19465	170000
27286	170000
137250	170000
40773	170000
62597	170000
54483	170000
13415	170000
204789	170000
266420	170000
204821	170000
199421	170000
32389	170000
49020	170000
267196	170000
44979	170000
20874	170000
266977	170000
267452	170000
263985	170000
134739	170000
263523	170000
205100	170000
43848	170000
31236	170000
196776	170000
5760	170000
31445	170000
23777	170000
51790	170000
132890	170000
394140	170000
27660	170000
63131	170000
263461	170000
64233	170000
267428	170000
38949	170000
41006	170000
197155	170000
265999	170000
134895	170000
202006	170000
51920	170000
1226	170000
262662	170000
25637	170000
47723	170000
37897	170000
11077	170000
262970	170000
131273	170000
197294	170000
18024	170000
131933	170000
54086	170000
57424	170000
200185	170000
55140	170000
136769	170000
40339	170000
196819	170000
29091	170000
11635	170000
132491	170000
263250	170000
29689	170000
198426	170000
27255	170000
49457	170000
61462	170000
138147	170000
41033	170000
47095	170000
59371	170000
397116	170000
202281	170000
267587	170000
131895	170000
196714	170000
197146	170000
209835	170000
44358	170000
50794	170000
55766	170000
137575	170000
264811	169000
49895	168000
16178	168000
48559	168000
264598	166960
200668	165000
395400	165000
53102	164000
202805	164000
53246	163000
41327	162000
13657	161000
2685	161000
11123	161000
53349	161000
29608	160700
7500	160000
41690	160000
35470	160000
13703	160000
37235	160000
53143	160000
262259	160000
263587	160000
6561	160000
48716	160000
265065	160000
197902	160000
63343	160000
264127	160000
61943	160000
15426	160000
134359	160000
32067	160000
46950	160000
50554	160000
63298	160000
30168	160000
35795	160000
8803	160000
20618	160000
56655	160000
14061	160000
207972	160000
268819	160000
24532	160000
328388	160000
134369	160000
7065	160000
37199	160000
64476	160000
10084	160000
268205	160000
53172	159000
47275	158600
262429	157000
45305	157000
327950	156000
132137	155648
62275	155000
53052	155000
25459	154000
201838	154000
37451	154000
58821	154000
133001	153620
262691	153600
17483	153000
25466	152000
12042	152000
11195	152000
262230	152000
57613	152000
61478	152000
31617	152000
133324	151000
135697	151000
23871	150200
394070	150000
32479	150000
24309	150000
61836	150000
32743	150000
262316	150000
395573	150000
136026	150000
48408	150000
200478	150000
20846	150000
3145	150000
12459	150000
264679	150000
138064	150000
3223	150000
205473	150000
13194	150000
28178	150000
6648	149000
199496	149000
57151	148000
40300	147000
21267	147000
33725	147000
57896	147000
51784	145300
262394	145000
262352	144836
38769	144000
36143	143000
33302	143000
13549	143000
64475	143000
18615	143000
48011	143000
49349	142000
61287	142000
63028	142000
61211	142000
56099	142000
58816	142000
51944	141000
64223	141000
25482	140288
6405	140000
26914	140000
7303	140000
18530	140000
42005	140000
9137	140000
59940	140000
62239	140000
52858	140000
134055	140000
25961	140000
19310	140000
55507	140000
31857	140000
131914	140000
396503	140000
28319	140000
11751	140000
394449	140000
9910	140000
132808	140000
57073	140000
33044	140000
52760	140000
23808	140000
197522	140000
23618	140000
262964	140000
37020	140000
39065	140000
33873	140000
133385	140000
134705	140000
12684	137000
262721	137000
33480	136768
4007	136300
14609	136000
35833	136000
21880	136000
35940	136000
55674	135100
53130	135000
263432	135000
263990	135000
55814	135000
21724	134000
35074	134000
57121	134000
43500	133120
11062	132160
262733	132000
133658	132000
59945	132000
133934	131100
21709	131000
31800	130700
30740	130000
20495	130000
15743	130000
39138	130000
14877	130000
23106	130000
52685	130000
4540	130000
17997	130000
29465	130000
262692	130000
328145	130000
199330	130000
60890	130000
267095	130000
22324	130000
20919	130000
39337	130000
37545	130000
19186	130000
3132	130000
23775	130000
210264	130000
264398	130000
45194	129568
53589	129000
202566	128000
37154	127000
265147	126000
132771	126000
58477	126000
262901	126000
57723	125336
263793	125000
21069	124000
8723	124000
327794	124000
202020	124000
56286	124000
9652	123000
205081	123000
198910	123000
137166	122880
6738	122700
10204	122000
264425	122000
7606	122000
132931	121000
394530	121000
39192	121000
51945	120300
16265	120000
18209	120000
9621	120000
2602	120000
23465	120000
262420	120000
61730	120000
56910	120000
133676	120000
263314	120000
58650	120000
59444	120000
328065	120000
396040	120000
60051	120000
268267	120000
201447	120000
14726	120000
265294	120000
397544	120000
265892	120000
328517	120000
58171	120000
14288	120000
138840	120000
264998	120000
137373	120000
328538	120000
39902	120000
397806	120000
35847	120000
8435	120000
265135	120000
25374	120000
14824	120000
4693	120000
55803	120000
198726	120000
328365	120000
42004	119000
266152	119000
19117	116000
26531	116000
54225	116000
327826	116000
262474	116000
39806	116000
262610	116000
267055	116000
7521	115000
33920	115000
52944	115000
39543	115000
262673	115000
328327	115000
59214	114000
23860	114000
264524	114000
50618	114000
58820	113000
17978	113000
15772	113000
61666	112640
264404	112640
48728	112000
262417	112000
13054	111200
52977	110500
28219	110030
21392	110000
4764	110000
48268	110000
12941	110000
264360	110000
33808	110000
262979	110000
206499	110000
53199	110000
200064	110000
262819	110000
264294	110000
135607	110000
204861	110000
18407	110000
23379	110000
49028	110000
266430	110000
393434	110000
2588	110000
266961	110000
266144	110000
266721	110000
48438	110000
209813	110000
35913	110000
268133	110000
29900	110000
25837	110000
266968	110000
51520	110000
17197	110000
328480	110000
131896	110000
266192	110000
209208	110000
2675	110000
57276	110000
16342	110000
9952	110000
267348	110000
133339	110000
61602	110000
35425	110000
134881	109568
60690	107000
55219	107000
10881	106000
18779	106000
5524	105000
61570	105000
58940	105000
264491	105000
2134	104000
24157	104000
199659	103700
263531	103500
44980	103000
208477	102600
264552	102600
52661	102576
18886	102400
21396	102000
198440	102000
57928	102000
264228	102000
49638	102000
38541	102000
43760	102000
266263	102000
268952	102000
262488	101768
7048	101000
39591	100000
55879	100000
262750	100000
25375	100000
28352	100000
52686	100000
15734	100000
263483	100000
263961	100000
265429	100000
24173	100000
45118	100000
39335	100000
267399	100000
40244	100000
37653	100000
267593	100000
263852	100000
204006	100000
208431	100000
26484	100000
266927	100000
266480	100000
15391	100000
4694	100000
7941	100000
19306	100000
37453	100000
398415	100000
6798	99000
8943	98400
26838	98192
20811	98000
53066	98000
263649	98000
7005	98000
28037	98000
262494	98000
52643	98000
37786	98000
55653	98000
4589	98000
33748	97000
13680	96000
268323	96000
37294	96000
262591	96000
264415	95800
50472	95200
33843	95000
263801	95000
58868	95000
15211	94000
43100	94000
9201	93000
39479	93000
59165	92000
263647	92000
9313	91000
45769	91000
136696	91000
45766	91000
33130	90800
23756	90000
62874	90000
53008	90000
37195	90000
52968	90000
61582	90000
38442	90000
263947	90000
263840	90000
36813	90000
6696	90000
264210	90000
265954	90000
267360	90000
37110	90000
46475	90000
199362	90000
19045	90000
264939	90000
43060	90000
44291	90000
262808	90000
131322	90000
262828	89500
327992	89216
44953	89000
24521	89000
56229	89000
59953	89000
263591	89000
48072	88300
56665	88200
20640	88000
29668	88000
29014	88000
262862	88000
57877	88000
9830	88000
268503	87000
42692	87000
28890	86500
263661	86000
59156	86000
5459	85000
42455	85000
53563	85000
49909	85000
5396	85000
17426	85000
264577	85000
50231	85000
131607	85000
61006	85000
52339	85000
45349	85000
49296	85000
33452	85000
267280	85000
61888	84500
265484	84000
137142	84000
8368	84000
3549	84000
131755	83000
6643	82000
263442	82000
51681	82000
12773	82000
17439	81920
51290	81000
137331	81000
22534	80010
29551	80000
58587	80000
262822	80000
52765	80000
11647	80000
199610	80000
36914	80000
54574	80000
196954	80000
42705	80000
45361	80000
32621	80000
24429	80000
262900	80000
264186	80000
52639	80000
41985	80000
207054	80000
12796	80000
20657	80000
205813	80000
209328	80000
328536	80000
327738	80000
45278	80000
45705	80000
27979	80000
57844	80000
9891	80000
35137	80000
207353	80000
198605	80000
199524	80000
58715	80000
28265	80000
23805	80000
58678	80000
33771	80000
263151	80000
267513	80000
205099	80000
9790	80000
201119	80000
262539	79500
13150	79000
38896	79000
206184	78848
12597	78000
203421	78000
134316	78000
266347	78000
9326	78000
58392	78000
63862	77000
31595	76500
38809	76500
264765	76000
327907	76000
262268	75000
48424	74800
263478	74600
48292	74000
262464	74000
9785	74000
29169	74000
61134	73728
43019	73200
34135	73100
9658	73000
198781	73000
262346	73000
203140	73000
266713	73000
53097	72100
55555	72000
18422	72000
138816	72000
133838	72000
44123	71400
31078	71300
53142	71264
21513	71000
8677	71000
53169	71000
201106	71000
48727	71000
24536	71000
53237	70550
200794	70500
16842	70000
52444	70000
134732	70000
262893	70000
263411	70000
263196	70000
53050	70000
47203	70000
394302	70000
6059	70000
202596	70000
10279	70000
10099	70000
48128	70000
135010	70000
2731	70000
31202	70000
29357	70000
50475	70000
14979	70000
53764	70000
328633	70000
32097	70000
197301	70000
18881	70000
40328	70000
393670	70000
134014	70000
58659	70000
4647	70000
52475	69632
34011	69000
131758	69000
31250	69000
23951	69000
198857	68900
30071	68700
3213	68000
41692	68000
33079	68000
24047	68000
25061	68000
39301	68000
8664	68000
32880	68000
34171	68000
25295	68000
42303	68000
55518	68000
20722	68000
197000	68000
29545	68000
47622	68000
29680	68000
20365	68000
133075	68000
199947	68000
27940	68000
28009	68000
263076	68000
327813	68000
38565	68000
4508	68000
55521	68000
30798	68000
28257	68000
37342	68000
45686	68000
263774	68000
14522	68000
206342	68000
262509	68000
263270	68000
328156	68000
263776	68000
61822	68000
265656	68000
23815	68000
328351	68000
138100	68000
263833	67000
41913	66000
393513	66000
33544	66000
264514	66000
136093	66000
59279	66000
12491	66000
8612	66000
265426	65248
42459	65000
52539	65000
28656	65000
263089	64700
35706	64000
7020	64000
52932	64000
267554	64000
47096	64000
132876	63000
262902	63000
136873	63000
26451	63000
37980	63000
51646	62000
53708	62000
32160	62000
60602	62000
135419	62000
59276	62000
328164	61440
265451	61440
34119	61000
203687	61000
205344	61000
59347	61000
37529	61000
49405	60000
38280	60000
16253	60000
133854	60000
262684	60000
52973	60000
37479	60000
53356	60000
264017	60000
11272	60000
138576	60000
29802	60000
1916	60000
7516	60000
21277	60000
201102	60000
207199	60000
134618	60000
37680	60000
52951	60000
263518	60000
268749	60000
269462	60000
269499	60000
46023	60000
138839	60000
20001	60000
19035	60000
62712	60000
133803	60000
17995	60000
33951	60000
265383	60000
16604	60000
19754	60000
16803	60000
23486	60000
45754	60000
45804	60000
393573	60000
196755	60000
139970	60000
56264	60000
265974	60000
27688	60000
3242	60000
42064	60000
264570	60000
267032	60000
24008	60000
31169	60000
15960	60000
10103	60000
41088	60000
51088	60000
51395	60000
5662	60000
44513	60000
30259	60000
61805	60000
263124	60000
135193	60000
206125	60000
393420	60000
135098	60000
200738	60000
134715	60000
47043	60000
136522	60000
14642	60000
263258	60000
52201	60000
31430	60000
9374	60000
62856	60000
137079	60000
56654	60000
133070	60000
60316	60000
206067	60000
56971	60000
45763	59000
11179	59000
47680	59000
250	58000
28279	58000
17671	58000
132847	58000
23661	57000
262730	57000
49463	56100
7908	56000
8301	56000
45287	56000
61928	56000
139967	56000
264925	55892
55685	55000
199517	55000
262792	54500
30880	54400
51254	54400
37996	54000
5505	54000
10022	54000
38753	53000
23628	53000
49787	53000
22873	52700
31235	52700
53165	52400
262336	52224
17666	52000
6660	52000
262374	52000
262557	52000
28323	52000
266630	52000
45707	52000
264923	52000
38147	52000
135582	52000
38527	52000
133275	51200
12902	51000
15657	51000
2128	51000
33419	51000
15766	51000
41391	51000
8784	51000
25593	51000
8513	51000
8553	51000
20915	51000
37986	51000
39636	51000
13826	51000
27822	51000
43013	51000
34304	51000
18559	51000
4677	51000
51906	51000
55644	51000
39287	51000
43858	51000
37519	51000
197617	51000
54119	51000
45348	51000
46156	51000
52352	51000
27879	51000
28590	51000
53218	51000
38289	51000
24195	51000
47027	51000
549	51000
9519	51000
34768	51000
133720	51000
132220	51000
262993	51000
203086	51000
36868	51000
35313	51000
134622	51000
135484	51000
198091	51000
37482	51000
197447	51000
61968	51000
263251	51000
266177	51000
39816	51000
62227	51000
136302	51000
48067	51000
197204	51000
263283	51000
30999	50600
56381	50400
23074	50000
37090	50000
53230	50000
3067	50000
55256	50000
11046	50000
133613	50000
136377	50000
133410	50000
394151	50000
266972	50000
206478	50000
46595	50000
139225	50000
267522	50000
263067	50000
378	50000
36311	50000
210142	50000
57999	50000
265038	50000
267	50000
133296	50000
396501	50000
395471	50000
37783	50000
328395	50000
37682	50000
35699	50000
267815	50000
43533	50000
135760	50000
39029	50000
22591	50000
17378	50000
33445	50000
11383	50000
17707	50000
59112	50000
262868	50000
17113	50000
133315	50000
263049	50000
264331	50000
61873	50000
17253	50000
61186	50000
135126	50000
28142	50000
14551	49700
51569	49000
15589	48878
57633	48000
53139	48000
18103	48000
138296	48000
2595	47000
137410	47000
20621	46500
197692	46400
4434	46220
43890	46000
50837	46000
16191	45700
27865	45700
263589	45056
265141	45056
13135	45000
53088	45000
136373	45000
268548	45000
265158	45000
268525	45000
58482	45000
201214	45000
10135	44500
30132	44000
8545	44000
12502	44000
32563	44000
62838	44000
17069	44000
18840	44000
134707	44000
17482	44000
58460	44000
56550	44000
39505	44000
29838	44000
9381	44000
34624	43600
8565	43100
6851	43000
12143	43000
131584	43000
9129	43000
208751	43000
13237	42500
28657	42500
135526	42500
17920	42000
43323	42000
133389	42000
264723	42000
32437	42000
19551	42000
28292	42000
55832	41576
44431	41500
21140	41000
45528	40960
13357	40150
45498	40000
263308	40000
46886	40000
201754	40000
262770	40000
266400	40000
203261	40000
137352	40000
204196	40000
138570	40000
268126	40000
45288	40000
1640	40000
54506	40000
33164	40000
12857	40000
207588	40000
131960	40000
266059	40000
270299	40000
264596	40000
269208	40000
24299	40000
38081	40000
62819	40000
9751	40000
37356	40000
64313	40000
60816	40000
267278	40000
55003	40000
56668	40000
137001	40000
263155	40000
11767	40000
31042	40000
12883	40000
56528	40000
139734	40000
13681	40000
49192	40000
22941	40000
31452	40000
6515	40000
34718	40000
29785	40000
328598	40000
3737	40000
62240	40000
32425	40000
49690	40000
134293	40000
394994	40000
202766	40000
133680	40000
58430	40000
25853	40000
44030	40000
25091	40000
17939	40000
19969	40000
38195	40000
8660	40000
61174	40000
63920	40000
134090	40000
50154	40000
206141	40000
213065	40000
200070	40000
264969	40000
270600	40000
206389	40000
31273	40000
60113	40000
61020	40000
38310	39936
31126	39340
43942	39000
36731	39000
12975	39000
25943	39000
35585	39000
35695	39000
134375	38192
134021	38000
52911	38000
266346	38000
136841	38000
58500	38000
9104	37400
41090	37400
24028	37400
44295	37400
199660	37400
199150	37400
24204	37200
328160	37100
4777	37000
58404	37000
48504	37000
37656	37000
200428	37000
264518	37000
28065	36400
136632	36384
9153	36100
49605	36000
262952	36000
47727	36000
28773	36000
262645	36000
52967	36000
265972	36000
264996	36000
262453	36000
59155	36000
8554	35700
33845	35700
29286	35700
53116	35700
41153	35700
21101	35600
34683	35500
3561	35000
44514	35000
53093	35000
59560	35000
52965	35000
49855	35000
327960	35000
265639	35000
263378	35000
263739	34820
10704	34816
17754	34816
328032	34816
203885	34816
56507	34816
58408	34408
35655	34300
20799	34000
29452	34000
5409	34000
8195	34000
3224	34000
33811	34000
23712	34000
52243	34000
23711	34000
30962	34000
9710	34000
2863	34000
39104	34000
28001	34000
31383	34000
26228	34000
25152	34000
12634	34000
34997	34000
34021	34000
34781	34000
15782	34000
13284	34000
29083	34000
35156	34000
24973	34000
41960	34000
45037	34000
35584	34000
40015	34000
9583	34000
23752	34000
29846	34000
48484	34000
37652	34000
11796	34000
50032	34000
13722	34000
47836	34000
23829	34000
17961	34000
8587	34000
53424	34000
24753	34000
16523	34000
35719	34000
24951	34000
50244	34000
50763	34000
14232	34000
33835	34000
44902	34000
38437	34000
41289	34000
45816	34000
13157	34000
31662	34000
17088	34000
12775	34000
57315	34000
1304	34000
51896	34000
51483	34000
37312	34000
45932	34000
53727	34000
9123	34000
197422	34000
24029	34000
49604	34000
23949	34000
27665	34000
58560	34000
52462	34000
42204	34000
24518	34000
24550	34000
44608	34000
35799	34000
15072	34000
56990	34000
18206	34000
49300	34000
39783	34000
198423	34000
12290	34000
20555	34000
16168	34000
42400	34000
8789	34000
31328	34000
59410	34000
29263	34000
51406	34000
16174	34000
50737	34000
9328	34000
35834	34000
197653	34000
43190	34000
53698	34000
35180	34000
48972	34000
25093	34000
5602	34000
43252	34000
28757	34000
53494	34000
59620	34000
28239	34000
28141	34000
53140	34000
133023	34000
132837	34000
53869	34000
3324	34000
9165	34000
3220	34000
37628	34000
10133	34000
54523	34000
262500	34000
53861	34000
29881	34000
263499	34000
53178	34000
28615	34000
37775	34000
29583	34000
262933	34000
63034	34000
47228	34000
23673	34000
62537	34000
52431	34000
7772	34000
262737	34000
10617	34000
52323	34000
202042	34000
61924	34000
52877	34000
36898	34000
16162	34000
60899	34000
28216	34000
18046	34000
41059	34000
201791	34000
56182	34000
28327	34000
264470	34000
26563	34000
18393	34000
39072	34000
200700	34000
55427	34000
58627	34000
327939	34000
31459	34000
36909	34000
59933	34000
393874	34000
203851	34000
264590	34000
393350	34000
134295	34000
55699	34000
61397	34000
43558	34000
393662	34000
328023	34000
13006	34000
201990	34000
11399	34000
204019	34000
52079	34000
198416	34000
22518	34000
199410	34000
45561	34000
47627	34000
15190	34000
135543	34000
63529	34000
60458	34000
263070	34000
198391	34000
37324	34000
9893	34000
21774	34000
203741	34000
206894	34000
52009	34000
197418	34000
199413	34000
39107	34000
199338	34000
56783	34000
48742	34000
40752	34000
39560	34000
52101	34000
203548	34000
327751	34000
203230	34000
39729	34000
57221	34000
203223	34000
8550	34000
132734	34000
207101	34000
23169	34000
198591	34000
44974	34000
132004	34000
44503	34000
199451	34000
39566	34000
202971	34000
41882	34000
52909	34000
262195	34000
206373	34000
58894	34000
42180	34000
26198	34000
263675	34000
263728	34000
5401	34000
264815	34000
52680	34000
36640	34000
58927	34000
60430	34000
262518	34000
198891	34000
12630	34000
15035	34000
205296	34000
64234	34000
265806	34000
17537	34000
206442	34000
200480	34000
135869	34000
134856	34000
5500	34000
197645	34000
204536	34000
266866	34000
58146	34000
138174	34000
55679	34000
135843	34000
12565	34000
18350	34000
138009	34000
200278	34000
8393	34000
5406	34000
205442	34000
396472	34000
135301	33500
14280	33000
34486	33000
7829	33000
16467	33000
25976	33000
11190	33000
30295	33000
33125	33000
45839	33000
54643	33000
52938	33000
36965	33000
394330	33000
8486	33000
20832	32200
15290	32000
30129	32000
199283	32000
49360	32000
137851	32000
16685	32000
4765	31800
328423	31744
36217	31700
34549	31500
21263	31100
38235	31000
37002	31000
55652	31000
202867	31000
48685	31000
262296	31000
137121	31000
49088	31000
14259	31000
209218	30942
52300	30720
61895	30720
31543	30700
202322	30400
262756	30240
30447	30140
53459	30000
33082	30000
33072	30000
30134	30000
30128	30000
33558	30000
23709	30000
14390	30000
8222	30000
26788	30000
8038	30000
15692	30000
28207	30000
41847	30000
58910	30000
62502	30000
134325	30000
60670	30000
22080	30000
60917	30000
29424	30000
138995	30000
64115	30000
209400	30000
34569	30000
38524	30000
17538	30000
210323	30000
34762	30000
55352	30000
262772	30000
262387	30000
134326	30000
262612	30000
263495	30000
35280	30000
61056	30000
265188	30000
133372	30000
393490	30000
56583	30000
262470	30000
267242	30000
269075	30000
394581	30000
262898	30000
266298	30000
207310	30000
42156	30000
270436	30000
56472	30000
207274	30000
268546	30000
1410	30000
47116	30000
26388	30000
13951	30000
30622	30000
266853	30000
45184	30000
135223	30000
34655	30000
41349	30000
17604	30000
5583	30000
22302	30000
58882	30000
1351	30000
9607	30000
135753	30000
197140	30000
33922	30000
21211	30000
38067	30000
265962	30000
9268	30000
45177	30000
396071	30000
266925	30000
50467	29900
48920	29700
138211	29200
12835	29000
45725	29000
59185	29000
45706	29000
267088	29000
137295	29000
25471	28200
15594	28000
33077	28000
31715	28000
36943	28000
4666	28000
198184	28000
38506	28000
29104	28000
200438	28000
265699	28000
205388	28000
137246	28000
51023	28000
45937	28000
133971	28000
24132	28000
263869	28000
55247	28000
28244	28000
17374	27700
17473	27400
7717	27100
7522	27000
33522	27000
60134	27000
133660	27000
48846	27000
138359	27000
37347	27000
30123	26000
35223	26000
50683	26000
44314	26000
49792	26000
37576	26000
59954	26000
38200	26000
25590	26000
42300	26000
206640	26000
198093	25700
48712	25500
47850	25500
327922	25500
267062	25500
51514	25000
28073	25000
7597	25000
7628	25000
262889	25000
55670	25000
139909	25000
44141	24800
4608	24800
200983	24100
29215	24000
40528	24000
16876	24000
27916	24000
8491	24000
50620	24000
54042	24000
264130	24000
203640	24000
201333	24000
262755	24000
267102	24000
137080	24000
263480	24000
206404	24000
266598	24000
269060	24000
131717	24000
45312	24000
138829	24000
55789	24000
6881	24000
133593	24000
3599	23500
267588	23002
42476	23000
24523	23000
132774	23000
22750	23000
47169	23000
20928	23000
133797	23000
23696	23000
45650	23000
262788	23000
136885	23000
43369	23000
200392	23000
37622	23000
2484	22600
52869	22528
266374	22528
132923	22528
198721	22400
25572	22000
8859	22000
28707	22000
28165	22000
5017	22000
52625	22000
201877	22000
60157	22000
53197	22000
133881	22000
201508	22000
42228	22000
262811	22000
266028	22000
61929	22000
58750	22000
209261	22000
394914	22000
37627	22000
397524	22000
33791	22000
37109	22000
135425	22000
196689	21500
39318	21000
39310	21000
5692	21000
263393	21000
264009	21000
135465	21000
263713	21000
131775	21000
136287	21000
209086	21000
29446	21000
133817	21000
63027	21000
53018	21000
2593	21000
32244	21000
263586	21000
7631	20700
43599	20500
133664	20480
53112	20480
210218	20480
140269	20480
27789	20408
23541	20400
44583	20400
50858	20400
45950	20400
38477	20400
21351	20400
198271	20400
48374	20400
135423	20400
58406	20000
28859	20000
17444	20000
54415	20000
52550	20000
16039	20000
327943	20000
7489	20000
2606	20000
202918	20000
131303	20000
264295	20000
265030	20000
266044	20000
267117	20000
34936	20000
61064	20000
327849	20000
204526	20000
31122	20000
13618	20000
4721	20000
29154	20000
198408	20000
133100	20000
20205	20000
15738	20000
132031	20000
50782	20000
134858	20000
19711	20000
43513	20000
138041	20000
52637	20000
23838	20000
40449	20000
10083	20000
133187	20000
21837	20000
16684	20000
46700	20000
7979	20000
19661	20000
11038	20000
48273	20000
25182	20000
51095	20000
205891	20000
198102	20000
136800	20000
45974	20000
204810	20000
208457	20000
205790	20000
23856	20000
14327	20000
266454	20000
28234	20000
263891	20000
263617	20000
52706	20000
22128	20000
266275	20000
30174	20000
51155	20000
18187	20000
37908	20000
328699	20000
328547	20000
11744	20000
265344	20000
138263	20000
199758	20000
13728	20000
16654	20000
207489	20000
38571	20000
133317	20000
136515	20000
138754	20000
200023	20000
50469	20000
263346	20000
1441	20000
209421	20000
137945	20000
42861	20000
266130	20000
398454	20000
138428	20000
52424	20000
263218	20000
264637	20000
52286	20000
265684	20000
28049	20000
56858	20000
198967	20000
268568	19800
16363	19600
22989	19456
204264	19108
132901	19108
24557	19000
24077	19000
9497	19000
40739	19000
262501	19000
132919	19000
135247	19000
28139	19000
135232	19000
264297	19000
7578	19000
134009	19000
9092	18700
2500	18700
20917	18700
29246	18700
17435	18700
39600	18700
31576	18700
29513	18700
44334	18700
14500	18700
16218	18700
199248	18700
199396	18700
62336	18700
198334	18700
32614	18700
23774	18700
23666	18700
327700	18700
133173	18700
52458	18600
17996	18600
27345	18432
196640	18432
58969	18432
13226	18400
18104	18300
50796	18300
133718	18264
25473	18000
5071	18000
45144	18000
51050	18000
52896	18000
134929	18000
199790	18000
328275	18000
263019	18000
134643	18000
136131	18000
135468	18000
24530	18000
139425	18000
139947	18000
61600	18000
39905	18000
2515	17700
50857	17500
35184	17408
56209	17408
27932	17408
263128	17408
262753	17408
12305	17408
26068	17408
28438	17408
263917	17408
44084	17408
41522	17408
135253	17408
198216	17408
29245	17408
135861	17408
37030	17408
30988	17408
57079	17408
28639	17408
136330	17408
25328	17408
267121	17408
136533	17408
136480	17408
133967	17408
263459	17408
328144	17200
37650	17170
58683	17000
19817	17000
10255	17000
12059	17000
28877	17000
31216	17000
16559	17000
13101	17000
19752	17000
3043	17000
25975	17000
5462	17000
20704	17000
8804	17000
4837	17000
10848	17000
31661	17000
5418	17000
26627	17000
14833	17000
25286	17000
46199	17000
15149	17000
30131	17000
40475	17000
8495	17000
15773	17000
4319	17000
36824	17000
13246	17000
42366	17000
40068	17000
38181	17000
5568	17000
8596	17000
43436	17000
11830	17000
24989	17000
15935	17000
34960	17000
29655	17000
34554	17000
14585	17000
31641	17000
40495	17000
38321	17000
4795	17000
3248	17000
8092	17000
18392	17000
42585	17000
56065	17000
8648	17000
5726	17000
49190	17000
24586	17000
41644	17000
8391	17000
48519	17000
12348	17000
22781	17000
44259	17000
13871	17000
44765	17000
39915	17000
393225	17000
10745	17000
393220	17000
394018	17000
17579	17000
48885	17000
42416	17000
23308	17000
14866	17000
39449	17000
42760	17000
7296	17000
9167	17000
46195	17000
49492	17000
31474	17000
24796	17000
13214	17000
48514	17000
19528	17000
21336	17000
42605	17000
46656	17000
31147	17000
1133	17000
29243	17000
9266	17000
48315	17000
49854	17000
43782	17000
43911	17000
47328	17000
20569	17000
5683	17000
26088	17000
28196	17000
21864	17000
49820	17000
24321	17000
49983	17000
44219	17000
50066	17000
42973	17000
38948	17000
48284	17000
12541	17000
50087	17000
38149	17000
9026	17000
30162	17000
38544	17000
9877	17000
30583	17000
52841	17000
1850	17000
26546	17000
51040	17000
6850	17000
8950	17000
12347	17000
23779	17000
53582	17000
22300	17000
20501	17000
48528	17000
37113	17000
50370	17000
9003	17000
50292	17000
51224	17000
50719	17000
20633	17000
36052	17000
15388	17000
30640	17000
25139	17000
38199	17000
46064	17000
46235	17000
19842	17000
51218	17000
15301	17000
196621	17000
41628	17000
55915	17000
44009	17000
16217	17000
8330	17000
2470	17000
46309	17000
13573	17000
20738	17000
16866	17000
28192	17000
2108	17000
46231	17000
6834	17000
52102	17000
7753	17000
49232	17000
197764	17000
13746	17000
31564	17000
26918	17000
56848	17000
29152	17000
9931	17000
57124	17000
53837	17000
3401	17000
30998	17000
53948	17000
54046	17000
27464	17000
12757	17000
57423	17000
38278	17000
27541	17000
51823	17000
18588	17000
50387	17000
198239	17000
29553	17000
39470	17000
42841	17000
57202	17000
20924	17000
41872	17000
27626	17000
12540	17000
46215	17000
4224	17000
53389	17000
48362	17000
52328	17000
41811	17000
46664	17000
132111	17000
14746	17000
12327	17000
24582	17000
54444	17000
57381	17000
33361	17000
6086	17000
57516	17000
198570	17000
34510	17000
198818	17000
16004	17000
40999	17000
45945	17000
34233	17000
36959	17000
50372	17000
41695	17000
33854	17000
57228	17000
28654	17000
198492	17000
34942	17000
40850	17000
262787	17000
48297	17000
19233	17000
50468	17000
61215	17000
197219	17000
55350	17000
51886	17000
50206	17000
198288	17000
10654	17000
10367	17000
132435	17000
34868	17000
21461	17000
18638	17000
132730	17000
132536	17000
29998	17000
198554	17000
197736	17000
27193	17000
49902	17000
49505	17000
36958	17000
16737	17000
38781	17000
132426	17000
56833	17000
21360	17000
262680	17000
262757	17000
53235	17000
28640	17000
60532	17000
12362	17000
262839	17000
29231	17000
14558	17000
61337	17000
50968	17000
20338	17000
32738	17000
197589	17000
37079	17000
59554	17000
26320	17000
3842	17000
60362	17000
3250	17000
52836	17000
3186	17000
15691	17000
10431	17000
62929	17000
62182	17000
22919	17000
393316	17000
16798	17000
62947	17000
199706	17000
12650	17000
262492	17000
26689	17000
51744	17000
14613	17000
11045	17000
29606	17000
15398	17000
199937	17000
46873	17000
24290	17000
4270	17000
200163	17000
53901	17000
263062	17000
14829	17000
45680	17000
62588	17000
28152	17000
57007	17000
52275	17000
58792	17000
53022	17000
132933	17000
393431	17000
46110	17000
262805	17000
20681	17000
131291	17000
52465	17000
45496	17000
20686	17000
263337	17000
200187	17000
21478	17000
201764	17000
52317	17000
61470	17000
262189	17000
52420	17000
52498	17000
52824	17000
17673	17000
29844	17000
29305	17000
45910	17000
58436	17000
10670	17000
29897	17000
39373	17000
52380	17000
63128	17000
12236	17000
24226	17000
35949	17000
201962	17000
201505	17000
32432	17000
11514	17000
45884	17000
27790	17000
62782	17000
33781	17000
22402	17000
13064	17000
4594	17000
28026	17000
11114	17000
9355	17000
32678	17000
30691	17000
40966	17000
52736	17000
3669	17000
196670	17000
54039	17000
133678	17000
50597	17000
393717	17000
36273	17000
45133	17000
61026	17000
32397	17000
59102	17000
2607	17000
201506	17000
262871	17000
133936	17000
199188	17000
59370	17000
47608	17000
57660	17000
37177	17000
37181	17000
22748	17000
51728	17000
9559	17000
132848	17000
131475	17000
48588	17000
132917	17000
20448	17000
63383	17000
21832	17000
12276	17000
201222	17000
36483	17000
52490	17000
60116	17000
52401	17000
26312	17000
39391	17000
34916	17000
53173	17000
63450	17000
11986	17000
34450	17000
10925	17000
393945	17000
32546	17000
18986	17000
29355	17000
26414	17000
63863	17000
19381	17000
30076	17000
30919	17000
134355	17000
394010	17000
11301	17000
53154	17000
198095	17000
28670	17000
264101	17000
9916	17000
25081	17000
6082	17000
133344	17000
53191	17000
46047	17000
28941	17000
52795	17000
39764	17000
262229	17000
32764	17000
11948	17000
48294	17000
12696	17000
44994	17000
64200	17000
200759	17000
394356	17000
132142	17000
49524	17000
52399	17000
263126	17000
201206	17000
327894	17000
198342	17000
16652	17000
3624	17000
57141	17000
18534	17000
37629	17000
7530	17000
53164	17000
52631	17000
42555	17000
15154	17000
17832	17000
262878	17000
198313	17000
201020	17000
202030	17000
30247	17000
62363	17000
131602	17000
25581	17000
47814	17000
11342	17000
28317	17000
263395	17000
48461	17000
37399	17000
33623	17000
18650	17000
39532	17000
262607	17000
262650	17000
263818	17000
41721	17000
63126	17000
265159	17000
34723	17000
262949	17000
135036	17000
23352	17000
21889	17000
52348	17000
12929	17000
394514	17000
264062	17000
52381	17000
50333	17000
198913	17000
262149	17000
57961	17000
52999	17000
203112	17000
28635	17000
63421	17000
37634	17000
196949	17000
202054	17000
27734	17000
27884	17000
131603	17000
53233	17000
21919	17000
262585	17000
51551	17000
52702	17000
43578	17000
264704	17000
55043	17000
264116	17000
8542	17000
262378	17000
204028	17000
20193	17000
56190	17000
203591	17000
30892	17000
20015	17000
135192	17000
28118	17000
3061	17000
262614	17000
30986	17000
17014	17000
199888	17000
198269	17000
31394	17000
202744	17000
327859	17000
33772	17000
200001	17000
201986	17000
23641	17000
197186	17000
3165	17000
32334	17000
131911	17000
64415	17000
27733	17000
202921	17000
199645	17000
49761	17000
32337	17000
52601	17000
196969	17000
200142	17000
12102	17000
31479	17000
263768	17000
327821	17000
207195	17000
199550	17000
198430	17000
201049	17000
199787	17000
20714	17000
26343	17000
198909	17000
50515	17000
204121	17000
202994	17000
52455	17000
8458	17000
201068	17000
264191	17000
11844	17000
207028	17000
133130	17000
62373	17000
131274	17000
200577	17000
9648	17000
197046	17000
201953	17000
263873	17000
393907	17000
61487	17000
198072	17000
202177	17000
26317	17000
52290	17000
62560	17000
264527	17000
59686	17000
14211	17000
199842	17000
132535	17000
35047	17000
206999	17000
395152	17000
199981	17000
264797	17000
199201	17000
14845	17000
7270	17000
262685	17000
133232	17000
196928	17000
15765	17000
207156	17000
40165	17000
264152	17000
42717	17000
56745	17000
50016	17000
264785	17000
61864	17000
199468	17000
38805	17000
29571	17000
31510	17000
24743	17000
265672	17000
37103	17000
263897	17000
266210	17000
136300	17000
52596	17000
37623	17000
262167	17000
46401	17000
328125	17000
327900	17000
52716	17000
136417	17000
56441	17000
263235	17000
28103	17000
206720	17000
59670	17000
266610	17000
262786	17000
262452	17000
134366	17000
136552	17000
10778	17000
28160	17000
36730	17000
37055	17000
265041	17000
134319	17000
264282	17000
7663	17000
32806	17000
52327	17000
52372	17000
30900	17000
265771	17000
206108	17000
263968	17000
10217	17000
27935	17000
133007	17000
263120	17000
267507	17000
264230	17000
265995	17000
52236	17000
37027	17000
131483	17000
263384	17000
264471	17000
52349	17000
263228	17000
52413	17000
263190	17000
16350	17000
24806	17000
5385	17000
27259	17000
265760	17000
265729	17000
57508	17000
265952	17000
201950	17000
328232	17000
136323	17000
25563	17000
61527	17000
43009	17000
135639	17000
132097	17000
51484	17000
18021	17000
200799	17000
19147	17000
267573	17000
197518	17000
395612	17000
395627	17000
47989	17000
205260	17000
132722	17000
265871	17000
15757	17000
200960	17000
42325	17000
263248	17000
136764	17000
263963	17000
37616	17000
5397	17000
327941	17000
131446	17000
43154	17000
137144	17000
266657	17000
131248	17000
31914	17000
203146	17000
63998	17000
60752	17000
59572	17000
134736	17000
52169	17000
134305	17000
135801	17000
198330	17000
60314	17000
265016	17000
24620	17000
60082	17000
267294	17000
266926	17000
16827	17000
204086	17000
204558	17000
203255	17000
205389	17000
198279	17000
132836	17000
64477	17000
204346	17000
202488	17000
21388	17000
46506	17000
61242	17000
59986	17000
48487	17000
134264	17000
132974	17000
136713	17000
205535	17000
268222	17000
45954	17000
263698	17000
28050	17000
28748	17000
265209	17000
197529	17000
18875	17000
3268	17000
328339	17000
37916	17000
396914	17000
202086	17000
133915	17000
328346	17000
266840	17000
23038	17000
37281	17000
200736	17000
132046	17000
136668	17000
25557	17000
263732	17000
63945	17000
396951	17000
394650	17000
396960	17000
266835	17000
137236	17000
31277	17000
37999	17000
56140	17000
209874	17000
394366	17000
58239	17000
25946	17000
48027	17000
57136	17000
266640	17000
51313	17000
34458	16900
137627	16384
212895	16300
32105	16000
40193	16000
26972	16000
42755	16000
6900	16000
25795	16000
31972	16000
4280	16000
21315	16000
3633	16000
31251	16000
203679	16000
393470	16000
61816	16000
50710	16000
263460	16000
60435	16000
26968	16000
135793	16000
18568	16000
265983	16000
40861	16000
20218	16000
263606	16000
206048	16000
328167	16000
202519	16000
63069	16000
132160	16000
136670	16000
209678	16000
210144	16000
17716	16000
136749	16000
30730	16000
19523	16000
267746	16000
328237	16000
397715	16000
22798	16000
209752	16000
139075	16000
33078	16000
42353	16000
33597	16000
51580	16000
18931	16000
25467	15700
33554	15600
7496	15500
22355	15500
20984	15400
9872	15400
58725	15360
134278	15312
199121	15300
27877	15300
9051	15200
19214	15000
27318	15000
24049	15000
27320	15000
33073	15000
28054	15000
30130	15000
29488	15000
6903	15000
12968	15000
15857	15000
7595	15000
29297	15000
33005	15000
21911	15000
9208	15000
28364	15000
200780	15000
52532	15000
51191	15000
205191	15000
263572	15000
137042	15000
23676	15000
206483	15000
61633	15000
328152	15000
18647	15000
15414	15000
138847	15000
208188	15000
202829	15000
264992	15000
13878	14500
135180	14336
135850	14336
135792	14336
137608	14336
262727	14300
266092	14300
136338	14168
37357	14144
23713	14000
34419	14000
28855	14000
15562	14000
52640	14000
29438	14000
198738	14000
41201	14000
30261	14000
57118	14000
200753	14000
47529	14000
20677	14000
63320	14000
18918	14000
38595	14000
395378	14000
263084	14000
26038	14000
262818	14000
134152	14000
138195	14000
37130	14000
13837	14000
52503	14000
137824	14000
132641	14000
54037	14000
39671	14000
61221	14000
131644	14000
209287	14000
265056	14000
30272	14000
133808	14000
29129	14000
34225	14000
38915	14000
134078	14000
202053	14000
39233	14000
37053	14000
23708	13700
61749	13600
132562	13312
58438	13312
138686	13200
53106	13144
39469	13000
33074	13000
27322	13000
26790	13000
24469	13000
19875	13000
10929	13000
14651	13000
25689	13000
8916	13000
48291	13000
52789	13000
135754	13000
49695	13000
199863	13000
132515	13000
45294	13000
393280	13000
17445	13000
135028	13000
43503	13000
37704	13000
132988	13000
262338	13000
265644	13000
48276	13000
134663	13000
28189	13000
133638	13000
263401	13000
131609	13000
328110	13000
47884	13000
205819	13000
62445	13000
263645	13000
327743	13000
210234	13000
48825	13000
268490	13000
38004	13000
39855	13000
14224	13000
197686	13000
39126	13000
139833	13000
134946	13000
52952	12700
23667	12500
264290	12288
134883	12288
134035	12288
135854	12288
131215	12288
135202	12288
58405	12288
264238	12288
53096	12200
265238	12200
132540	12144
208970	12100
135184	12096
202384	12050
12414	12000
43407	12000
51446	12000
134391	12000
134399	12000
134395	12000
134396	12000
134390	12000
37674	12000
50607	12000
262957	12000
37429	12000
38742	12000
266300	12000
267282	12000
24076	12000
37695	12000
201553	12000
63981	12000
15739	12000
35711	12000
52786	12000
134178	12000
135383	12000
31611	12000
266140	12000
267620	12000
131749	12000
59139	12000
137363	12000
24527	12000
138838	12000
58474	12000
133352	12000
58485	12000
38148	12000
38783	12000
136861	12000
135464	12000
60810	12000
59613	12000
135763	12000
52436	12000
59766	12000
268710	12000
29636	12000
20766	12000
28846	12000
56511	12000
202032	12000
327733	12000
262644	12000
266344	12000
52547	12000
53086	12000
11845	12000
28056	11900
200077	11900
136990	11900
38456	11600
268619	11500
265865	11400
38457	11264
263374	11264
27848	11000
27319	11000
21013	11000
50234	11000
55799	11000
18210	11000
58620	11000
50809	11000
56260	11000
56233	11000
13926	11000
34274	11000
40809	11000
26156	11000
52769	11000
37455	11000
133487	11000
52884	11000
43126	11000
200608	11000
136358	11000
45170	11000
328119	11000
45587	11000
266803	11000
133354	11000
328287	11000
131314	11000
200590	11000
136908	11000
209408	11000
60930	11000
200147	11000
23938	11000
267859	11000
266715	11000
37777	11000
34235	11000
12976	11000
208976	11000
45701	11000
328051	11000
133648	11000
9448	11000
60725	11000
132458	11000
265450	11000
135756	11000
267649	10800
267326	10500
48626	10450
267540	10240
59816	10240
262743	10240
268013	10240
30122	10000
30133	10000
1798	10000
41357	10000
22431	10000
201353	10000
28307	10000
19807	10000
264311	10000
12732	10000
204981	10000
266149	10000
24691	10000
6233	10000
205844	10000
33582	10000
37428	10000
209673	10000
207146	10000
50377	10000
43065	10000
46939	10000
328476	10000
137178	10000
60945	10000
207622	10000
61802	10000
138131	10000
9145	10000
207618	10000
64300	10000
39923	10000
12365	10000
140362	10000
30803	10000
41497	10000
30933	10000
327909	10000
264580	10000
24446	10000
3214	10000
12586	10000
15808	10000
271	10000
8793	10000
23688	10000
327930	10000
133968	10000
328176	10000
3580	10000
45355	10000
134937	10000
328204	10000
328341	10000
268430	10000
60371	10000
266225	10000
11661	10000
49004	10000
20473	10000
29479	10000
58666	10000
132330	10000
135328	10000
17766	10000
136972	10000
137199	10000
45637	10000
137900	10000
15164	10000
264308	10000
54035	10000
54600	10000
21454	10000
134998	10000
267567	10000
267144	10000
262665	10000
262480	10000
267623	10000
61923	10000
269366	10000
269369	10000
267120	10000
265483	10000
33387	10000
328315	10000
265272	10000
267611	10000
52322	10000
263775	10000
265757	10000
21050	10000
31177	10000
267828	10000
16740	10000
35202	10000
268862	10000
269659	10000
24206	9800
52419	9800
264752	9600
267219	9500
131442	9216
33081	9100
24594	9100
6102	9000
12759	9000
49432	9000
34362	9000
19468	9000
262561	9000
393626	9000
11910	9000
35489	9000
265027	9000
264022	9000
205381	9000
135000	9000
262711	9000
202313	9000
135841	9000
203649	9000
36394	9000
268809	9000
328223	9000
132445	9000
199976	9000
327906	9000
262231	9000
37266	9000
197197	9000
50903	9000
59164	9000
135780	9000
265715	8900
131310	8500
34407	8500
28801	8500
28187	8500
262695	8500
31222	8500
61902	8500
52722	8500
60501	8500
52813	8500
57254	8500
202627	8500
134832	8500
198374	8500
262466	8500
264708	8500
264795	8500
133615	8500
52326	8500
27754	8192
134922	8192
213252	8100
52669	8000
51786	8000
206506	8000
266494	8000
135597	8000
135055	8000
33569	8000
200191	8000
205168	8000
268144	8000
24207	8000
138627	8000
135234	8000
138876	8000
6505	8000
208097	8000
38771	8000
27781	8000
39145	8000
44134	8000
264262	8000
24243	8000
21056	7900
268060	7800
55680	7800
37638	7700
137069	7600
53192	7550
201494	7300
139641	7210
61785	7200
204994	7200
136230	7168
393807	7168
9875	7168
38712	7072
49933	7000
265409	7000
23923	7000
201695	7000
43338	7000
29097	7000
206945	7000
137378	7000
134863	7000
31960	7000
36865	7000
135415	7000
131636	7000
26709	7000
7727	7000
135719	7000
135218	7000
6373	7000
138143	7000
34019	7000
23342	7000
3130	7000
46609	7000
14333	7000
39583	7000
52344	7000
38515	7000
133651	7000
135848	7000
136255	7000
52681	6900
5560	6800
2854	6800
198290	6800
263978	6800
266365	6800
37098	6500
62100	6500
42183	6500
53209	6400
262527	6250
44977	6200
132268	6200
42235	6144
205086	6144
138115	6144
27659	6144
134605	6144
27967	6144
135226	6144
27976	6144
262307	6000
47522	6000
209263	6000
202347	6000
139329	6000
43928	6000
133089	6000
267386	6000
135480	6000
138130	6000
24212	6000
138887	6000
139605	6000
63874	6000
137316	6000
139446	6000
139972	6000
135323	6000
28602	6000
396841	6000
138745	6000
269258	6000
60304	6000
30286	6000
43518	6000
47442	6000
207549	6000
23679	6000
38143	6000
49781	6000
139431	6000
45296	6000
131773	6000
58401	6000
138119	6000
136088	6000
137358	6000
138276	6000
132448	6000
8820	6000
18221	6000
36687	6000
45500	6000
47297	6000
38757	6000
55658	6000
132646	6000
199516	6000
17561	6000
263536	6000
15672	6000
204005	6000
61913	6000
134877	6000
263043	6000
394102	6000
265959	6000
266260	6000
2042	6000
135269	6000
45630	6000
136642	6000
139226	6000
267263	6000
270586	6000
63868	6000
38778	6000
58640	6000
263684	6000
56791	5950
26106	5500
28589	5500
207401	5500
24005	5500
263755	5400
264555	5200
7532	5120
58898	5120
53127	5120
13917	5100
47138	5100
35053	5100
16210	5100
29140	5100
1880	5100
53114	5100
53166	5100
61319	5100
47748	5100
263356	5100
264754	5100
24232	5000
197890	5000
131247	5000
25516	5000
134933	5000
57166	5000
138988	5000
398202	5000
38776	5000
56239	5000
201714	5000
139956	5000
52356	5000
139528	5000
209152	5000
138365	5000
138079	5000
30362	5000
16921	5000
8201	5000
29449	5000
47617	5000
41471	5000
35260	5000
26253	5000
55761	5000
11624	5000
19116	5000
37363	5000
263555	5000
327850	5000
22549	5000
134259	5000
328033	5000
327814	5000
263143	5000
57695	5000
52923	5000
59368	5000
42774	5000
60975	5000
136370	5000
35135	5000
327817	5000
266020	5000
205675	5000
266280	4800
6083	4700
6853	4700
48252	4600
200303	4600
12577	4400
37223	4400
51159	4400
48126	4400
49653	4250
132559	4096
52688	4096
37076	4096
27024	4000
267654	4000
31673	4000
268523	4000
270383	4000
265297	4000
52477	4000
63882	4000
196922	4000
50311	4000
208817	4000
328543	4000
137159	4000
263720	4000
135964	4000
263762	4000
37708	4000
209109	4000
41666	4000
34927	4000
207317	4000
327720	4000
139978	4000
14295	4000
18520	4000
139628	4000
24541	4000
12826	4000
41495	4000
53046	4000
28328	4000
197922	4000
131459	4000
59432	4000
54721	4000
48105	4000
262887	4000
136708	4000
138910	4000
30126	4000
56203	4000
133536	4000
38496	4000
52936	4000
328262	4000
206235	4000
61218	4000
133799	4000
18112	4000
63867	4000
57468	4000
139958	4000
137457	4000
134262	4000
28080	4000
62595	4000
58475	3900
137935	3800
61203	3700
54210	3600
43853	3600
393629	3500
263548	3500
29876	3400
36184	3400
23710	3400
24048	3400
21476	3400
12381	3400
29259	3400
18227	3400
55865	3400
40034	3400
39931	3400
63829	3400
35551	3400
51349	3400
48310	3400
47628	3400
263290	3400
263893	3400
133501	3400
264608	3400
60718	3400
24880	3400
45956	3400
39010	3400
266896	3400
52387	3400
139249	3372
131668	3300
17890	3300
267126	3250
197551	3200
209530	3200
206782	3200
42587	3200
209291	3100
37186	3100
267427	3072
9115	3014
17895	3000
17400	3000
42310	3000
137937	3000
21659	3000
134522	3000
262416	3000
38150	3000
207654	3000
6735	3000
60391	3000
52998	3000
58145	3000
266571	3000
268280	3000
267732	3000
39070	3000
36827	3000
267830	3000
269040	3000
21058	3000
267833	3000
328518	3000
53057	3000
269432	3000
49752	3000
51001	3000
133809	3000
207770	3000
136244	3000
207439	3000
45424	3000
131091	3000
139021	3000
22425	3000
269091	3000
206215	3000
205920	3000
269875	3000
139449	3000
268268	3000
23855	3000
213342	3000
41051	3000
134917	3000
62321	3000
135225	3000
35568	3000
138663	3000
36936	3000
268821	3000
54728	3000
57782	3000
4618	3000
6775	3000
42473	3000
3595	3000
27413	3000
59414	3000
24492	3000
50677	3000
262713	3000
61092	3000
135876	3000
134204	3000
52373	3000
205614	3000
205964	3000
204671	3000
33932	3000
42181	3000
204982	3000
209626	3000
35579	2900
45220	2800
24129	2800
9189	2800
6066	2635
24892	2600
28262	2550
18052	2500
53185	2500
207866	2500
197038	2400
21158	2400
15401	2400
209022	2400
262911	2400
210025	2200
34800	2100
134331	2048
133989	2048
55806	2048
136842	2048
136722	2048
266475	2000
204909	2000
37698	2000
266545	2000
213377	2000
266133	2000
58731	2000
20932	2000
24953	2000
7469	2000
17824	2000
41393	2000
15177	2000
37159	2000
47692	2000
197669	2000
20406	2000
27693	2000
23201	2000
202194	2000
132679	2000
133043	2000
29170	2000
17416	2000
25435	2000
327761	2000
37302	2000
136451	2000
133311	2000
204708	2000
136175	2000
205718	2000
137273	2000
57581	2000
135190	2000
137016	2000
17806	2000
138536	2000
34553	2000
4842	2000
24124	2000
208848	2000
204326	2000
138056	2000
139702	2000
45926	2000
18117	2000
209100	2000
11017	2000
137995	2000
207335	2000
132708	2000
398335	2000
269535	2000
268091	2000
269478	2000
267584	2000
140407	2000
138866	2000
138117	2000
398570	2000
48428	2000
47875	2000
136835	2000
63494	2000
37491	2000
29030	2000
138317	2000
61678	2000
201376	2000
27876	2000
46032	2000
138860	2000
61762	2000
133334	2000
138769	2000
139533	2000
135746	2000
138762	2000
138279	2000
133000	2000
29000	2000
213031	2000
62997	2000
11805	2000
135298	2000
213126	2000
37067	2000
138837	2000
139952	2000
264242	2000
38031	2000
47253	2000
48966	2000
15975	2000
51737	2000
29310	2000
197350	2000
42013	2000
51440	2000
42314	2000
12754	2000
269762	2000
269872	2000
11139	2000
14694	2000
268707	2000
45722	2000
18002	2000
5377	1900
266355	1900
13049	1870
55420	1870
11271	1800
9341	1800
30889	1700
23310	1700
34746	1700
33472	1700
15436	1700
25752	1700
30141	1700
41037	1700
20507	1700
41399	1700
1982	1700
8481	1700
25504	1700
29430	1700
14970	1700
34764	1700
13105	1700
34144	1700
21840	1700
44212	1700
28929	1700
23677	1700
20081	1700
9290	1700
15716	1700
31555	1700
20483	1700
33211	1700
42937	1700
45425	1700
24238	1700
49867	1700
3661	1700
4641	1700
14166	1700
47302	1700
17501	1700
196967	1700
28182	1700
36275	1700
46373	1700
197439	1700
2597	1700
196763	1700
32586	1700
12431	1700
45444	1700
48913	1700
13591	1700
10015	1700
57821	1700
18149	1700
38190	1700
35399	1700
61044	1700
24006	1700
47762	1700
31319	1700
18612	1700
36315	1700
173	1700
27983	1700
133444	1700
12822	1700
11008	1700
59752	1700
8310	1700
132645	1700
8922	1700
56109	1700
24347	1700
59919	1700
17970	1700
263928	1700
37120	1700
56204	1700
50623	1700
25491	1700
48847	1700
11947	1700
35001	1700
49640	1700
24634	1700
21201	1700
205610	1700
262266	1700
131996	1700
38217	1700
57089	1700
37190	1700
62230	1700
267673	1700
202806	1700
17689	1700
264650	1700
34527	1700
12556	1700
52920	1650
35090	1600
39615	1600
31680	1600
25433	1600
42492	1600
12854	1600
52186	1600
17747	1600
199547	1600
133072	1600
203040	1600
265890	1600
264602	1600
31653	1500
328107	1500
266687	1500
204662	1500
53061	1500
24220	1500
38887	1400
6734	1400
16347	1400
52051	1400
204185	1400
268539	1400
204188	1400
37472	1400
10678	1300
36388	1300
9327	1300
19089	1300
34578	1300
133318	1300
46045	1300
264382	1300
267801	1300
27806	1300
138632	1300
43573	1300
4558	1248
29590	1200
24632	1200
52828	1200
137936	1200
327822	1200
267520	1200
5764	1100
29471	1100
39180	1100
45054	1100
28303	1100
32398	1100
209555	1100
134563	1100
23893	1024
18230	1024
52573	1024
24508	1024
264756	1020
48344	1000
44207	1000
207491	1000
52545	1000
7562	1000
36198	1000
28211	1000
265356	1000
328441	1000
24050	1000
33071	1000
34505	1000
31402	1000
28198	1000
26753	1000
17469	1000
199230	1000
327908	1000
45951	1000
262568	1000
53094	1000
132372	1000
41651	1000
41139	1000
48507	1000
134265	1000
39650	1000
328255	1000
37395	1000
328043	1000
136982	1000
203976	1000
32030	1000
204633	1000
328229	1000
206262	1000
202328	1000
327796	1000
51972	1000
209385	1000
31649	1000
61748	1000
61652	1000
265497	1000
268647	1000
269987	1000
132669	1000
328582	1000
12186	1000
132198	1000
138886	1000
60592	1000
203287	1000
271053	1000
264513	1000
131645	1000
23013	1000
55695	1000
264787	1000
264656	1000
134875	1000
140144	1000
212799	1000
50869	1000
24457	1000
24470	1000
136054	1000
140476	1000
12161	1000
33080	1000
267083	980
262716	900
21246	900
29006	850
265702	850
59340	800
201146	800
28215	800
208063	800
8338	800
263486	800
203968	800
37192	765
62166	750
61903	700
18719	700
48821	700
39196	700
9892	700
53216	700
31055	680
328522	600
205927	600
207454	600
328585	600
47902	600
24381	600
30528	600
5111	600
327775	600
133309	600
134232	600
36889	600
132642	550
44024	500
268713	500
207394	500
209645	500
213253	500
35821	500
56662	500
132022	500
58578	500
132882	500
132376	500
9601	500
132531	420
13287	400
37286	400
36369	400
140219	400
51778	400
55784	400
24776	400
265464	400
2499	340
327981	340
204438	300
140244	300
213386	300
10557	300
135206	300
27744	300
16242	300
131477	300
206610	300
205523	300
266551	300
58818	300
203615	260
140840	250
9229	200
56911	200
8661	200
202479	200
57757	200
35145	200
327781	200
269023	200
139741	200
63886	200
133832	200
47251	200
213105	200
269923	200
269534	200
16503	195
15434	170
50088	170
393853	170
37224	170
213330	150
20291	150
15469	130
37044	130
36997	130
61417	130
202301	100
209833	100
33983	100
38592	100
138023	100
135395	100
37209	91
39271	90
43660	85
132003	68
55822	64
269163	60
213284	40
54049	34
269104	30
21693	30
37062	26
137653	24
263855	21
40592	20
37133	17
52423	14
13273	5
13594	4
264902	4
270320	3
6762	0
32787	0
2519	0
31133	0
26193	0
8015	0
17222	0
60497	0
21339	0
8470	0
51324	0
21083	0
327692	0
4755	0
6895	0
327976	0
56196	0
15932	0
57724	0
200125	0
41841	0
56575	0
198529	0
44124	0
196883	0
37424	0
6300	0
198035	0
197318	0
38942	0
42935	0
20530	0
198187	0
48694	0
43171	0
50095	0
200602	0
35199	0
200750	0
197181	0
3169	0
199510	0
44784	0
197345	0
22541	0
200089	0
52031	0
55714	0
43495	0
198007	0
48629	0
41833	0
62328	0
197697	0
199774	0
203937	0
203742	0
35787	0
206910	0
51863	0
197809	0
41379	0
42374	0
197099	0
42852	0
60755	0
29070	0
61154	0
202936	0
197295	0
198709	0
198424	0
198906	0
199265	0
197572	0
203505	0
203306	0
59611	0
198214	0
206489	0
10355	0
263097	0
57890	0
203765	0
199005	0
51101	0
62201	0
197375	0
199381	0
60219	0
196979	0
395478	0
56983	0
57665	0
3352	0
198766	0
201531	0
197437	0
201001	0
51960	0
199341	0
51068	0
265692	0
262690	0
206762	0
37087	0
52414	0
3582	0
201332	0
264857	0
57945	0
197766	0
203157	0
33494	0
135895	0
49633	0
264853	0
10803	0
133859	0
206736	0
205073	0
21030	0
52664	0
62184	0
3249	0
206406	0
263699	0
264013	0
199473	0
132556	0
36707	0
205384	0
57332	0
198493	0
56324	0
57701	0
202626	0
57101	0
203582	0
136857	0
197837	0
136336	0
41044	0
50916	0
198081	0
37345	0
19091	0
28468	0
41297	0
203667	0
138222	0
31230	0
327753	0
60265	0
209854	0
24064	0
202434	0
328111	0
268801	0
396300	0
47237	0
206460	0
137597	0
136994	0
328401	0
52473	0
27017	0
10361	0
131954	0
49941	0
12833	0
60119	0
52544	0
199138	0
58158	0
32082	0
37550	0
27993	0
395326	0
209451	0
207306	0
43824	0
207834	0
269826	0
328055	0
51185	0
265777	0
205897	0
207071	0
18997	0
56523	0
59598	0
204479	0
24257	0
38207	0
206479	0
135031	0
2486	0
33333	0
47950	0
17048	0
210283	0
50321	0
51262	0
63830	0
26930	0
43653	0
197071	0
33108	0
196959	0
265098	0
37148	0
264568	0
207852	0
39533	0
51407	0
60357	0
24961	0
