32934	311230000
714	279360000
16509	276510000
8075	194150000
13335	168310000
54113	127140000
20940	120567000
22822	91870000
16276	74340000
6939	56667000
46489	55300000
17676	52240000
6805	40900000
33891	38730000
7342	34000000
3209	31900000
31334	31200000
39386	28276000
2516	26620000
3356	24454000
6461	23235000
64049	21720000
9498	21660000
2497	21340000
328058	20000000
19679	18560000
29990	18360000
4230	18180000
8447	18000000
28604	17540000
2119	17410000
9002	15860000
20115	15620000
49544	15572000
6667	15020000
12389	14990000
25506	14110000
2856	14000000
1136	14000000
5650	13980000
63293	13900000
8966	13614000
2518	13520000
15169	13500000
2635	13370000
3216	13350000
4181	13161000
8473	12310000
2914	12280000
4637	12257000
226	12200000
38022	12000000
1267	11912000
5607	11400000
41095	11374000
15133	11250000
17511	11120000
6730	11086000
12552	11000000
6830	10930010
9009	10510000
55391	10440000
5578	10220000
5400	10152000
21320	9955000
265950	9913000
8359	9740000
12874	9240000
2527	8820000
20485	8790000
6774	8632000
2514	8610000
36459	8590000
25933	8422000
5410	8400000
36408	8324000
57344	8320000
34756	8000000
328045	8000000
270346	8000000
15435	7960000
6327	7890000
12989	7850000
2686	7820000
56478	7740000
16086	7720000
29314	7720000
12189	7608000
2907	7604000
5089	7600000
2818	7570000
680	7530000
2603	7400000
61832	7369060
38634	7300000
4760	7200000
52320	7160000
13285	7100000
58453	7100000
7843	7080000
22356	7050000
6079	6980000
15557	6970000
1103	6946000
1547	6855000
45899	6820000
16591	6630000
12713	6500000
15305	6480000
28663	6462000
15412	6410000
11164	6370000
5645	6330000
32098	6180000
13030	6170000
47541	6100000
38082	6060000
37447	6006000
1273	6000000
18734	6000000
23620	6000000
9304	5998000
61955	5980040
15704	5860000
52580	5730000
12322	5670000
35228	5600000
4556	5600000
11260	5510000
6509	5240000
132164	5180000
13768	5136000
6507	5120000
46786	5080000
3292	5000000
24785	5000000
23393	4820000
11404	4800000
24203	4790000
9121	4780000
37100	4753000
9534	4630000
3265	4600000
36692	4595300
327693	4590000
20880	4580000
25192	4501000
62041	4500000
9824	4460000
786	4400000
30722	4400000
23520	4360000
1257	4340700
42708	4300000
2510	4300000
12083	4290000
39651	4273000
5588	4260000
12430	4260000
202276	4240000
29535	4220000
812	4210000
2711	4200000
668	4200000
14413	4150000
8717	4130000
40356	4130000
19151	4110000
27381	4060000
7575	4040000
5432	4000000
6661	4000000
262206	4000000
15962	4000000
11888	4000000
9318	3980000
16637	3960000
3630	3900000
38091	3880000
137872	3800000
4800	3660000
20504	3600000
15802	3600000
12479	3600000
5378	3580000
55818	3542000
4739	3490000
34224	3490000
18403	3490000
28368	3457000
9680	3450000
23563	3420000
35320	3410000
23576	3400000
12714	3350000
50384	3350000
13445	3268000
43531	3240000
5713	3220210
42525	3220000
47377	3200000
26615	3200000
34984	3180000
8529	3179000
9269	3143000
6057	3110000
264144	3100000
37271	3090000
8426	3086000
7155	3080000
13037	3050000
205216	3040000
11232	3030000
1741	3020000
59605	3010000
37662	2990000
132203	2940000
13760	2930000
3255	2900000
5413	2880000
53180	2870000
7195	2830000
7738	2820000
30600	2800000
23184	2790000
12849	2760000
30517	2750000
47764	2700000
31500	2680000
8657	2680000
2851	2670000
22646	2660000
4134	2610000
702	2604000
109	2603000
12200	2600000
15542	2600000
7029	2600000
40788	2600000
4766	2580000
23881	2580000
31027	2540000
52941	2530000
3327	2519000
9505	2500000
9050	2480000
3741	2461500
197595	2460000
4648	2440000
46450	2420000
6128	2420000
3491	2412000
2828	2400000
58073	2400000
393565	2400000
13489	2350000
18081	2350000
34867	2350000
262503	2341000
2116	2330000
38880	2320000
17072	2320000
62887	2300000
6768	2280000
31655	2270000
200981	2260000
38895	2250000
4761	2224000
7545	2220000
47605	2220000
28580	2216000
28343	2203000
2852	2200000
4713	2200000
293	2200000
11269	2200000
14630	2198000
396253	2177000
48237	2170000
6614	2160000
23473	2149000
28126	2140000
13170	2120000
36089	2100000
28146	2100000
47582	2100000
38622	2070000
9930	2070000
14282	2063000
50304	2050000
30081	2050000
10474	2040000
34218	2020000
40428	2000000
3601	2000000
33362	2000000
58682	2000000
49378	2000000
139023	2000000
197790	1990000
21245	1970000
4685	1960000
17451	1957000
25180	1940000
55900	1940000
2906	1930000
17639	1922000
196925	1920000
15600	1900000
29119	1900000
15224	1900000
132825	1900000
30094	1860000
30844	1850000
28260	1850000
14868	1835000
9231	1822000
16904	1820000
137922	1820000
62955	1810000
9723	1800000
10143	1800000
39608	1800000
24748	1800000
6697	1800000
2559	1800000
101	1800000
39326	1780000
31939	1780000
7795	1760000
43727	1760000
53013	1750000
263903	1750000
262287	1740020
61449	1730000
262355	1729000
24115	1722000
4773	1720000
38883	1713000
267056	1710000
44050	1702000
11686	1700000
20943	1700000
6465	1700000
202425	1700000
64050	1700000
8455	1690000
35753	1690000
52925	1680000
18705	1670000
6866	1670000
21976	1670000
52871	1660000
10026	1659540
200455	1650000
53766	1643000
30781	1642000
35407	1640000
52840	1640000
28158	1631000
17559	1620000
262740	1620000
22689	1616000
26415	1604000
2110	1600000
39202	1600000
9116	1600000
33915	1600000
10030	1600000
766	1600000
62	1600000
54183	1600000
54312	1600000
27715	1600000
63221	1600000
201641	1600000
59027	1600000
61400	1600000
36062	1600000
23404	1590000
5009	1580000
19009	1580000
263073	1580000
263327	1572000
8781	1563000
28338	1560000
62904	1550000
54133	1540000
12353	1530000
53162	1524000
5603	1520000
27475	1520000
25358	1515000
18106	1508000
7552	1500000
33132	1500000
27471	1492000
7473	1480000
2860	1480000
263297	1480000
6908	1474000
9595	1470000
9605	1460000
58507	1457000
26801	1450000
18121	1440000
2611	1430000
3786	1430000
6412	1430000
9354	1427000
200020	1408000
852	1400000
29550	1400000
577	1400000
13124	1400000
25512	1400000
38790	1400000
8095	1400000
28598	1400000
4258	1380000
43332	1380000
24940	1370000
703	1364500
53158	1350000
26162	1344000
262659	1340000
21574	1338000
43205	1330000
25885	1320000
8632	1320000
5483	1320000
45780	1305000
7992	1300000
24033	1300000
28716	1300000
7679	1300000
33438	1300000
209222	1300000
7418	1300000
136106	1292000
30990	1290000
2687	1285000
23889	1284000
23148	1283000
12956	1265000
39832	1260000
44053	1256400
36924	1255000
12731	1250000
4651	1250000
8220	1246000
45158	1227000
9924	1225100
15830	1225000
21385	1224000
262848	1221000
9500	1220000
1680	1210000
6407	1210000
2152	1201800
21502	1200000
9070	1200000
29695	1200000
43646	1200000
21321	1200000
32184	1200000
38819	1200000
45204	1200000
12392	1200000
6848	1200000
49685	1200000
7415	1200000
6471	1200000
59930	1200000
49477	1200000
38858	1190000
132132	1190000
35213	1173000
4788	1170500
42000	1170000
6922	1170000
48919	1166000
39912	1164000
37168	1160000
17709	1160000
28171	1160000
41798	1160000
266470	1158024
262773	1151000
37153	1140000
5769	1130000
6181	1130000
262729	1130000
262428	1130000
265937	1130000
137831	1130000
35432	1120000
8462	1110000
9031	1101000
12871	1100000
41998	1100000
43561	1099000
138132	1093000
9365	1090000
5511	1080000
11758	1080000
46	1080000
52005	1080000
9342	1070000
264668	1056000
262807	1052500
13189	1041000
263665	1040000
23693	1040000
7862	1035000
17941	1030000
10310	1020000
13193	1020000
26803	1020000
28624	1020000
49158	1020000
133612	1010000
31272	1004800
206819	1003000
25899	1000000
13249	1000000
7632	1000000
34700	1000000
15502	1000000
42830	1000000
197482	1000000
19324	1000000
35362	1000000
327987	1000000
50473	1000000
49374	1000000
137	990000
262778	990000
266989	990000
36040	980000
13576	980000
9902	980000
11979	980000
51500	980000
9729	978000
7670	970000
12129	970000
19108	960000
263080	960000
8452	960000
719	960000
17885	960000
51069	940000
36236	940000
27988	934000
58601	930000
37282	920000
15085	920000
15419	912000
53184	910960
28331	910000
34244	906000
559	900000
11814	900000
14026	900000
262468	900000
7049	900000
62668	900000
20347	900000
50129	900000
62044	900000
61102	880000
30838	880000
58530	880000
131917	880000
45558	880000
10036	880000
22616	880000
14969	872000
327991	870000
26554	866000
9667	860000
63242	860000
43668	860000
136743	860000
52551	856650
22724	843000
58580	841000
24130	840000
4787	840000
30419	840000
12678	840000
53065	840000
51852	840000
265399	840000
49824	840000
267469	840000
31898	840000
23498	830000
21371	830000
19165	829000
12041	829000
28202	824000
3267	822000
6067	820000
1828	820000
15958	820000
132296	820000
38466	818000
36937	815000
9650	814000
20144	812000
9044	811000
266931	810000
34305	810000
6447	806700
8365	800000
29422	800000
11096	800000
17819	800000
25577	800000
39102	800000
36351	800000
39704	800000
20845	800000
60339	800000
31242	800000
8535	800000
15517	800000
1424	800000
13147	800000
8866	800000
41678	800000
28666	800000
28267	800000
27747	800000
8448	800000
19996	800000
18260	800000
41164	800000
35193	800000
58209	800000
47242	800000
25255	800000
48634	800000
54998	800000
22147	800000
8445	800000
5403	800000
10118	800000
17054	800000
197451	800000
56038	800000
3261	800000
52579	800000
17012	800000
132680	800000
48620	800000
50204	800000
44735	800000
28576	800000
13807	800000
27919	800000
40526	800000
3754	800000
28554	800000
30818	800000
6307	800000
135262	800000
266167	800000
264215	800000
55182	800000
27925	800000
59783	800000
27524	790000
25668	790000
12709	790000
24703	790000
16302	788000
4657	782000
17924	780000
39642	780000
262476	780000
262664	780000
53037	780000
58941	780000
64220	780000
47481	780000
54827	780000
210278	780000
14492	778000
28649	772000
10158	770000
38333	770000
11550	770000
3320	768000
28330	763000
4635	762000
21413	760000
56444	760000
27589	756000
8308	751000
5391	750000
50643	750000
24751	750000
58243	750000
267484	750000
32286	748000
37417	748000
3300	742000
11666	741000
18278	740000
18182	740000
52696	740000
53240	740000
41206	740000
263616	740000
26446	740000
44843	739000
45638	738000
48166	732000
26496	730000
41018	730000
14340	723400
10098	722000
34610	720000
30041	720000
35717	720000
16735	720000
1241	720000
8968	720000
197888	720000
202023	720000
262731	720000
47422	720000
64315	718000
17665	712500
17922	710000
262760	710000
17583	710000
8674	703000
56396	700000
28229	700000
28191	700000
63290	700000
43729	700000
9299	697000
38987	690000
7600	690000
136784	690000
38107	680000
7782	680000
21232	680000
24324	680000
44416	680000
16570	680000
25019	680000
55002	680000
22691	676000
263421	672000
40029	670000
13000	664000
12859	660000
33011	660000
37693	660000
60169	660000
134697	657000
37678	653000
1239	652000
26120	650000
35745	647000
41552	643500
8487	640400
24916	640000
14361	640000
29009	640000
20773	640000
44684	640000
12310	640000
16700	640000
7311	640000
28665	640000
30950	640000
56258	640000
24277	640000
21488	640000
35761	640000
16110	640000
41194	640000
28125	636000
10003	636000
262865	634000
9264	632000
20121	632000
10029	630000
45352	626000
38327	626000
1836	620000
3701	620000
8399	620000
3262	620000
17547	620000
31463	620000
133403	620000
12847	620000
199319	620000
30539	610000
9749	610000
11142	610000
63516	610000
13786	610000
18283	609000
20459	605000
23930	604000
12654	602000
10835	602000
57866	602000
701	600000
2381	600000
237	600000
6695	600000
2529	600000
12306	600000
40511	600000
6677	600000
36944	600000
39605	600000
11403	600000
26163	600000
9008	600000
48918	600000
1406	600000
8530	600000
33083	600000
25148	600000
18268	600000
34056	600000
39545	600000
36012	600000
26677	600000
36280	600000
10302	600000
2614	600000
55569	600000
23786	600000
47708	600000
47264	600000
36222	600000
35805	600000
38651	600000
262403	600000
13825	600000
61374	600000
52752	600000
51409	600000
9993	600000
3128	600000
10578	600000
59384	600000
63270	600000
3252	600000
262485	600000
9834	600000
53078	600000
9029	600000
16851	600000
36734	600000
30028	600000
42981	600000
41508	600000
18747	600000
48956	600000
35434	600000
196729	600000
202103	600000
59776	600000
202196	600000
29107	600000
18255	600000
56931	600000
39251	600000
21808	600000
8819	600000
131937	600000
39507	600000
205139	600000
8540	600000
32440	600000
44066	600000
47872	600000
136557	598000
262847	591000
21777	591000
21409	590000
9957	590000
1422	590000
394497	590000
36873	590000
52468	590000
45011	590000
41420	580000
9997	580000
327901	580000
53152	580000
34120	580000
396356	580000
15377	580000
7475	577800
199503	570000
37613	565000
49290	562500
39899	560200
9246	560000
59900	560000
7671	560000
18450	560000
262434	560000
27955	560000
43656	560000
45269	560000
39551	560000
131934	560000
136907	560000
3257	558000
38758	558000
58057	557000
13122	556000
262505	555000
132215	553000
3302	550000
23089	550000
39444	550000
9457	550000
35575	548000
13896	546000
4780	545000
19318	540000
17534	540000
59536	540000
18200	540000
45031	540000
134139	540000
131912	540000
202409	540000
15598	540000
224	536000
133120	532500
28370	530000
61157	530000
50050	530000
37697	530000
12693	525000
7713	522000
22742	520000
13009	520000
3225	520000
263055	520000
37892	520000
1659	520000
34058	520000
266448	515000
56308	512000
37358	511000
6473	510000
28166	510000
262444	510000
52751	510000
262343	510000
59460	510000
26133	510000
35640	510000
197727	507000
132770	501000
4818	500000
23783	500000
55329	500000
23114	500000
40581	500000
54329	500000
17882	500000
19189	500000
10002	500000
23778	500000
41275	500000
26077	500000
131160	500000
267590	500000
133496	500000
20394	500000
10010	500000
47195	496000
9297	492000
61189	491000
12387	490000
40220	490000
21559	490000
133930	490000
19889	485000
52937	483500
60474	481900
31727	480000
13370	480000
11835	480000
23314	480000
22363	480000
4557	480000
41096	480000
22697	480000
21367	480000
1759	480000
137280	480000
7385	480000
17717	480000
42	476900
59699	476800
262532	476160
44788	470000
53080	470000
7162	470000
32505	470000
23704	470000
32233	470000
15763	466500
32217	465000
38322	462000
42456	461400
12350	460000
6679	460000
37150	460000
199408	460000
26613	460000
37468	460000
6663	459000
20910	455000
34803	452000
24709	452000
5541	450000
16243	450000
55785	450000
53147	450000
58307	449000
16839	448000
37254	448000
132255	448000
11014	445000
56828	444000
4770	442000
34245	440000
37105	440000
24852	440000
56329	440000
54665	440000
327698	440000
52689	440000
42504	440000
204053	440000
263880	440000
204222	440000
51060	440000
44646	440000
40317	440000
35709	440000
56309	440000
28258	439000
15399	434000
53115	432000
62040	430080
8544	430000
56030	430000
10094	430000
50629	430000
327984	430000
50083	430000
55720	428000
262732	428000
23105	428000
25818	423500
38861	422000
10490	420000
18150	420000
7752	420000
16586	420000
27008	420000
4844	420000
16371	420000
13243	420000
4628	420000
15440	420000
22772	420000
25460	420000
57353	420000
50272	420000
262516	420000
28978	420000
26479	420000
262441	420000
49102	420000
199723	420000
200889	420000
60191	420000
206548	420000
35614	420000
40217	420000
199995	420000
51018	417000
201054	416000
197113	415000
200539	413000
10021	412000
202004	412000
8343	411000
37028	411000
28349	410000
37515	410000
28145	410000
9146	410000
199250	410000
262794	409360
263482	406500
7610	406040
28201	405000
262854	405000
53187	405000
28605	404000
9293	403000
12996	403000
23678	402000
24183	402000
39184	402000
266211	402000
9435	402000
9245	401800
55805	401000
8607	400000
15422	400000
25441	400000
25309	400000
35028	400000
3605	400000
8897	400000
27552	400000
6315	400000
15366	400000
16713	400000
30914	400000
25761	400000
12312	400000
31477	400000
16082	400000
5467	400000
20161	400000
8732	400000
2544	400000
2044	400000
27924	400000
21221	400000
12969	400000
855	400000
34594	400000
8608	400000
13868	400000
35819	400000
36416	400000
8057	400000
48971	400000
8903	400000
17514	400000
1930	400000
32869	400000
8896	400000
11030	400000
50295	400000
34555	400000
18678	400000
15474	400000
9186	400000
49788	400000
17955	400000
59835	400000
34456	400000
394739	400000
7642	400000
8821	400000
55480	400000
47155	400000
10297	400000
21099	400000
62047	400000
5619	400000
35017	400000
50606	400000
10973	400000
13730	400000
1251	400000
23316	400000
19169	400000
14265	400000
51243	400000
18129	400000
43833	400000
46043	400000
393223	400000
3333	400000
18978	400000
60955	400000
20836	400000
22799	400000
28224	400000
28667	400000
11815	400000
8055	400000
28668	400000
7057	400000
37596	400000
26609	400000
12338	400000
62752	400000
61231	400000
32204	400000
393523	400000
62715	400000
36112	400000
263311	400000
53597	400000
57864	400000
44356	400000
26292	400000
199860	400000
12670	400000
197013	400000
10733	400000
13739	400000
11468	400000
6994	400000
31950	400000
54527	400000
11924	400000
262696	400000
11280	400000
17310	400000
24611	400000
6325	400000
63124	400000
20952	400000
28310	400000
20850	400000
14627	400000
46435	400000
33713	400000
263535	400000
4809	400000
41046	400000
23669	400000
9615	400000
10001	400000
202119	400000
24249	400000
58589	400000
25083	400000
44914	400000
37439	400000
134053	400000
20717	400000
20715	400000
200852	400000
38924	400000
22442	400000
12735	400000
54290	400000
29866	400000
11240	400000
18419	400000
6122	400000
13977	400000
47438	400000
262457	400000
35205	400000
56890	400000
62499	400000
27618	400000
41549	400000
32212	400000
48793	400000
27216	400000
17726	400000
24572	400000
202895	400000
15669	400000
264437	400000
56282	400000
61584	400000
51619	400000
198537	400000
41026	400000
200594	400000
198948	400000
197667	400000
24271	400000
198418	400000
28545	400000
47254	400000
58863	400000
34092	400000
60860	400000
43509	400000
198525	400000
52106	400000
51636	400000
206890	400000
41160	400000
204126	400000
48503	400000
50705	400000
51390	400000
5582	400000
50767	400000
43571	400000
133206	400000
202228	400000
62622	400000
43679	400000
135814	400000
21171	400000
395466	400000
13381	400000
58942	400000
58943	400000
63839	400000
63832	400000
64219	400000
64222	400000
58548	400000
395383	400000
394625	400000
24745	400000
198551	400000
15924	400000
3662	400000
203165	400000
39431	400000
206314	400000
2590	400000
53231	400000
6917	400000
61917	400000
28658	400000
3479	400000
134312	400000
39840	400000
39871	400000
45187	400000
198371	400000
394308	400000
15659	400000
34612	400000
4673	400000
56635	400000
57279	400000
35539	400000
55872	400000
201105	400000
7337	400000
61053	400000
264450	400000
56864	400000
31004	400000
18390	400000
17608	400000
17889	400000
39798	400000
198612	400000
54578	400000
25454	400000
267530	400000
15624	400000
393979	400000
33166	400000
264023	400000
36493	400000
32564	400000
7838	400000
135662	400000
34702	400000
137562	400000
262456	400000
48287	400000
31200	400000
132692	400000
27745	400000
60415	400000
262595	400000
23059	400000
376	400000
37611	400000
22438	397000
34577	396500
264493	395000
58396	395000
6619	392000
52908	390000
52531	390000
9694	390000
263998	390000
328278	390000
62282	390000
54198	390000
20804	388000
28130	385000
61438	383400
131744	382000
266341	381000
13536	380000
17506	380000
59899	380000
27364	380000
265206	380000
265130	380000
64216	380000
395081	380000
48452	380000
13329	380000
2682	380000
46276	380000
328437	380000
1280	373000
51706	372000
328146	371000
13360	370000
264543	370000
290	370000
9946	370000
37317	370000
132528	370000
33763	366000
53171	366000
16211	364500
8763	364000
37699	364000
57169	363000
267201	363000
16150	360000
17356	360000
22561	360000
50821	360000
9416	360000
5056	360000
10019	360000
28359	360000
37701	360000
136838	360000
8895	360000
51048	360000
266444	360000
55943	360000
137912	360000
205881	360000
14593	360000
23540	360000
3238	360000
12470	359000
43607	359000
44654	357400
136119	356000
2857	355000
62455	355000
327824	352000
38623	350800
23700	350000
37157	350000
4581	350000
15054	350000
262699	350000
5518	350000
50153	350000
199585	350000
135739	350000
50073	350000
264270	350000
397095	350000
263009	350000
11377	348160
5564	348000
263544	346000
262594	346000
55581	344800
15576	341000
30212	340000
4851	340000
17809	340000
11708	340000
202120	340000
37340	340000
131920	340000
58713	340000
56318	340000
394073	340000
264150	340000
49624	340000
32261	340000
61323	340000
55666	337000
395561	336000
262293	335000
31257	334000
52662	332700
264005	331000
30972	330000
22652	330000
20771	330000
28250	330000
28309	330000
26827	330000
45356	330000
132323	330000
266409	330000
18274	330000
265496	330000
53156	330000
60893	330000
44061	330000
203658	328000
262548	328000
28131	326000
24535	325000
45437	324000
131745	323500
45931	322000
16245	320000
39090	320000
52962	320000
200043	320000
22085	320000
31115	320000
262150	320000
63859	320000
52940	320000
8387	320000
262676	320000
263427	320000
35237	320000
267624	320000
134220	320000
52007	320000
29588	320000
2526	320000
4652	320000
27901	320000
198792	320000
6799	320000
264556	320000
12676	319000
34087	316000
132453	316000
34934	315000
53196	315000
199434	314000
328170	313000
264052	312000
135060	311000
35916	310000
54540	310000
262983	310000
263347	310000
264367	310000
13767	310000
265061	308000
393891	306000
43142	306000
268331	305700
264460	304000
35619	302600
197133	301500
7784	300000
34106	300000
49835	300000
41572	300000
6739	300000
62523	300000
262715	300000
52930	300000
8680	300000
263321	300000
197588	300000
266468	300000
264582	300000
266131	300000
395332	300000
41691	300000
50698	300000
32798	300000
9795	300000
7381	300000
48422	300000
32703	300000
5078	300000
29073	300000
33588	300000
8647	300000
47147	300000
13999	300000
20960	296000
132146	296000
262365	294000
18059	291000
262409	291000
196879	291000
32299	290000
28591	290000
262765	290000
52694	290000
264359	290000
268221	290000
132476	288200
38511	288000
12455	286000
3856	284270
267521	284000
14380	283000
202414	282000
45629	282000
28294	280960
39792	280000
12360	280000
57119	280000
27887	280000
200052	280000
262493	280000
61871	280000
58708	280000
263516	280000
132934	280000
263982	280000
57249	280000
264111	280000
264223	280000
24186	280000
52766	280000
267075	280000
10947	280000
32415	280000
9136	280000
266453	280000
6846	280000
61201	280000
137367	279000
262537	278000
28209	277000
16374	276000
37273	275000
266498	275000
51918	274000
37700	274000
61573	273500
398131	272500
39869	272000
55862	272000
57463	272000
3462	272000
28134	271200
24105	270000
199335	270000
263626	270000
64255	270000
59964	270000
41693	270000
131627	270000
4857	270000
8752	267040
263237	266000
25542	265000
12703	265000
12926	265000
262744	265000
72	265000
264564	265000
198517	264000
133840	264000
56246	263000
264575	262048
41202	262000
52888	261000
263779	260030
20634	260000
10594	260000
14793	260000
4775	260000
14717	260000
38657	260000
20718	260000
15497	260000
15191	260000
263405	260000
14701	260000
134033	260000
5118	260000
63928	260000
263625	260000
265886	260000
210	260000
265359	260000
266156	260000
265019	260000
197473	260000
44964	260000
39823	260000
136518	260000
18676	260000
27984	260000
209116	260000
35176	260000
59842	259000
58376	256000
38220	255000
17828	255000
15699	254000
262761	253000
37645	253000
264397	253000
38583	252000
263394	252000
7131	252000
45896	251000
37333	251000
262463	250480
29686	250000
10075	250000
803	250000
6295	250000
51795	250000
39279	250000
262318	250000
14828	250000
5416	250000
264344	250000
25615	250000
7539	250000
137557	250000
133380	250000
14860	250000
328242	249000
50572	247000
43406	247000
46723	247000
56449	246000
21859	245000
1342	243200
34006	242200
42511	242000
263329	242000
263542	241500
9038	241200
43545	241000
5430	240000
6130	240000
17660	240000
20969	240000
4927	240000
43708	240000
34108	240000
8902	240000
33182	240000
18077	240000
58451	240000
36149	240000
4058	240000
34790	240000
21430	240000
49455	240000
57356	240000
28284	240000
58779	240000
58980	240000
25447	240000
59497	240000
22177	240000
15280	240000
46455	240000
198736	240000
263265	240000
62943	240000
199846	240000
53211	240000
35306	240000
197400	240000
265278	240000
7656	240000
24338	240000
35007	240000
264517	240000
6718	240000
44692	240000
57513	240000
2847	240000
61588	240000
39067	240000
61751	240000
136521	240000
267289	240000
203942	240000
328417	240000
133898	240000
47478	240000
9976	240000
45298	240000
13649	240000
3910	240000
52666	239000
8246	238000
61709	238000
28124	236000
200781	236000
263336	236000
262725	235000
13002	234000
49888	234000
263445	232000
132449	232000
132976	231024
34347	231000
55359	231000
7568	230000
20764	230000
52439	230000
28277	230000
28153	230000
58965	230000
17077	230000
263702	230000
46155	230000
202709	230000
13272	229000
14633	229000
32867	229000
51263	228000
48539	225280
327962	225280
327756	225280
44099	224000
204805	224000
58495	224000
55259	224000
61512	223800
45411	223000
23913	222000
8637	221440
2915	220000
2153	220000
16186	220000
4150	220000
286	220000
30827	220000
35244	220000
26785	220000
13354	220000
24167	220000
8788	220000
29611	220000
23171	220000
5631	220000
20712	220000
29141	220000
39637	220000
42612	220000
25151	220000
31167	220000
48850	220000
16175	220000
47408	220000
39904	220000
11233	220000
6777	220000
36817	220000
1126	220000
28132	220000
17625	220000
36907	220000
53889	220000
29462	220000
23550	220000
327745	220000
28110	220000
15008	220000
262454	220000
262288	220000
262481	220000
4678	220000
32338	220000
20904	220000
51055	220000
60610	220000
28226	220000
262388	220000
64044	220000
24651	220000
20412	220000
199803	220000
133421	220000
29522	220000
38197	220000
47551	220000
7540	220000
196968	220000
38714	220000
36866	220000
56949	220000
198151	220000
47252	220000
10299	220000
198389	220000
201290	220000
197592	220000
197747	220000
197262	220000
198401	220000
198040	220000
199754	220000
50550	220000
199978	220000
200176	220000
8280	220000
25509	220000
263396	220000
42490	220000
201081	220000
198380	220000
49409	220000
31726	220000
133616	220000
47626	220000
8194	220000
37720	220000
265032	220000
265086	220000
37675	220000
202454	220000
8369	220000
264138	220000
56373	220000
396125	220000
137575	220000
46375	220000
52772	220000
35612	220000
28287	219000
42947	219000
21485	218000
52438	217000
30851	216000
53587	216000
15188	216000
12779	215000
262706	215000
61094	215000
9244	215000
328216	215000
55766	215000
16206	214000
207073	214000
132894	214000
31708	213000
22556	213000
14576	213000
57731	212000
52660	212000
3908	212000
50316	211750
52866	211000
9155	211000
327750	210480
197091	210070
55429	210000
16814	210000
42093	210000
19750	210000
18229	210000
262903	210000
37619	210000
39351	210000
262675	210000
263584	210000
15433	210000
264268	210000
133590	210000
30813	210000
40731	210000
51948	210000
58689	210000
15011	210000
63774	210000
263271	210000
207972	210000
266608	210000
328388	210000
61602	210000
16030	210000
29834	209000
53195	208000
53102	208000
59288	208000
45280	206000
36923	206000
15447	205000
263154	205000
28183	204800
29918	204800
61686	204800
196695	204800
53107	204800
24043	204000
48559	204000
18351	204000
28169	203000
17306	202880
42669	202000
132857	202000
58299	202000
28154	202000
264811	202000
62597	202000
14537	201024
45305	201000
131296	200960
3303	200200
60261	200000
63311	200000
7091	200000
8560	200000
8190	200000
5605	200000
30176	200000
26347	200000
29748	200000
21947	200000
12008	200000
35985	200000
23686	200000
24121	200000
9989	200000
11537	200000
20080	200000
24931	200000
6623	200000
23260	200000
31736	200000
41690	200000
17645	200000
36683	200000
6423	200000
31400	200000
3512	200000
29208	200000
24642	200000
35843	200000
43683	200000
5539	200000
26792	200000
39598	200000
23265	200000
13041	200000
43284	200000
5577	200000
42227	200000
35332	200000
11051	200000
42184	200000
13692	200000
8744	200000
29562	200000
47172	200000
47841	200000
47215	200000
11995	200000
47344	200000
33737	200000
48943	200000
46484	200000
47490	200000
31252	200000
11664	200000
45668	200000
38478	200000
33139	200000
20985	200000
33796	200000
12316	200000
47143	200000
11071	200000
21250	200000
12188	200000
33470	200000
41601	200000
52892	200000
11922	200000
59895	200000
11798	200000
29404	200000
22546	200000
53131	200000
513	200000
46849	200000
22653	200000
14116	200000
45711	200000
8728	200000
44160	200000
53070	200000
29037	200000
46793	200000
16095	200000
19531	200000
51929	200000
6723	200000
23627	200000
13857	200000
21525	200000
24554	200000
19844	200000
10024	200000
41412	200000
25764	200000
6336	200000
12578	200000
600	200000
53175	200000
32613	200000
23816	200000
19782	200000
27947	200000
197377	200000
48500	200000
17246	200000
32365	200000
54154	200000
26167	200000
10653	200000
45634	200000
43852	200000
34270	200000
54652	200000
21412	200000
18199	200000
25780	200000
9584	200000
53306	200000
8823	200000
53100	200000
1120	200000
44858	200000
12033	200000
11242	200000
42239	200000
54376	200000
50673	200000
16724	200000
132267	200000
10102	200000
54327	200000
63060	200000
57187	200000
18400	200000
7849	200000
58656	200000
199339	200000
25273	200000
58010	200000
60717	200000
27026	200000
41281	200000
8245	200000
57068	200000
18049	200000
33604	200000
262777	200000
28306	200000
28571	200000
262780	200000
14571	200000
12536	200000
11475	200000
10996	200000
17685	200000
38043	200000
57029	200000
11081	200000
199364	200000
29485	200000
54929	200000
29933	200000
262333	200000
14103	200000
57193	200000
40700	200000
33606	200000
55923	200000
36444	200000
18516	200000
32421	200000
33515	200000
40413	200000
10993	200000
23274	200000
26288	200000
62915	200000
25653	200000
5664	200000
28366	200000
196844	200000
40676	200000
262704	200000
31877	200000
32100	200000
15267	200000
22921	200000
15108	200000
52251	200000
18094	200000
133534	200000
262620	200000
10886	200000
53221	200000
27833	200000
20207	200000
6368	200000
262724	200000
52558	200000
14463	200000
24730	200000
61951	200000
11414	200000
133579	200000
57963	200000
198203	200000
62469	200000
30466	200000
262989	200000
52846	200000
262377	200000
42775	200000
43317	200000
54002	200000
262402	200000
264531	200000
264492	200000
53224	200000
53122	200000
27768	200000
36445	200000
133420	200000
28163	200000
61950	200000
9022	200000
199256	200000
262667	200000
62183	200000
50148	200000
56301	200000
28066	200000
32710	200000
24278	200000
133873	200000
49063	200000
198477	200000
10481	200000
42845	200000
11976	200000
327893	200000
5690	200000
16832	200000
40028	200000
393965	200000
61244	200000
9999	200000
25068	200000
262256	200000
134363	200000
42567	200000
31769	200000
263668	200000
4043	200000
263789	200000
18616	200000
25003	200000
132167	200000
48642	200000
26271	200000
59	200000
819	200000
32277	200000
263822	200000
61942	200000
263569	200000
29244	200000
263797	200000
25165	200000
25227	200000
201602	200000
133959	200000
198785	200000
7687	200000
11174	200000
8714	200000
42334	200000
16130	200000
43391	200000
58815	200000
263363	200000
28270	200000
28308	200000
11279	200000
53407	200000
262413	200000
35998	200000
17429	200000
29788	200000
19082	200000
15102	200000
55270	200000
21632	200000
25248	200000
52726	200000
51164	200000
52363	200000
20559	200000
18683	200000
54661	200000
19689	200000
135246	200000
52794	200000
134809	200000
52519	200000
8008	200000
394437	200000
328400	200000
264016	200000
52878	200000
58762	200000
45684	200000
202831	200000
52989	200000
197524	200000
45775	200000
264961	200000
201782	200000
327952	200000
52981	200000
62818	200000
198235	200000
199494	200000
51394	200000
133652	200000
32165	200000
27895	200000
197615	200000
43733	200000
264768	200000
27951	200000
46692	200000
57608	200000
262186	200000
27272	200000
263674	200000
35760	200000
50533	200000
200414	200000
199551	200000
51337	200000
134012	200000
35891	200000
60098	200000
29974	200000
25472	200000
262791	200000
35491	200000
60884	200000
57033	200000
394141	200000
27382	200000
36008	200000
55957	200000
11109	200000
206758	200000
52195	200000
199226	200000
7004	200000
57478	200000
60534	200000
27964	200000
39716	200000
41966	200000
59862	200000
202220	200000
7806	200000
395768	200000
52153	200000
262766	200000
50411	200000
41319	200000
395470	200000
265303	200000
395578	200000
50017	200000
42667	200000
135292	200000
49565	200000
23423	200000
395880	200000
134674	200000
1101	200000
11178	200000
23307	200000
59060	200000
197672	200000
51648	200000
13838	200000
202050	200000
264562	200000
395719	200000
133952	200000
394740	200000
57219	200000
201026	200000
394676	200000
34296	200000
14832	200000
58906	200000
29614	200000
6503	200000
61826	200000
45265	200000
12687	200000
12690	200000
25385	200000
202169	200000
131915	200000
202761	200000
131916	200000
265101	200000
196749	200000
205811	200000
61521	200000
328064	200000
196865	200000
135278	200000
27553	200000
53591	200000
53189	200000
135011	200000
265478	200000
198604	200000
38627	200000
23419	200000
24251	200000
262643	200000
7514	200000
28032	200000
206299	200000
36515	200000
50270	200000
28114	200000
63772	200000
328036	200000
6712	200000
22908	200000
41138	200000
17303	200000
38851	200000
52542	200000
53454	200000
6752	200000
265436	200000
198496	200000
56972	200000
42812	200000
327790	200000
393455	200000
41480	200000
265021	200000
40545	200000
62632	200000
53338	200000
35518	200000
394146	200000
62406	200000
25190	200000
266995	200000
19465	200000
27286	200000
137250	200000
40773	200000
54483	200000
13415	200000
204789	200000
266420	200000
204821	200000
199421	200000
32389	200000
49020	200000
267196	200000
44979	200000
20874	200000
266977	200000
267452	200000
263985	200000
134739	200000
263523	200000
205100	200000
43848	200000
31236	200000
196776	200000
5760	200000
31445	200000
23777	200000
51790	200000
132890	200000
394140	200000
27660	200000
63131	200000
263461	200000
64233	200000
267428	200000
38949	200000
41006	200000
197155	200000
265999	200000
134895	200000
202006	200000
51920	200000
1226	200000
262662	200000
25637	200000
47723	200000
37897	200000
11077	200000
262970	200000
131273	200000
197294	200000
18024	200000
131933	200000
54086	200000
57424	200000
200185	200000
55140	200000
136769	200000
40339	200000
196819	200000
29091	200000
11635	200000
132491	200000
263250	200000
29689	200000
198426	200000
27255	200000
49457	200000
61462	200000
138147	200000
41033	200000
47095	200000
59371	200000
397116	200000
202281	200000
267587	200000
131895	200000
196714	200000
197146	200000
209835	200000
44358	200000
50794	200000
8803	200000
20618	200000
56655	200000
268819	200000
24532	200000
134369	200000
205473	200000
60171	200000
24955	200000
8757	200000
61012	200000
39572	200000
264598	199056
49895	198000
9280	198000
37276	198000
200668	198000
395400	198000
58821	198000
53246	197000
29608	196000
23871	194400
201838	194000
262259	193000
16178	192000
37451	192000
13657	191000
2685	191000
11123	191000
53349	191000
35470	190000
13703	190000
37235	190000
53143	190000
263587	190000
6561	190000
203629	190000
48716	190000
265065	190000
197902	190000
63343	190000
61943	190000
15426	190000
200478	190000
134359	190000
32067	190000
202805	190000
46950	190000
50554	190000
63298	190000
30168	190000
35795	190000
53052	190000
53172	189000
7500	188000
51784	186400
132137	186368
264127	185000
262691	184320
61211	184000
133324	184000
199496	184000
41327	184000
17483	183000
47275	183000
25466	182000
12042	182000
11195	182000
262230	182000
64475	182000
57613	182000
61478	182000
31617	182000
262429	180000
262721	180000
32479	180000
24309	180000
57896	180000
61836	180000
32743	180000
262316	180000
136026	180000
48408	180000
38769	180000
20846	180000
3145	180000
12459	180000
264679	180000
262964	180000
37020	180000
39065	180000
3223	180000
7065	180000
13194	180000
37199	180000
64476	180000
23947	180000
138064	179000
48011	178000
133001	177100
55674	177000
62275	177000
4007	176900
262352	176884
25459	176000
6648	175000
49349	175000
327950	174000
13549	173000
18615	173000
135697	173000
57151	172000
21267	172000
64223	171000
6405	170000
394070	170000
12684	170000
40300	170000
33725	170000
19310	170000
395573	170000
9910	170000
132808	170000
57073	170000
33044	170000
52760	170000
23808	170000
197522	170000
23618	170000
25374	170000
28178	170000
56099	169000
58477	168000
61287	166000
63028	166000
36143	165000
33302	165000
262394	165000
25482	164864
21724	164000
35074	164000
57121	164000
51944	163000
11062	162880
21709	162000
53589	162000
133934	161100
45194	161072
33480	160768
26914	160000
7303	160000
14609	160000
35833	160000
18530	160000
42005	160000
9137	160000
39138	160000
14877	160000
59940	160000
53130	160000
62239	160000
21880	160000
52685	160000
4540	160000
52858	160000
134055	160000
25961	160000
263990	160000
55507	160000
31857	160000
328145	160000
199330	160000
60890	160000
131914	160000
396503	160000
28319	160000
11751	160000
35940	160000
37545	160000
394449	160000
19186	160000
3132	160000
23775	160000
210264	160000
264398	160000
14061	160000
138840	160000
328538	160000
8435	160000
265135	160000
33873	160000
133385	160000
134705	160000
10084	160000
268205	160000
202566	159000
198910	157000
57723	156384
262733	156000
263793	155000
133658	154000
43500	153600
6738	153000
137166	152576
31800	152000
55814	151000
205081	151000
30740	150000
20495	150000
15743	150000
18209	150000
9621	150000
23106	150000
262420	150000
17997	150000
9652	150000
29465	150000
262692	150000
267095	150000
22324	150000
268267	150000
20919	150000
39337	150000
14726	150000
265294	150000
397544	150000
265892	150000
133339	150000
35847	150000
51945	149500
21069	148000
8723	148000
42004	148000
327794	148000
58650	148000
202020	148000
263432	147000
262901	147000
19117	146000
10204	146000
54225	146000
327826	146000
262474	146000
262610	146000
132771	146000
262673	145000
59945	144000
39806	144000
61666	143360
132931	143000
58820	142000
61730	142000
264425	142000
58816	142000
28219	140030
23465	140000
56910	140000
37154	140000
394530	140000
263314	140000
59444	140000
328065	140000
264294	140000
135607	140000
18407	140000
396040	140000
60051	140000
393434	140000
2588	140000
266152	140000
266961	140000
201447	140000
268133	140000
266968	140000
51520	140000
17197	140000
328480	140000
131896	140000
266192	140000
209208	140000
328517	140000
58171	140000
14288	140000
267055	140000
264998	140000
137373	140000
39902	140000
397806	140000
14824	140000
56286	139000
328327	139000
264524	139000
208477	138800
133676	138000
26531	137000
39543	136000
59214	136000
262417	136000
23860	136000
265147	136000
33920	135000
55219	135000
48728	134000
262819	134000
55653	133500
264404	133120
17978	133000
264552	132600
2602	132000
39192	132000
49028	132000
13054	131400
134881	131072
16265	130000
21392	130000
10881	130000
4764	130000
48268	130000
5524	130000
12941	130000
52977	130000
264360	130000
33808	130000
262979	130000
206499	130000
200064	130000
23379	130000
266430	130000
266144	130000
266721	130000
48438	130000
35913	130000
29900	130000
25837	130000
2675	130000
57276	130000
16342	130000
9952	130000
267348	130000
328365	130000
58940	128000
60690	128000
7521	126000
61570	126000
264491	125000
268323	125000
18779	124000
268952	124000
263531	122500
2134	122000
199659	122000
7606	122000
44980	121000
263649	121000
268503	121000
6798	121000
45766	121000
52661	120576
21396	120000
57928	120000
7048	120000
264228	120000
49638	120000
38541	120000
52686	120000
263483	120000
53199	120000
43760	120000
263961	120000
204861	120000
39335	120000
40244	120000
266263	120000
209813	120000
37786	120000
37653	120000
264210	120000
267593	120000
263852	120000
204006	120000
208431	120000
26484	120000
266927	120000
266480	120000
15391	120000
7941	120000
19306	120000
264939	120000
37453	120000
44291	120000
4693	120000
55803	120000
198726	120000
26838	119216
20811	119000
28037	119000
262494	119000
52643	119000
262488	118768
53066	118000
52944	118000
37294	118000
8943	117600
198440	117000
24157	117000
33843	116000
7005	115000
263801	115000
9313	114000
45769	114000
50618	114000
13680	113000
15772	113000
18886	112640
20640	112000
262862	112000
9201	112000
59156	112000
39479	111000
33130	110900
327992	110240
39591	110000
43100	110000
55879	110000
33748	110000
262750	110000
62874	110000
25375	110000
56229	110000
28352	110000
37195	110000
52968	110000
59953	110000
265429	110000
24173	110000
45118	110000
263591	110000
263647	110000
267399	110000
36813	110000
6696	110000
265954	110000
267360	110000
37110	110000
46475	110000
199362	110000
19045	110000
43060	110000
35425	110000
262828	109000
42692	109000
15211	108000
131755	108000
59165	108000
136696	108000
48072	106500
264415	106400
23756	106000
15734	106000
33452	106000
24521	105000
61582	105000
38896	105000
44953	104000
29014	104000
263661	104000
51681	104000
265484	104000
9326	104000
263442	103500
29668	103000
57877	103000
56665	102900
17439	102400
61888	102000
137142	102000
63862	102000
206184	101376
29551	101000
11647	101000
36914	101000
50472	100200
22534	100010
5459	100000
42455	100000
53563	100000
49909	100000
5396	100000
53008	100000
17426	100000
264577	100000
50231	100000
131607	100000
61006	100000
38442	100000
52339	100000
45349	100000
49296	100000
267280	100000
263947	100000
263840	100000
196954	100000
42705	100000
45361	100000
32621	100000
4694	100000
264186	100000
52639	100000
41985	100000
207054	100000
12796	100000
20657	100000
205813	100000
209328	100000
328536	100000
327738	100000
45278	100000
45705	100000
27979	100000
9830	100000
57844	100000
9891	100000
35137	100000
207353	100000
131322	100000
398415	100000
203421	98000
28890	98000
4589	98000
262822	97000
6643	96000
266347	96000
133838	96000
262591	96000
61134	95232
51290	95000
137331	95000
58868	95000
262539	93000
13150	93000
134316	93000
21513	92000
203140	92000
58392	92000
12597	91000
31595	90000
58587	90000
52765	90000
199610	90000
262268	90000
54574	90000
328351	90000
394302	90000
6059	90000
29802	90000
202596	90000
10279	90000
10099	90000
48128	90000
24429	90000
135010	90000
262900	90000
2731	90000
31202	90000
29357	90000
50475	90000
14979	90000
53764	90000
28265	90000
262808	90000
58678	90000
33771	90000
263151	90000
267513	90000
205099	90000
56654	90000
132876	89000
200794	88700
198781	88000
262464	88000
9785	88000
262346	88000
264765	88000
48424	88000
18422	88000
12491	88000
34135	86000
48292	86000
53097	85300
9658	85000
52444	85000
263196	85000
138816	85000
44123	84000
26451	84000
37980	84000
8368	84000
3549	84000
31078	83900
53142	83312
8677	83000
53237	83000
262893	83000
201106	83000
48727	83000
24536	83000
266713	83000
263478	82400
263833	82000
131758	82000
267554	82000
59276	82000
12773	82000
52475	81920
30071	81000
37529	81000
198857	80700
31250	80500
3213	80000
41692	80000
33079	80000
24047	80000
25061	80000
39301	80000
8664	80000
32880	80000
34171	80000
25295	80000
42459	80000
42303	80000
55518	80000
20722	80000
197000	80000
29545	80000
47622	80000
29680	80000
20365	80000
133075	80000
199947	80000
53169	80000
27940	80000
28009	80000
263076	80000
327813	80000
38565	80000
4508	80000
55521	80000
30798	80000
134732	80000
28257	80000
37342	80000
45686	80000
263774	80000
14522	80000
206342	80000
262509	80000
263411	80000
328156	80000
263776	80000
61822	80000
265656	80000
23815	80000
47203	80000
138576	80000
1916	80000
7516	80000
21277	80000
37680	80000
52951	80000
263518	80000
269499	80000
46023	80000
20001	80000
19035	80000
133803	80000
17995	80000
138100	80000
19754	80000
16803	80000
23486	80000
45754	80000
45804	80000
265974	80000
27688	80000
3242	80000
328633	80000
42064	80000
264570	80000
267032	80000
24008	80000
31169	80000
32097	80000
197301	80000
198605	80000
199524	80000
58715	80000
18881	80000
23805	80000
40328	80000
393670	80000
134014	80000
58659	80000
9790	80000
201119	80000
33544	78000
264514	78000
393513	77000
199517	77000
53050	77000
29169	77000
136093	77000
59279	77000
263089	76800
43019	76500
38809	76500
265426	76440
60602	76400
34119	76000
16842	76000
52539	76000
136873	76000
327907	76000
52932	75000
203687	75000
52973	75000
28656	75000
262684	74500
34011	74000
35706	74000
55555	74000
53708	74000
32160	74000
263270	74000
47680	74000
51646	73000
7020	73000
41913	72000
38280	72000
37479	72000
132847	72000
328164	71680
265451	71680
23661	71000
45763	71000
59347	71000
49405	70000
16253	70000
262902	70000
53356	70000
264017	70000
11272	70000
201102	70000
207199	70000
134618	70000
268749	70000
269462	70000
139967	70000
138839	70000
62712	70000
33951	70000
265383	70000
16604	70000
396501	70000
393573	70000
196755	70000
139970	70000
56264	70000
135760	70000
15960	70000
51395	70000
30259	70000
135193	70000
206125	70000
393420	70000
200738	70000
47043	70000
14642	70000
52201	70000
31430	70000
4647	70000
17671	69000
23951	69000
250	68000
11179	68000
61928	68000
135419	68000
264925	67516
262730	67000
264923	67000
7908	66000
49463	66000
45287	66000
268525	66000
38147	66000
8612	66000
262557	65600
38753	65000
23628	65000
262374	65000
49787	65000
135582	65000
30880	64000
8301	64000
28279	64000
5505	64000
55685	64000
51254	64000
45707	64000
205344	64000
47096	64000
14551	63000
30999	62700
22873	62000
31235	62000
206478	62000
53165	61600
262336	61440
17666	61000
51569	61000
262792	60500
12902	60000
15657	60000
2128	60000
33419	60000
15766	60000
37996	60000
41391	60000
8784	60000
25593	60000
8513	60000
8553	60000
20915	60000
37986	60000
39636	60000
13826	60000
27822	60000
43013	60000
34304	60000
18559	60000
4677	60000
51906	60000
23074	60000
55644	60000
39287	60000
43858	60000
37519	60000
197617	60000
54119	60000
45348	60000
46156	60000
52352	60000
27879	60000
28590	60000
53218	60000
38289	60000
24195	60000
133854	60000
47027	60000
549	60000
9519	60000
34768	60000
133720	60000
262993	60000
203086	60000
36868	60000
35313	60000
134622	60000
135484	60000
198091	60000
37482	60000
197447	60000
133613	60000
61968	60000
263251	60000
266177	60000
39816	60000
62227	60000
10022	60000
136302	60000
48067	60000
197204	60000
394151	60000
266972	60000
46595	60000
139225	60000
265158	60000
267522	60000
263067	60000
58482	60000
378	60000
36311	60000
210142	60000
57999	60000
265038	60000
267	60000
133296	60000
395471	60000
37783	60000
328395	60000
37682	60000
35699	60000
267815	60000
43533	60000
10103	60000
41088	60000
51088	60000
5662	60000
44513	60000
61805	60000
263124	60000
135098	60000
134715	60000
136522	60000
263258	60000
19969	60000
9374	60000
62856	60000
137079	60000
133070	60000
60316	60000
206067	60000
56971	60000
31273	60000
37090	59000
3067	59000
137410	59000
197692	58400
6660	58000
16191	58000
27865	58000
28323	58000
266630	58000
15589	57980
263589	57344
10135	57100
57633	57000
53139	57000
18103	57000
138296	57000
4434	56240
12502	56000
62838	56000
17069	56000
18840	56000
11046	56000
134707	56000
17482	56000
58460	56000
29838	56000
28292	56000
2595	55000
50837	55000
53230	55000
268548	55000
39505	55000
208751	55000
20621	54250
43890	54000
53088	54000
136373	54000
136377	54000
38527	54000
132220	53000
30132	52000
8545	52000
32563	52000
133389	52000
21140	52000
32437	52000
19551	52000
34624	51200
265141	51200
45528	51200
133275	51200
13135	51000
9129	51000
263283	51000
56381	50400
13237	50000
8565	50000
6851	50000
43323	50000
28657	50000
12143	50000
55256	50000
135526	50000
201754	50000
266400	50000
203261	50000
133410	50000
138570	50000
268126	50000
1640	50000
54506	50000
33164	50000
12857	50000
207588	50000
131960	50000
266059	50000
270299	50000
264596	50000
269208	50000
24299	50000
38081	50000
62819	50000
9751	50000
37356	50000
64313	50000
60816	50000
267278	50000
55003	50000
56668	50000
137001	50000
263155	50000
11767	50000
31042	50000
12883	50000
56528	50000
139734	50000
13681	50000
49192	50000
22941	50000
31452	50000
6515	50000
34718	50000
29785	50000
328598	50000
39029	50000
22591	50000
17378	50000
33445	50000
11383	50000
17707	50000
59112	50000
262868	50000
17113	50000
133315	50000
263049	50000
264331	50000
61873	50000
17253	50000
61186	50000
135126	50000
28142	50000
270600	50000
44431	49000
131584	49000
55832	48672
17920	48000
263308	48000
28773	48000
264723	48000
262770	48000
137352	48000
45288	48000
53093	47000
46886	47000
266346	47000
204196	47000
56550	47000
24204	46500
43942	46000
36731	46000
136841	46000
31126	45400
328160	45100
38310	45056
48504	45000
25943	45000
35585	45000
35695	45000
265972	45000
201214	45000
9104	44000
41090	44000
24028	44000
44295	44000
58404	44000
199660	44000
199150	44000
37656	44000
134021	44000
394330	44000
9381	44000
4777	43000
52965	43000
28065	43000
200428	43000
262453	43000
9153	42400
136632	42384
8554	42000
33845	42000
29286	42000
53116	42000
12975	42000
49605	42000
262952	42000
47727	42000
41153	42000
262645	42000
263378	42000
59155	42000
21101	41700
34683	41700
262756	41264
14259	41000
263739	40964
10704	40960
17754	40960
328032	40960
203885	40960
56507	40960
61895	40960
44514	40500
135301	40500
58408	40480
13357	40180
20799	40000
29452	40000
5409	40000
8195	40000
3224	40000
33811	40000
23712	40000
52243	40000
23711	40000
30962	40000
9710	40000
2863	40000
39104	40000
28001	40000
31383	40000
26228	40000
25152	40000
12634	40000
34997	40000
34021	40000
34781	40000
15782	40000
3561	40000
13284	40000
29083	40000
35156	40000
24973	40000
41960	40000
45037	40000
35584	40000
40015	40000
9583	40000
23752	40000
29846	40000
48484	40000
37652	40000
11796	40000
50032	40000
13722	40000
47836	40000
23829	40000
17961	40000
8587	40000
53424	40000
24753	40000
16523	40000
35719	40000
24951	40000
50244	40000
50763	40000
14232	40000
33835	40000
44902	40000
38437	40000
41289	40000
45816	40000
13157	40000
31662	40000
17088	40000
12775	40000
57315	40000
1304	40000
51896	40000
51483	40000
37312	40000
45932	40000
53727	40000
9123	40000
197422	40000
24029	40000
49604	40000
23949	40000
27665	40000
58560	40000
52462	40000
42204	40000
24518	40000
24550	40000
44608	40000
35799	40000
15072	40000
56990	40000
18206	40000
49300	40000
39783	40000
198423	40000
12290	40000
20555	40000
16168	40000
42400	40000
8789	40000
31328	40000
59410	40000
29263	40000
51406	40000
16174	40000
50737	40000
9328	40000
35834	40000
197653	40000
43190	40000
53698	40000
35180	40000
48972	40000
25093	40000
5602	40000
43252	40000
28757	40000
53494	40000
59620	40000
28239	40000
28141	40000
53140	40000
133023	40000
132837	40000
53869	40000
3324	40000
9165	40000
3220	40000
37628	40000
10133	40000
54523	40000
262500	40000
53861	40000
29881	40000
45498	40000
263499	40000
53178	40000
28615	40000
37775	40000
29583	40000
262933	40000
63034	40000
47228	40000
23673	40000
62537	40000
52431	40000
7772	40000
262737	40000
10617	40000
52323	40000
202042	40000
61924	40000
52877	40000
36898	40000
16162	40000
60899	40000
28216	40000
18046	40000
41059	40000
201791	40000
56182	40000
28327	40000
264470	40000
26563	40000
18393	40000
39072	40000
200700	40000
55427	40000
58627	40000
327939	40000
31459	40000
36909	40000
59933	40000
393874	40000
203851	40000
264590	40000
393350	40000
134295	40000
55699	40000
61397	40000
43558	40000
393662	40000
328023	40000
13006	40000
201990	40000
11399	40000
204019	40000
52079	40000
198416	40000
22518	40000
199410	40000
45561	40000
47627	40000
15190	40000
135543	40000
63529	40000
60458	40000
52967	40000
263070	40000
198391	40000
37324	40000
9893	40000
21774	40000
203741	40000
206894	40000
52009	40000
197418	40000
199413	40000
39107	40000
199338	40000
56783	40000
48742	40000
40752	40000
39560	40000
52101	40000
203548	40000
327751	40000
203230	40000
39729	40000
57221	40000
203223	40000
8550	40000
132734	40000
207101	40000
23169	40000
198591	40000
44974	40000
44503	40000
199451	40000
39566	40000
202971	40000
41882	40000
52909	40000
262195	40000
206373	40000
58894	40000
42180	40000
26198	40000
263675	40000
263728	40000
5401	40000
264815	40000
52680	40000
36640	40000
58927	40000
60430	40000
262518	40000
198891	40000
12630	40000
15035	40000
205296	40000
64234	40000
265806	40000
17537	40000
206442	40000
200480	40000
135869	40000
134856	40000
5500	40000
264518	40000
197645	40000
204536	40000
266866	40000
58146	40000
138174	40000
55679	40000
264996	40000
135843	40000
12565	40000
18350	40000
138009	40000
200278	40000
8393	40000
5406	40000
205442	40000
209400	40000
34569	40000
38524	40000
34762	40000
55352	40000
262772	40000
262387	40000
327849	40000
134326	40000
262612	40000
263495	40000
35280	40000
61056	40000
265188	40000
133372	40000
393490	40000
56583	40000
262470	40000
267242	40000
269075	40000
394581	40000
262898	40000
266298	40000
207310	40000
42156	40000
270436	40000
56472	40000
207274	40000
268546	40000
1410	40000
47116	40000
26388	40000
13951	40000
30622	40000
266853	40000
3737	40000
62240	40000
32425	40000
49690	40000
134293	40000
394994	40000
202766	40000
133680	40000
58430	40000
25853	40000
44030	40000
25091	40000
17939	40000
38195	40000
8660	40000
61174	40000
265962	40000
63920	40000
134090	40000
50154	40000
206141	40000
213065	40000
200070	40000
264969	40000
138263	40000
206389	40000
60113	40000
61020	40000
14280	39000
34486	39000
7829	39000
16467	39000
25976	39000
11190	39000
30295	39000
45839	39000
54643	39000
55652	39000
52911	39000
36965	39000
58500	39000
328423	38912
35655	38900
4765	38250
20832	38200
134375	38192
15290	38000
33522	38000
59560	38000
199283	38000
49360	38000
49855	38000
327960	38000
265639	38000
132004	38000
137851	38000
30129	37000
36217	37000
31543	37000
37002	37000
48685	37000
49088	37000
396472	37000
52300	36864
209218	36386
8038	36000
38235	36000
33125	36000
45725	36000
62502	36000
134325	36000
60670	36000
202867	36000
52938	36000
60917	36000
262296	36000
45706	36000
29424	36000
138995	36000
34549	36000
28244	36000
16685	36000
202322	35700
138211	35300
23709	35000
14390	35000
26788	35000
48920	35000
28207	35000
58910	35000
205388	35000
137295	35000
50467	34500
25471	34200
53459	34000
33082	34000
33072	34000
30134	34000
30128	34000
33558	34000
8222	34000
12835	34000
198184	34000
41847	34000
59185	34000
200438	34000
265699	34000
267088	34000
137246	34000
45937	34000
24132	34000
263869	34000
55247	34000
266598	34000
17538	34000
17374	33000
15692	33000
4666	33000
38506	33000
29104	33000
22080	33000
7597	33000
133660	33000
137121	33000
133971	33000
55670	33000
8486	33000
198721	32600
15594	32000
33077	32000
31715	32000
36943	32000
44314	32000
60134	32000
59954	32000
17473	32000
48846	32000
51023	32000
138359	32000
37347	32000
42300	32000
206640	32000
131717	32000
45312	32000
21263	31100
51514	31000
7717	31000
37576	31000
30447	30170
30123	30000
7522	30000
35223	30000
50683	30000
198093	30000
49792	30000
28073	30000
38200	30000
48712	30000
47850	30000
327922	30000
25590	30000
262889	30000
64115	30000
206404	30000
269060	30000
210323	30000
45184	30000
135223	30000
34655	30000
41349	30000
17604	30000
5583	30000
22302	30000
58882	30000
1351	30000
9607	30000
135753	30000
197140	30000
33922	30000
21211	30000
38067	30000
52637	30000
9268	30000
45177	30000
396071	30000
7979	30000
19661	30000
205891	30000
136800	30000
204810	30000
208457	30000
205790	30000
14327	30000
28234	30000
263891	30000
22128	30000
266275	30000
30174	30000
37908	30000
13728	30000
38571	30000
136515	30000
50469	30000
263346	30000
1441	30000
137945	30000
266130	30000
398454	30000
138428	30000
52424	30000
263218	30000
264637	30000
266925	30000
44141	29100
8491	29000
201333	29000
136885	29000
137080	29000
138829	29000
52869	28672
4608	28500
200983	28100
267588	28003
29215	28000
40528	28000
16876	28000
27916	28000
24523	28000
20928	28000
54042	28000
264130	28000
203640	28000
23696	28000
262755	28000
7628	28000
267102	28000
263480	28000
200392	28000
209261	28000
394914	28000
397524	28000
6881	28000
50620	27200
42476	27000
3599	27000
22750	27000
133797	27000
45650	27000
43369	27000
37627	27000
37109	27000
133593	27000
2484	26500
267062	26500
25572	26000
132774	26000
47169	26000
60157	26000
133881	26000
201508	26000
135465	26000
262788	26000
61929	26000
209086	26000
33791	26000
133817	26000
139909	26000
262811	25900
266374	25600
196689	25000
28707	25000
52625	25000
5692	25000
53197	25000
264009	25000
266028	25000
131775	25000
264297	25000
29446	25000
61064	25000
55789	25000
268568	24800
132923	24576
27789	24480
201877	24400
58406	24000
23541	24000
28859	24000
8859	24000
44583	24000
7631	24000
50858	24000
45950	24000
28165	24000
39318	24000
38477	24000
5017	24000
54415	24000
21351	24000
263393	24000
198271	24000
327943	24000
48374	24000
42228	24000
202918	24000
131303	24000
264295	24000
135423	24000
263713	24000
136287	24000
58750	24000
267117	24000
34936	24000
134643	24000
136131	24000
135468	24000
61600	24000
37622	24000
53018	24000
135425	24000
52458	23600
22989	23552
133664	23552
39310	23000
262501	23000
135247	23000
2606	23000
24530	23000
16363	22900
17996	22900
43599	22500
204264	22480
132901	22480
9092	22000
2500	22000
24557	22000
20917	22000
24077	22000
9497	22000
29246	22000
17435	22000
39600	22000
31576	22000
17444	22000
40739	22000
29513	22000
44334	22000
14500	22000
16218	22000
52550	22000
199248	22000
199396	22000
62336	22000
198334	22000
32614	22000
132919	22000
23774	22000
16039	22000
7489	22000
23666	22000
327700	22000
265030	22000
266044	22000
28139	22000
133173	22000
139425	22000
63027	22000
13226	21600
18104	21500
50796	21500
52896	21500
25473	21000
5071	21000
45144	21000
134929	21000
267573	21000
135232	21000
328275	21000
263019	21000
139947	21000
39905	21000
2593	21000
32244	21000
263586	21000
50857	20500
328144	20500
35184	20480
27345	20480
196640	20480
56209	20480
27932	20480
263128	20480
262753	20480
12305	20480
58969	20480
26068	20480
28438	20480
263917	20480
44084	20480
41522	20480
135253	20480
198216	20480
29245	20480
135861	20480
37030	20480
30988	20480
57079	20480
28639	20480
136330	20480
25328	20480
267121	20480
136533	20480
136480	20480
133967	20480
263459	20480
137627	20480
53112	20480
210218	20480
140269	20480
133718	20288
37650	20200
58683	20000
19817	20000
10255	20000
12059	20000
28877	20000
31216	20000
16559	20000
13101	20000
19752	20000
3043	20000
25975	20000
5462	20000
20704	20000
8804	20000
4837	20000
10848	20000
31661	20000
5418	20000
26627	20000
14833	20000
25286	20000
46199	20000
15149	20000
30131	20000
40475	20000
8495	20000
15773	20000
4319	20000
36824	20000
13246	20000
42366	20000
40068	20000
38181	20000
5568	20000
8596	20000
43436	20000
11830	20000
24989	20000
15935	20000
34960	20000
29655	20000
34554	20000
14585	20000
31641	20000
40495	20000
38321	20000
4795	20000
3248	20000
8092	20000
18392	20000
42585	20000
56065	20000
8648	20000
5726	20000
49190	20000
24586	20000
41644	20000
8391	20000
48519	20000
12348	20000
22781	20000
44259	20000
13871	20000
44765	20000
39915	20000
2515	20000
393225	20000
10745	20000
393220	20000
394018	20000
17579	20000
48885	20000
42416	20000
23308	20000
14866	20000
39449	20000
42760	20000
7296	20000
9167	20000
46195	20000
49492	20000
31474	20000
24796	20000
13214	20000
48514	20000
19528	20000
21336	20000
42605	20000
46656	20000
31147	20000
1133	20000
29243	20000
9266	20000
48315	20000
49854	20000
43782	20000
43911	20000
47328	20000
20569	20000
5683	20000
26088	20000
28196	20000
21864	20000
49820	20000
24321	20000
49983	20000
44219	20000
50066	20000
42973	20000
38948	20000
48284	20000
12541	20000
50087	20000
38149	20000
9026	20000
30162	20000
38544	20000
9877	20000
30583	20000
52841	20000
1850	20000
26546	20000
51040	20000
6850	20000
8950	20000
12347	20000
23779	20000
53582	20000
22300	20000
20501	20000
48528	20000
37113	20000
50370	20000
9003	20000
50292	20000
51224	20000
50719	20000
20633	20000
36052	20000
15388	20000
30640	20000
25139	20000
38199	20000
46064	20000
46235	20000
19842	20000
51218	20000
15301	20000
196621	20000
41628	20000
55915	20000
44009	20000
16217	20000
8330	20000
2470	20000
46309	20000
13573	20000
20738	20000
16866	20000
28192	20000
2108	20000
46231	20000
6834	20000
52102	20000
7753	20000
49232	20000
197764	20000
13746	20000
31564	20000
26918	20000
56848	20000
29152	20000
9931	20000
57124	20000
53837	20000
3401	20000
30998	20000
53948	20000
54046	20000
27464	20000
12757	20000
57423	20000
38278	20000
27541	20000
51823	20000
18588	20000
50387	20000
198239	20000
29553	20000
39470	20000
42841	20000
57202	20000
20924	20000
41872	20000
27626	20000
12540	20000
46215	20000
4224	20000
53389	20000
48362	20000
52328	20000
41811	20000
46664	20000
132111	20000
14746	20000
12327	20000
24582	20000
54444	20000
57381	20000
33361	20000
6086	20000
51050	20000
57516	20000
198570	20000
34510	20000
198818	20000
16004	20000
40999	20000
45945	20000
34233	20000
36959	20000
50372	20000
41695	20000
33854	20000
57228	20000
28654	20000
198492	20000
34942	20000
40850	20000
262787	20000
48297	20000
19233	20000
50468	20000
61215	20000
197219	20000
55350	20000
51886	20000
50206	20000
198288	20000
10654	20000
10367	20000
132435	20000
34868	20000
21461	20000
18638	20000
132730	20000
132536	20000
29998	20000
198554	20000
197736	20000
27193	20000
49902	20000
49505	20000
36958	20000
16737	20000
38781	20000
132426	20000
56833	20000
21360	20000
262680	20000
262757	20000
53235	20000
28640	20000
60532	20000
12362	20000
262839	20000
29231	20000
14558	20000
61337	20000
50968	20000
20338	20000
32738	20000
197589	20000
37079	20000
59554	20000
26320	20000
3842	20000
60362	20000
3250	20000
52836	20000
3186	20000
15691	20000
10431	20000
62929	20000
62182	20000
22919	20000
393316	20000
16798	20000
62947	20000
199706	20000
12650	20000
262492	20000
26689	20000
51744	20000
14613	20000
11045	20000
29606	20000
15398	20000
199937	20000
46873	20000
24290	20000
4270	20000
200163	20000
53901	20000
263062	20000
14829	20000
45680	20000
62588	20000
28152	20000
57007	20000
52275	20000
58792	20000
53022	20000
132933	20000
393431	20000
46110	20000
262805	20000
20681	20000
131291	20000
52465	20000
45496	20000
20686	20000
263337	20000
200187	20000
21478	20000
201764	20000
52317	20000
61470	20000
262189	20000
52420	20000
52498	20000
52824	20000
17673	20000
29844	20000
29305	20000
45910	20000
58436	20000
10670	20000
29897	20000
39373	20000
52380	20000
63128	20000
12236	20000
24226	20000
35949	20000
201962	20000
201505	20000
32432	20000
11514	20000
45884	20000
27790	20000
62782	20000
33781	20000
22402	20000
13064	20000
4594	20000
28026	20000
11114	20000
9355	20000
32678	20000
30691	20000
40966	20000
52736	20000
3669	20000
196670	20000
54039	20000
133678	20000
50597	20000
393717	20000
36273	20000
45133	20000
61026	20000
32397	20000
59102	20000
2607	20000
201506	20000
262871	20000
133936	20000
199188	20000
59370	20000
47608	20000
57660	20000
37177	20000
37181	20000
22748	20000
51728	20000
9559	20000
132848	20000
131475	20000
48588	20000
132917	20000
20448	20000
63383	20000
21832	20000
12276	20000
201222	20000
36483	20000
52490	20000
60116	20000
52401	20000
26312	20000
39391	20000
34916	20000
53173	20000
63450	20000
11986	20000
34450	20000
10925	20000
393945	20000
32546	20000
18986	20000
29355	20000
26414	20000
63863	20000
19381	20000
30076	20000
30919	20000
134355	20000
394010	20000
11301	20000
53154	20000
198095	20000
28670	20000
264101	20000
9916	20000
25081	20000
6082	20000
133344	20000
53191	20000
46047	20000
28941	20000
52795	20000
39764	20000
262229	20000
32764	20000
11948	20000
48294	20000
12696	20000
44994	20000
64200	20000
200759	20000
394356	20000
132142	20000
49524	20000
52399	20000
263126	20000
201206	20000
327894	20000
198342	20000
16652	20000
3624	20000
57141	20000
18534	20000
37629	20000
7530	20000
53164	20000
52631	20000
42555	20000
15154	20000
17832	20000
262878	20000
198313	20000
201020	20000
202030	20000
30247	20000
62363	20000
131602	20000
25581	20000
47814	20000
11342	20000
28317	20000
263395	20000
48461	20000
37399	20000
33623	20000
18650	20000
39532	20000
262607	20000
262650	20000
263818	20000
41721	20000
63126	20000
265159	20000
34723	20000
262949	20000
135036	20000
23352	20000
21889	20000
52348	20000
12929	20000
394514	20000
264062	20000
52381	20000
50333	20000
198913	20000
262149	20000
57961	20000
52999	20000
203112	20000
28635	20000
63421	20000
37634	20000
196949	20000
202054	20000
27734	20000
27884	20000
131603	20000
53233	20000
21919	20000
262585	20000
51551	20000
52702	20000
43578	20000
264704	20000
55043	20000
264116	20000
8542	20000
262378	20000
204028	20000
20193	20000
56190	20000
203591	20000
30892	20000
20015	20000
135192	20000
28118	20000
3061	20000
262614	20000
30986	20000
17014	20000
199888	20000
198269	20000
31394	20000
202744	20000
327859	20000
33772	20000
200001	20000
201986	20000
23641	20000
197186	20000
3165	20000
32334	20000
131911	20000
64415	20000
27733	20000
202921	20000
199645	20000
49761	20000
32337	20000
52601	20000
196969	20000
200142	20000
12102	20000
31479	20000
263768	20000
327821	20000
207195	20000
199550	20000
198430	20000
201049	20000
199787	20000
20714	20000
26343	20000
198909	20000
50515	20000
204121	20000
202994	20000
52455	20000
8458	20000
201068	20000
264191	20000
11844	20000
207028	20000
133130	20000
62373	20000
131274	20000
200577	20000
9648	20000
197046	20000
201953	20000
263873	20000
393907	20000
61487	20000
198072	20000
202177	20000
26317	20000
52290	20000
62560	20000
264527	20000
59686	20000
14211	20000
199842	20000
132535	20000
35047	20000
206999	20000
395152	20000
199981	20000
264797	20000
199201	20000
14845	20000
7270	20000
262685	20000
133232	20000
196928	20000
15765	20000
207156	20000
199790	20000
40165	20000
264152	20000
42717	20000
56745	20000
50016	20000
264785	20000
61864	20000
199468	20000
38805	20000
29571	20000
31510	20000
24743	20000
265672	20000
37103	20000
263897	20000
266210	20000
136300	20000
52596	20000
37623	20000
262167	20000
46401	20000
328125	20000
327900	20000
52716	20000
136417	20000
56441	20000
263235	20000
28103	20000
206720	20000
59670	20000
266610	20000
262786	20000
262452	20000
134366	20000
136552	20000
10778	20000
28160	20000
36730	20000
37055	20000
265041	20000
134319	20000
264282	20000
7663	20000
32806	20000
52327	20000
52372	20000
30900	20000
265771	20000
206108	20000
263968	20000
10217	20000
27935	20000
133007	20000
263120	20000
267507	20000
264230	20000
265995	20000
52236	20000
37027	20000
131483	20000
263384	20000
264471	20000
52349	20000
263228	20000
52413	20000
263190	20000
16350	20000
24806	20000
5385	20000
27259	20000
265760	20000
265729	20000
57508	20000
265952	20000
201950	20000
328232	20000
136323	20000
25563	20000
61527	20000
43009	20000
135639	20000
132097	20000
51484	20000
18021	20000
200799	20000
19147	20000
197518	20000
395612	20000
395627	20000
47989	20000
205260	20000
132722	20000
265871	20000
15757	20000
200960	20000
42325	20000
263248	20000
136764	20000
263963	20000
37616	20000
5397	20000
327941	20000
131446	20000
43154	20000
137144	20000
266657	20000
131248	20000
31914	20000
203146	20000
63998	20000
60752	20000
59572	20000
134736	20000
52169	20000
134305	20000
135801	20000
198330	20000
60314	20000
265016	20000
24620	20000
60082	20000
267294	20000
266926	20000
16827	20000
204086	20000
204558	20000
203255	20000
205389	20000
198279	20000
132836	20000
64477	20000
204346	20000
202488	20000
21388	20000
46506	20000
61242	20000
59986	20000
48487	20000
134264	20000
132974	20000
136713	20000
205535	20000
268222	20000
45954	20000
263698	20000
28050	20000
28748	20000
265209	20000
197529	20000
18875	20000
3268	20000
328339	20000
37916	20000
396914	20000
202086	20000
133915	20000
328346	20000
266840	20000
23038	20000
37281	20000
200736	20000
132046	20000
136668	20000
25557	20000
263732	20000
63945	20000
396951	20000
394650	20000
396960	20000
266835	20000
137236	20000
31277	20000
37999	20000
56140	20000
209874	20000
394366	20000
58239	20000
25946	20000
48027	20000
57136	20000
266640	20000
328237	20000
208188	20000
397715	20000
22798	20000
209752	20000
139075	20000
140362	20000
51313	20000
204526	20000
31122	20000
13618	20000
4721	20000
29154	20000
198408	20000
133100	20000
20205	20000
15738	20000
132031	20000
50782	20000
134858	20000
19711	20000
43513	20000
138041	20000
23838	20000
40449	20000
10083	20000
133187	20000
15164	20000
21837	20000
16684	20000
46700	20000
11038	20000
48273	20000
25182	20000
51095	20000
198102	20000
45974	20000
23856	20000
266454	20000
263617	20000
52706	20000
51155	20000
18187	20000
328699	20000
328547	20000
11744	20000
265344	20000
199758	20000
16654	20000
207489	20000
133317	20000
138754	20000
200023	20000
209421	20000
42861	20000
52286	20000
265684	20000
28049	20000
56858	20000
198967	20000
268862	20000
34458	19500
32105	19000
40193	19000
26972	19000
42755	19000
6900	19000
25795	19000
31972	19000
4280	19000
21315	19000
3633	19000
31251	19000
203679	19000
393470	19000
61816	19000
50710	19000
263460	19000
60435	19000
26968	19000
18568	19000
25467	19000
265983	19000
40861	19000
20218	19000
206048	19000
328167	19000
202519	19000
63069	19000
132160	19000
136670	19000
209678	19000
210144	19000
17716	19000
136749	19000
30730	19000
19523	19000
267746	19000
131644	19000
138847	19000
30272	19000
7578	19000
134009	19000
58725	18432
134278	18360
262727	18330
9051	18200
266092	18200
19214	18000
27318	18000
33554	18000
12968	18000
15857	18000
199121	18000
27877	18000
28364	18000
135793	18000
51191	18000
205191	18000
263572	18000
137042	18000
263606	18000
23676	18000
206483	18000
61633	18000
328152	18000
18647	18000
15414	18000
209287	18000
265056	18000
133808	18000
33078	18000
33597	18000
18931	18000
11845	18000
20984	17600
9872	17600
22355	17500
136338	17216
37357	17168
24049	17000
27320	17000
33073	17000
28054	17000
30130	17000
29488	17000
6903	17000
7595	17000
29297	17000
33005	17000
21911	17000
15562	17000
9208	17000
30261	17000
200780	17000
47529	17000
38595	17000
134152	17000
138195	17000
37130	17000
13837	17000
52503	17000
137824	17000
132641	17000
54037	17000
39671	17000
61221	17000
264992	17000
13878	16700
52532	16500
138686	16500
135180	16384
135850	16384
135792	16384
137608	16384
212895	16300
53106	16192
23713	16000
23708	16000
34419	16000
28855	16000
52640	16000
29438	16000
198738	16000
41201	16000
57118	16000
200753	16000
20677	16000
63320	16000
135028	16000
43503	16000
37704	16000
18918	16000
395378	16000
263084	16000
61749	16000
263401	16000
26038	16000
262818	16000
210234	16000
48825	16000
38004	16000
39855	16000
14224	16000
197686	16000
39126	16000
31611	16000
266140	16000
131749	16000
59139	16000
137363	16000
24527	16000
138838	16000
58474	16000
133352	16000
135464	16000
52436	16000
59766	16000
29129	16000
268710	16000
34225	16000
42353	16000
38915	16000
134078	16000
51580	16000
202053	16000
39233	16000
7496	15500
208970	15400
132562	15360
131215	15360
58438	15360
135202	15360
202384	15050
39469	15000
33074	15000
27322	15000
26790	15000
24469	15000
19875	15000
10929	15000
14651	15000
25689	15000
8916	15000
48291	15000
52789	15000
135754	15000
49695	15000
199863	15000
132515	15000
45294	15000
393280	15000
17445	15000
132988	15000
262338	15000
265644	15000
48276	15000
37429	15000
38742	15000
134663	15000
28189	15000
133638	15000
131609	15000
328110	15000
267282	15000
52952	15000
47884	15000
205819	15000
62445	15000
263645	15000
327743	15000
268490	15000
24076	15000
37695	15000
201553	15000
63981	15000
15739	15000
35711	15000
52786	15000
135383	15000
267620	15000
136861	15000
60810	15000
265238	15000
139833	15000
266344	15000
202829	15000
134998	15000
38456	14600
265865	14400
264290	14336
134883	14336
134035	14336
135854	14336
58405	14336
266300	14300
135184	14096
12414	14000
21013	14000
43407	14000
51446	14000
134391	14000
134399	14000
134395	14000
134396	14000
134390	14000
28056	14000
37674	14000
200077	14000
50607	14000
262957	14000
133487	14000
200608	14000
136990	14000
23667	14000
328119	14000
266803	14000
328287	14000
209408	14000
60930	14000
200147	14000
134178	14000
58485	14000
38148	14000
38783	14000
59613	14000
267326	14000
29636	14000
28846	14000
202032	14000
52547	14000
37053	14000
53096	13400
38457	13312
263374	13312
267649	13200
27848	13000
27319	13000
50234	13000
55799	13000
50809	13000
34274	13000
40809	13000
26156	13000
52769	13000
43126	13000
136358	13000
45170	13000
45587	13000
131314	13000
200590	13000
136908	13000
23938	13000
267859	13000
266715	13000
37777	13000
34235	13000
12976	13000
45701	13000
134946	13000
53086	13000
24206	12700
52884	12500
9145	12500
267540	12288
131442	12288
264238	12288
48626	12250
132540	12144
208976	12100
18210	12000
58620	12000
56260	12000
56233	12000
13926	12000
52419	12000
201353	12000
37455	12000
19807	12000
12732	12000
204981	12000
133354	12000
24691	12000
264752	12000
6233	12000
33582	12000
37428	12000
209673	12000
207146	12000
50377	12000
43065	12000
46939	12000
328476	12000
137178	12000
207622	12000
61802	12000
138131	12000
135763	12000
207618	12000
20766	12000
56511	12000
327733	12000
262644	12000
268619	11500
30122	11000
30133	11000
49432	11000
1798	11000
41357	11000
22431	11000
28307	11000
264311	11000
265715	11000
267219	11000
266149	11000
205844	11000
203649	11000
36394	11000
268809	11000
328223	11000
132445	11000
199976	11000
327906	11000
24207	11000
328051	11000
133648	11000
9448	11000
60725	11000
132458	11000
265450	11000
135756	11000
24594	10500
262231	10500
59816	10240
27754	10240
262743	10240
268013	10240
55680	10120
6102	10000
12759	10000
34362	10000
19468	10000
131310	10000
34407	10000
28801	10000
28187	10000
262561	10000
262695	10000
31222	10000
61902	10000
393626	10000
52722	10000
60501	10000
11910	10000
52813	10000
51786	10000
57254	10000
202627	10000
134832	10000
198374	10000
262466	10000
206506	10000
264708	10000
35489	10000
265027	10000
264022	10000
264795	10000
133615	10000
205381	10000
135000	10000
262711	10000
202313	10000
266494	10000
52326	10000
135841	10000
33569	10000
60945	10000
200191	10000
205168	10000
268144	10000
138627	10000
135234	10000
6505	10000
64300	10000
39923	10000
208097	10000
12365	10000
38771	10000
30803	10000
41497	10000
30933	10000
327909	10000
264580	10000
24446	10000
3214	10000
12586	10000
15808	10000
271	10000
8793	10000
23688	10000
327930	10000
133968	10000
328176	10000
3580	10000
45355	10000
134937	10000
328204	10000
328341	10000
268430	10000
60371	10000
266225	10000
11661	10000
49004	10000
20473	10000
29479	10000
58666	10000
132330	10000
135328	10000
17766	10000
136972	10000
137199	10000
45637	10000
137900	10000
264308	10000
54035	10000
54600	10000
21454	10000
267567	10000
267144	10000
262665	10000
262480	10000
267623	10000
61923	10000
269366	10000
269369	10000
267120	10000
265483	10000
33387	10000
328315	10000
265272	10000
267611	10000
52322	10000
263775	10000
265757	10000
21050	10000
31177	10000
267828	10000
16740	10000
35202	10000
269659	10000
139946	10000
37638	9900
268060	9750
137069	9700
52669	9500
21056	9400
33081	9300
139641	9270
136230	9216
134922	9216
213252	9100
49933	9000
135597	9000
135055	9000
201695	9000
43338	9000
29097	9000
206945	9000
134863	9000
31960	9000
36865	9000
135415	9000
131636	9000
26709	9000
7727	9000
138876	9000
135719	9000
135218	9000
6373	9000
138143	9000
138276	9000
27781	9000
39145	9000
37266	9000
264262	9000
197197	9000
50903	9000
59164	9000
135780	9000
45630	9000
136642	9000
267263	9000
270586	9000
63868	9000
38778	9000
58640	9000
263684	9000
61785	8400
201494	8300
42235	8192
27967	8192
393807	8192
38712	8096
5560	8000
2854	8000
198290	8000
263978	8000
266365	8000
265409	8000
23923	8000
202347	8000
133089	8000
267386	8000
135480	8000
138130	8000
137378	8000
139605	8000
63874	8000
137316	8000
139446	8000
30286	8000
43518	8000
23679	8000
38143	8000
139431	8000
45296	8000
131773	8000
138119	8000
136088	8000
137358	8000
132448	8000
34019	8000
23342	8000
3130	8000
44134	8000
46609	8000
14333	8000
39583	8000
52344	8000
38515	8000
133651	8000
135848	8000
136255	8000
24243	8000
139702	8000
52681	7800
53192	7550
37098	7500
62100	7500
42183	7500
262527	7250
44977	7200
263755	7200
53209	7200
204994	7200
205086	7168
138115	7168
27659	7168
134605	7168
9875	7168
56791	7000
262307	7000
47522	7000
209263	7000
139329	7000
43928	7000
24212	7000
138887	7000
139972	7000
135323	7000
28602	7000
396841	7000
138745	7000
269258	7000
60304	7000
47442	7000
207549	7000
49781	7000
58401	7000
30362	7000
8820	7000
18221	7000
36687	7000
45500	7000
47297	7000
38757	7000
17561	7000
61913	7000
134877	7000
263043	7000
265959	7000
207401	6600
28589	6500
266280	6400
24232	6200
132268	6200
264555	6150
7532	6144
58898	6144
135226	6144
37076	6144
27976	6144
13917	6000
47138	6000
35053	6000
16210	6000
29140	6000
1880	6000
53114	6000
53166	6000
61319	6000
263356	6000
264754	6000
131247	6000
134933	6000
138988	6000
398202	6000
38776	6000
56239	6000
201714	6000
139956	6000
52356	6000
139528	6000
209152	6000
138365	6000
138079	6000
16921	6000
55658	6000
132646	6000
199516	6000
263536	6000
15672	6000
204005	6000
57695	6000
394102	6000
266260	6000
136370	6000
327817	6000
2042	6000
135269	6000
206235	6000
139226	6000
61218	6000
133799	6000
18112	6000
139958	6000
28080	6000
262514	6000
262833	6000
26106	5800
12577	5600
37223	5600
51159	5600
6083	5500
48252	5500
48126	5500
24005	5500
47748	5400
34800	5200
53127	5120
197890	5100
34927	5100
6853	5000
49653	5000
25516	5000
57166	5000
267654	5000
31673	5000
268523	5000
270383	5000
265297	5000
52477	5000
63882	5000
196922	5000
50311	5000
208817	5000
328543	5000
137159	5000
263720	5000
135964	5000
263762	5000
37708	5000
209109	5000
41666	5000
207317	5000
327720	5000
139978	5000
14295	5000
18520	5000
139628	5000
8201	5000
29449	5000
47617	5000
41471	5000
35260	5000
26253	5000
55761	5000
11624	5000
19116	5000
37363	5000
263555	5000
327850	5000
22549	5000
134259	5000
328033	5000
327814	5000
263143	5000
52923	5000
59368	5000
42774	5000
60975	5000
35135	5000
138910	5000
266020	5000
205675	5000
62595	5000
58475	4800
27024	4750
393629	4700
200303	4700
53046	4500
139249	4496
131668	4400
61203	4300
54210	4200
267427	4096
132559	4096
52688	4096
29876	4000
36184	4000
23710	4000
24048	4000
21476	4000
12381	4000
29259	4000
18227	4000
55865	4000
40034	4000
39931	4000
63829	4000
35551	4000
51349	4000
48310	4000
47628	4000
263290	4000
263893	4000
133501	4000
264608	4000
60718	4000
24880	4000
45956	4000
39010	4000
266896	4000
52387	4000
206782	4000
134522	4000
6735	4000
60391	4000
52998	4000
58145	4000
266571	4000
268280	4000
267732	4000
39070	4000
36827	4000
267830	4000
269040	4000
21058	4000
267833	4000
328518	4000
53057	4000
269432	4000
49752	4000
51001	4000
133809	4000
207770	4000
136244	4000
207439	4000
45424	4000
131091	4000
139021	4000
22425	4000
269091	4000
206215	4000
205920	4000
269875	4000
139449	4000
268268	4000
23855	4000
213342	4000
41051	4000
134917	4000
62321	4000
135225	4000
35568	4000
138663	4000
36936	4000
268821	4000
24541	4000
12826	4000
41495	4000
28328	4000
197922	4000
131459	4000
59432	4000
54721	4000
48105	4000
262887	4000
136708	4000
57782	4000
4618	4000
30126	4000
56203	4000
133536	4000
38496	4000
52936	4000
328262	4000
209626	4000
63867	4000
57468	4000
137457	4000
134262	4000
18002	4000
137935	3900
197551	3800
209530	3800
267126	3750
209291	3700
17400	3600
42587	3600
43853	3600
35579	3500
17895	3500
263548	3500
262416	3500
209022	3500
42310	3400
17890	3300
210025	3300
45220	3200
24129	3200
9189	3200
6066	3100
37186	3100
133994	3072
9115	3017
28262	3000
24892	3000
137937	3000
21659	3000
266545	3000
38150	3000
207654	3000
213377	3000
54728	3000
6775	3000
42473	3000
3595	3000
27413	3000
59414	3000
24492	3000
50677	3000
262713	3000
61092	3000
135876	3000
134204	3000
52373	3000
205614	3000
205964	3000
204671	3000
33932	3000
42181	3000
204982	3000
34553	3000
208848	3000
204326	3000
209100	3000
11017	3000
137995	3000
207335	3000
132708	3000
398335	3000
269535	3000
268091	3000
140407	3000
138866	3000
138117	3000
48428	3000
46032	3000
135746	3000
138279	3000
62997	3000
11805	3000
135298	3000
213126	3000
138837	3000
139952	3000
264242	3000
269762	3000
55947	3000
18052	2900
197038	2800
53185	2500
207866	2500
21158	2400
15401	2400
262911	2400
13049	2200
55420	2200
266475	2200
204909	2200
5377	2200
134331	2048
133989	2048
55806	2048
136842	2048
136722	2048
30889	2000
23310	2000
11271	2000
34746	2000
33472	2000
15436	2000
25752	2000
30141	2000
41037	2000
20507	2000
41399	2000
1982	2000
8481	2000
25504	2000
29430	2000
14970	2000
34764	2000
13105	2000
34144	2000
21840	2000
44212	2000
28929	2000
23677	2000
20081	2000
9290	2000
15716	2000
31555	2000
20483	2000
33211	2000
42937	2000
45425	2000
24238	2000
49867	2000
3661	2000
4641	2000
14166	2000
47302	2000
17501	2000
196967	2000
28182	2000
36275	2000
46373	2000
197439	2000
2597	2000
196763	2000
32586	2000
12431	2000
45444	2000
48913	2000
13591	2000
10015	2000
57821	2000
18149	2000
38190	2000
35399	2000
61044	2000
24006	2000
47762	2000
31319	2000
18612	2000
36315	2000
173	2000
27983	2000
133444	2000
12822	2000
11008	2000
59752	2000
8310	2000
132645	2000
8922	2000
56109	2000
24347	2000
59919	2000
17970	2000
263928	2000
37120	2000
56204	2000
50623	2000
133072	2000
25491	2000
48847	2000
11947	2000
35001	2000
49640	2000
24634	2000
21201	2000
205610	2000
262266	2000
131996	2000
38217	2000
57089	2000
37190	2000
62230	2000
267673	2000
202806	2000
17689	2000
264650	2000
34527	2000
12556	2000
37698	2000
52545	2000
7562	2000
266133	2000
58731	2000
20932	2000
24953	2000
7469	2000
17824	2000
41393	2000
15177	2000
37159	2000
47692	2000
197669	2000
20406	2000
27693	2000
23201	2000
202194	2000
132679	2000
133043	2000
29170	2000
17416	2000
25435	2000
327761	2000
37302	2000
136451	2000
133311	2000
204708	2000
136175	2000
205718	2000
137273	2000
57581	2000
135190	2000
137016	2000
17806	2000
138536	2000
202328	2000
327796	2000
4842	2000
24124	2000
138056	2000
45926	2000
18117	2000
269478	2000
267584	2000
398570	2000
47875	2000
136835	2000
63494	2000
37491	2000
29030	2000
138317	2000
61678	2000
201376	2000
27876	2000
138860	2000
61762	2000
133334	2000
138769	2000
139533	2000
138762	2000
133000	2000
29000	2000
213031	2000
37067	2000
38031	2000
47253	2000
48966	2000
15975	2000
51737	2000
29310	2000
197350	2000
42013	2000
51440	2000
42314	2000
12754	2000
269872	2000
11139	2000
14694	2000
268707	2000
12161	2000
45722	2000
33080	2000
52920	1950
35090	1900
39615	1900
31680	1900
25433	1900
42492	1900
12854	1900
52186	1900
199547	1900
203040	1900
266687	1900
265890	1900
266355	1900
31653	1800
17747	1800
328107	1800
204662	1800
204188	1800
37472	1800
9341	1800
264602	1800
16347	1700
268539	1700
38887	1600
6734	1600
52051	1600
204185	1600
267801	1600
27806	1600
138632	1600
10678	1500
36388	1500
9327	1500
19089	1500
34578	1500
133318	1500
46045	1500
264382	1500
53061	1500
24220	1500
269987	1500
4558	1448
29590	1400
24632	1400
52828	1400
137936	1400
32398	1400
5764	1300
45054	1300
28303	1300
43573	1300
29471	1200
39180	1200
264756	1200
327822	1200
267520	1200
267083	1120
48344	1100
44207	1100
209555	1100
134563	1100
23893	1024
18230	1024
52573	1024
24508	1024
29006	1000
262716	1000
265702	1000
201146	1000
28215	1000
208063	1000
207491	1000
36198	1000
28211	1000
265356	1000
328441	1000
24050	1000
33071	1000
34505	1000
31402	1000
28198	1000
26753	1000
17469	1000
199230	1000
327908	1000
45951	1000
262568	1000
53094	1000
132372	1000
41651	1000
41139	1000
48507	1000
134265	1000
39650	1000
328255	1000
37395	1000
328043	1000
136982	1000
203976	1000
32030	1000
204633	1000
328229	1000
206262	1000
51972	1000
209385	1000
31649	1000
61748	1000
61652	1000
265497	1000
268647	1000
132669	1000
328582	1000
12186	1000
132198	1000
138886	1000
60592	1000
203287	1000
271053	1000
264513	1000
131645	1000
23013	1000
55695	1000
264787	1000
264656	1000
134875	1000
140144	1000
212799	1000
50869	1000
24457	1000
24470	1000
136054	1000
140476	1000
202959	1000
208590	1000
213033	1000
37192	900
59340	900
61903	900
18719	900
48821	900
8338	900
21246	900
31055	800
205927	800
47902	800
39196	800
9892	800
53216	800
263486	800
203968	800
62166	750
328522	700
207454	700
328585	700
213253	700
24381	700
30528	700
44024	600
268713	600
207394	600
209645	600
5111	600
327775	600
133309	600
134232	600
36889	600
132642	550
132531	540
13287	500
37286	500
36369	500
140219	500
51778	500
55784	500
35821	500
56662	500
132022	500
58578	500
132882	500
132376	500
9601	500
2499	400
327981	400
140244	400
213386	400
10557	400
135206	400
27744	400
24776	400
265464	400
205523	400
203615	300
204438	300
16242	300
131477	300
206610	300
57757	300
266551	300
58818	300
47251	300
213105	300
269923	300
140840	250
16503	225
15434	200
50088	200
393853	200
37224	200
213330	200
9229	200
56911	200
8661	200
202479	200
35145	200
327781	200
269023	200
139741	200
63886	200
133832	200
269534	200
61417	160
15469	150
37044	150
36997	150
20291	150
140731	130
39271	110
37209	105
43660	100
202301	100
209833	100
33983	100
38592	100
138023	100
135395	100
213262	100
213092	100
132003	80
269163	80
55822	70
213284	60
54049	40
269104	40
21693	40
37062	30
137653	26
263855	24
37133	20
40592	20
52423	17
13273	5
270320	4
13594	4
264902	4
6762	0
32787	0
2519	0
31133	0
26193	0
8015	0
17222	0
60497	0
21339	0
8470	0
51324	0
21083	0
327692	0
4755	0
6895	0
327976	0
56196	0
15932	0
57724	0
200125	0
41841	0
56575	0
198529	0
44124	0
196883	0
37424	0
6300	0
198035	0
197318	0
38942	0
42935	0
20530	0
198187	0
48694	0
43171	0
50095	0
200602	0
35199	0
200750	0
197181	0
3169	0
199510	0
44784	0
197345	0
22541	0
200089	0
52031	0
55714	0
43495	0
198007	0
48629	0
41833	0
62328	0
197697	0
199774	0
203937	0
203742	0
35787	0
206910	0
51863	0
197809	0
41379	0
42374	0
197099	0
42852	0
60755	0
29070	0
61154	0
202936	0
197295	0
198709	0
198424	0
198906	0
199265	0
197572	0
203505	0
203306	0
59611	0
198214	0
206489	0
10355	0
263097	0
57890	0
203765	0
199005	0
51101	0
62201	0
197375	0
199381	0
60219	0
196979	0
395478	0
56983	0
57665	0
3352	0
198766	0
201531	0
197437	0
201001	0
51960	0
199341	0
51068	0
265692	0
262690	0
206762	0
37087	0
52414	0
3582	0
201332	0
264857	0
57945	0
197766	0
203157	0
33494	0
135895	0
49633	0
264853	0
10803	0
133859	0
206736	0
205073	0
21030	0
52664	0
62184	0
3249	0
206406	0
263699	0
264013	0
199473	0
132556	0
36707	0
205384	0
57332	0
198493	0
56324	0
57701	0
202626	0
57101	0
203582	0
136857	0
197837	0
136336	0
41044	0
50916	0
198081	0
37345	0
19091	0
28468	0
41297	0
203667	0
138222	0
31230	0
327753	0
60265	0
209854	0
24064	0
202434	0
328111	0
268801	0
396300	0
47237	0
206460	0
137597	0
136994	0
328401	0
52473	0
27017	0
10361	0
131954	0
49941	0
12833	0
60119	0
52544	0
199138	0
58158	0
32082	0
37550	0
27993	0
395326	0
209451	0
207306	0
43824	0
207834	0
269826	0
328055	0
51185	0
265777	0
205897	0
207071	0
18997	0
56523	0
59598	0
204479	0
24257	0
38207	0
206479	0
135031	0
2486	0
33333	0
47950	0
17048	0
210283	0
50321	0
51262	0
63830	0
26930	0
43653	0
197071	0
33108	0
196959	0
265098	0
37148	0
264568	0
207852	0
39533	0
51407	0
60357	0
24961	0
